0.9985422740524781
0.8753827664548418
0.8207510646535038
0.6621661381542385
0.902158513209434
0.5534031733181702
0.9814814814814815
0.7688164405615929
0.7615272373540856
0.727658794744387
0.7813589833863651
0.7200865657235928
0.844078217060883
0.5837388136339186
0.7711943069306932
0.9985422740524781
0.8516651434966899
0.7563064507508952
0.586391586815288
0.6005477308294209
0.8147563852894915
0.48987344835095686
0.6106416405302076
0.8958497124177598
0.9000738453276047
0.610733695652174
0.6272148800783162
0.9993141289437586
0.6961633663366337
0.7675438596491228
0.7882309078481328
0.4963385992511024
0.5009920634920636
0.9455976122642791
0.5946666666666668
0.6732075471698112
0.7425742574257427
0.8189993815087843
0.5935202688510816
0.6496738115641132
0.6497540920617844
0.857124485596708
0.7053660625089195
0.7613856163179182
0.7525951557093424
0.6226379440665155
0.9054545454545455
0.8644018703190302
0.7937223245424977
0.7753080948403702
0.9976851851851852
0.9520231834281422
0.3875
0.7052154195011338
0.8464900727667841
0.8059833143445183
0.6201503489406879
0.7217890405024909
0.7779374775422208
0.5931718481785236
0.6985706278026904
0.7846342261547983
0.7900753662460833
0.682512081201852
0.7863247863247864
0.8576717453328705
0.5773420479302832
0.7302582958559635
0.5688195082134475
0.6746335403726706
0.7601351351351352
0.6561110585564279
0.8101851851851851
0.8479570840681953
0.6997806171801405
0.7488193624557261
0.7396609437425762
0.7707031250000002
0.7237655868685854
0.7075471698113208
0.6490384615384616
0.7184282365334016
0.7622047244094489
0.7647286821705428
0.5649167561761546
0.5868511962694788
0.6392045454545455
0.9996243425995492
0.8221098542944785
0.822538860103627
0.6141493055555556
0.8047719087635054
0.7178254437869823
0.6457115009746588
0.8629377676996723
0.7459438677431757
0.7329110378557733
0.7323023271624934
0.6995884773662552
0.565381708238851
0.920940170940171
0.8880733944954128
0.766627697452346
0.9139118457300276
0.8412698412698414
0.9103114930182599
0.46759259259259267
0.6768299817795831
0.7133293214984201
0.637196531387025
0.8482623236876545
0.9585301062573791
0.7198322582937968
0.8243727598566307
0.5975308641975308
0.7334965610047847
0.7120253164556962
0.7429516185172295
0.5472697306206263
0.6906906906906907
0.8664025681305922
0.5878620102214651
0.6689752082706013
0.6853980417198807
0.8965869939707148
0.9990234375
0.9998518518518519
0.9764705882352942
0.7351606805293006
0.6514820213799806
0.6786098589501237
0.8840236686390531
0.7861781076066792
0.6125659329076731
0.8047330133719702
0.7452807646356033
0.6019827963259949
0.9041027559546079
0.5260869565217392
0.7017173423423423
0.6248486149645482
0.8151159690749132
0.47461472602739724
0.8761712232062635
0.9996243425995492
0.75
0.8068462171052632
0.5250141723356009
0.5434106460499423
0.5888651877133104
0.7182877321766211
0.5241015962884328
0.7856406240307673
0.582571614881252
0.9993141289437586
0.6695309702828499
0.6670494784189874
0.8932028642271125
0.7496975281066192
0.6792413935271077
0.46980996924114105
0.7781250000000001
0.7760275067967375
0.9268152573529411
0.7276119402985075
0.5300453514739228
0.996
0.8141890636035836
0.8976964769647696
0.6680988184747584
0.7070347518852501
0.7673422310100511
0.681864077669903
0.657304852320675
0.46316088192349764
0.8597752273539573
0.5444684447783622
0.8141321044546852
