0.5434782608695652
0.837097505668934
0.4259541984732824
0.423728813559322
0.8005067261868855
0.3406025179856115
0.7653061224489797
0.6785526661413186
0.49542266937153107
0.6036745406824148
0.6470575342465753
0.743781887755102
0.5949451597520269
0.50099043715847
0.6507219587053572
0.9985422740524781
0.571821931101407
0.4119699409554482
0.5543733704357586
0.9375
0.6221471713771959
0.4508928571428571
0.6533901173285198
0.6095107453132146
0.910530879018274
0.4950520301979187
0.43532241794056026
0.9993141289437586
0.7196184497134094
0.6158536585365854
0.7001122334455668
0.4962243797195253
0.2818080357142857
0.855940934065934
0.5833333333333334
0.7924203273040482
0.7500000000000001
0.2268026004728132
0.6689752082706012
0.3864491095413392
0.3311512204245769
0.5616579547964367
0.6149469386573235
0.9705932784636488
0.7432208994708995
0.37733529990167164
0.9997724169321802
0.6914728682170544
0.5522412793106306
0.0
0.9976851851851852
0.548402479732952
0.15957446808510636
0.7861781076066792
0.6463286042944785
0.7993783237210697
0.6598852373500261
0.8468730023439165
0.6281690140845071
0.9163223140495868
0.6390100797352187
0.672514619883041
0.578807465234058
0.5011235955056179
0.5964109781843773
0.6635012082277363
0.39473684210526316
0.7585723602007937
0.37921028675466545
0.457855575909718
0.5220548682087143
0.5071463342617052
0.5690348183217467
0.5769230769230769
0.5182122564935066
0.6803448275862068
0.707936507936508
0.7622047244094489
0.6544685990338165
0.6388888888888888
0.6190494873404478
0.4844353215173882
0.6
0.8922558922558923
0.46245421245421237
0.6334704049844235
0.6392045454545455
0.9149940968122785
0.8250907725053211
0.8661165823795582
0.535343275312803
0.6304183294344295
0.7227106227106228
0.788399083006973
0.45925925925925926
0.8116883116883118
0.6262655816699156
0.5415526455291774
0.5659176847004072
0.6352161849517168
0.6944444444444444
0.7770248622324748
0.5343168833363255
0.8972972972972975
0.9985422740524781
0.7415509259259259
0.3254877014418999
0.5606858002092049
0.41865618788695713
0.7902298850574712
0.49975895870159076
0.9996243425995492
0.592649941608275
0.907258064516129
0.7270233196159123
0.7077991452991454
0.755560651226783
0.6637642946929515
0.5065920173379086
0.6816901408450705
0.6420010259538598
0.5835588813851771
0.75825241037891
0.6113817514142282
0.7647286821705428
0.864795918367347
0.9998518518518519
0.8861997310842195
0.7609052237577355
0.6016332152695789
0.5796528613163774
0.7729447711287906
0.7936507936507935
0.6703349607551886
0.7000000000000001
0.783615853290704
0.5726430413602063
0.8301839254220206
0.6724489795918367
0.9444568535477627
0.49323682961556714
0.4826038159371493
0.4027245636441039
0.6163071961298127
0.8103975535168196
0.5245403946702648
0.6389634801288936
0.5809260648166423
0.36507936507936506
0.5960431654676259
0.5646654010441385
0.5951953185154767
0.7250878998370636
0.6699971127420753
0.9835843169176502
0.35002055921052627
0.25500026955631033
0.7444678016540365
0.7500270229667736
0.5269186712485682
0.4092379482793879
0.5876795162509448
0.6388429752066117
0.8828986429177269
0.679332482262539
0.7894438781288935
0.3
0.8118424109661787
0.7009345794392523
0.7036661026508743
0.4625720081135903
0.5410714285714285
0.6320846340617412
0.519664797008547
0.6760728982951206
0.5336896663427275
0.610679535467671
0.5053719008264463
