0.5434782608695652
0.837097505668934
0.42880073377665673
0.43809523809523804
0.8005067261868855
0.39715302491103205
0.7653061224489797
0.6254141205919163
0.593199394494846
0.6036745406824148
0.7022903936484183
0.707936507936508
0.6951938302738842
0.4537335573619121
0.5938914027149322
0.9985422740524781
0.4832973475272285
0.36116504854368936
0.5543733704357586
0.9375
0.6240497621153523
0.4508928571428571
0.7142803255649535
0.826140873015873
0.910530879018274
0.4950520301979187
0.540264423076923
0.9993141289437586
0.674030947474826
0.6158536585365854
0.7001122334455668
0.49622172372076634
0.2818080357142857
0.855940934065934
0.5833333333333334
0.7713147410358565
0.7500000000000001
0.6988249845392702
0.6198347107438016
0.4027061983882201
0.3311512204245769
0.5616579547964367
0.6011931211178655
0.9705932784636488
0.9146952362484648
0.38413413413413416
0.9997724169321802
0.6914728682170544
0.6068027210884355
0.6697913988046537
0.9976851851851852
0.548402479732952
0.15957446808510636
0.7861781076066792
0.6233228012465374
0.7993783237210697
0.6469651306618499
0.7666340218423552
0.6281690140845071
0.7433333333333335
0.6390100797352187
0.7452807646356033
0.561854371378181
0.5260869565217391
0.5964109781843773
0.6082708779443255
0.39473684210526316
0.7585723602007937
0.37921028675466545
0.5378035988057775
0.5481503422854133
0.6160378039846884
0.5707856946858136
0.5769230769230769
0.5199002442996743
0.6803448275862068
0.707936507936508
0.7622047244094489
0.7059545733578882
0.6388888888888888
0.6338415343299993
0.48821259497951225
0.6
0.8922558922558923
0.4815533980582524
0.5899532710280374
0.6392045454545455
0.9149940968122785
0.9004713804713805
0.8526306450181882
0.4963294704279976
0.6677445988716113
0.7227106227106228
0.7918120660502932
0.3896604938271605
0.6668076940511627
0.6303370455808068
0.5701209932884523
0.5644400928343487
0.678351544733485
0.6944444444444444
0.7770248622324748
0.6084929971988795
0.9139118457300276
0.9985422740524781
0.7373522458628842
0.3254877014418999
0.5606858002092049
0.5100088127911367
0.7902298850574712
0.5226562499999999
0.9996243425995492
0.5744307634666803
0.9976851851851852
0.5506172839506173
0.7077991452991454
0.755560651226783
0.6637642946929515
0.5065920173379086
0.6816901408450705
0.693823346947216
0.5676379127145824
0.8179012345679012
0.6362700459557847
0.7647286821705428
0.864795918367347
0.9998518518518519
0.9896039603960397
0.7609052237577355
0.5738110555748009
0.6233609467455621
0.8458477730714927
0.7654719235364398
0.6703349607551886
0.7605792780673545
0.783615853290704
0.5521475332841299
0.9041027559546079
0.6792413935271078
0.9444568535477627
0.49323682961556714
0.8872344785192268
0.40411807424494856
0.6163071961298127
0.9137614678899082
0.5333561996227062
0.6680988184747583
0.5797260429352629
0.5070182342909617
0.5960431654676259
0.6226835832372164
0.5951953185154767
0.6978192419825072
0.6202490223569891
0.9835843169176502
0.35002055921052627
0.3005552859992452
0.7451432162119704
0.7500270229667736
0.5269186712485682
0.41061585382915017
0.5876795162509448
0.6388429752066117
0.8828986429177269
0.6959846800859592
0.6906906906906908
0.7500000000000001
0.8118424109661787
0.7009345794392523
0.6287834407342316
0.5105674975152495
0.5504160033640706
0.6310013717421126
0.5215419501133786
0.6760728982951206
0.902158513209434
0.610679535467671
0.6222488995598239
