0.9896039603960397
0.8468681195953923
0.900298446594743
0.6194033735943356
0.8613109512390087
0.6769683590875644
0.9282178217821783
0.7093444018731375
0.7062107616124237
0.7994186046511629
0.8537733511718943
0.8950617283950617
0.737159451997708
0.4972050359115564
0.7571186649769535
0.9985422740524781
0.7646185089456548
0.7063000052985746
0.6047237125342833
0.9990234375
0.7147435897435896
0.481308814642148
0.7686247053606852
0.7812499999999999
0.8883845746090645
0.610733695652174
0.604014683875795
0.9993141289437586
0.7085798697805857
0.48450292397660816
0.7882309078481328
0.4317623408532499
0.6757575757575758
0.9455976122642791
0.5920353982300885
0.7945331180461808
0.761888431641518
0.8675523349436391
0.7513399578440231
0.6388967624086671
0.6039672178706121
0.857124485596708
0.7206682206682206
0.7403818751781134
0.7903073286052009
0.5852864583333333
0.9997724169321802
0.8043763154759541
0.6546059262245516
0.917235294117647
0.9976851851851852
0.881587837837838
0.550896808758444
0.8466372282608694
0.6635630334981037
0.8059833143445183
0.6939636196269913
0.7459352041430808
0.5794644409667885
0.5931718481785236
0.7036715338748298
0.7776585494749121
0.7089430061138078
0.589849108367627
0.6796201863900124
0.7425725244284801
0.5830583058305829
0.7875435114958375
0.5832810211341285
0.5934061488673139
0.6356052036199094
0.5830065359477125
0.608128
0.8190294373327424
0.7254381058911261
0.826140873015873
0.7642105263157895
0.7707031250000002
0.6974657995066157
0.7395186335403726
0.6255867757510729
0.6903429077078661
0.7333333333333333
0.7647286821705428
0.7718169934640522
0.6288894890029104
0.6392045454545455
0.7292320569156728
0.5539100941097789
0.7628094415659182
0.6141493055555556
0.5580357142857143
0.6987577639751552
0.8344827586206895
0.9990234375
0.7343550446998722
0.5557031352485898
0.5571068493150685
0.44655901785908986
0.649679793792517
0.9814814814814815
0.7894438781288935
0.7578020524449096
0.9130060292850991
0.9985422740524781
0.9103114930182599
0.515814289647577
0.9564593301435406
0.48474300962988753
0.7412766101465462
0.8468681195953923
0.9585301062573791
0.754293388038244
0.9653916211293262
0.46296296296296297
0.9620267181308382
0.8918539325842695
0.7050121823877481
0.49156816390858943
0.4383680555555556
0.8423085147867214
0.5927305374527504
0.6319288961259244
0.6610632183908047
0.9280792420327304
0.9990234375
0.9998779296875
0.9375
0.7496461206280877
0.7335807050092765
0.7373522458628842
0.8840236686390531
0.5250665639013452
0.6679259813572991
0.8008170376378001
0.7760453380774955
0.6224366943022426
0.8301839254220206
0.5917857142857144
0.8186057447392139
0.47484340270761777
0.8043763154759541
0.36222016322252165
0.8254716981132074
0.9996243425995492
0.75
0.8068462171052632
0.5950334539102948
0.6423442392830147
0.6371428571428571
0.6299047085201792
0.753786610100108
0.7422898263783126
0.4917111010267173
0.9993141289437586
0.6468350051885161
0.6366697416974171
0.8803971631205674
0.762065902833289
0.7944915254237288
0.5576170954669682
0.6955380577427821
0.7708192684960883
0.9560187229532808
0.7916325012147716
0.3984942886812045
0.7500000000000001
0.7920643153526971
0.8976964769647696
0.6453804347826086
0.6851132021946318
0.7065976843225977
0.7146028982448736
0.7045041346548588
0.6302982137450802
0.8504464285714286
0.7144165358451072
0.8557668093679174
