0.843114241001565
0.8468681195953923
0.6558823529411766
0.5990715616724968
0.7777449822904368
0.66882616612971
0.7500000000000001
0.8054317716488016
0.7527403846153846
0.7533073929961089
0.7605363574001028
0.9535124536384468
0.8312223076120268
0.4803008329614755
0.7188118811881188
0.9985422740524781
0.6861538461538461
0.5579815623483746
0.5141210374639769
0.9375
0.9022369203329369
0.4549776900007314
0.38725336790653314
0.9914604139528151
0.9000738453276047
0.5594611116335935
0.5361402671755725
0.9993141289437586
0.7363038022633646
0.48450292397660816
0.7882309078481328
0.43838955728552337
0.5852417302798982
0.9455976122642791
0.564172335600907
0.6706184889414704
0.6625884433962265
0.8818342151675485
0.7457509538674991
0.6245756958587916
0.6335078534031413
0.8871070383097874
0.5982259570494864
0.902158513209434
0.7654719235364396
0.38070436507936506
0.9054545454545455
0.8043763154759541
0.6546059262245516
0.8217488509192644
0.9976851851851852
0.9349145063430778
0.5681818181818182
0.8466372282608694
0.8147764314058957
0.7671669407894737
0.6964958639705882
0.7168965349188556
0.5476190476190477
0.5876795162509448
0.7231040564373898
0.6965339150119558
0.7045028620254122
0.5901645465634412
0.7947059528087197
0.702221080599459
0.4543245869776481
0.7597475952983493
0.6501951693456287
0.6083327899850035
0.7057737365587227
0.5444773156840063
0.6734596746278989
0.5734548851957758
0.67921742340347
0.720601851851852
0.7781765545685279
0.8002649675099361
0.7555606512267827
0.6317148760330579
0.6575520833333334
0.7082504970178927
0.5530265748031497
0.8186789287267755
0.5972719869706841
0.5127275570625325
0.6392045454545455
0.9530428249436514
0.859171597633136
0.7658648339060709
0.8394224733207784
0.7075811589805825
0.7075471698113208
0.8877400722021661
0.9990234375
0.7001122334455668
0.6871224925954253
0.660069373597225
0.5688961988304093
0.3790276416130963
0.6181795634920636
0.7737107623318386
0.7935191084430121
0.9130060292850991
0.9985422740524781
0.9467186484730344
0.5142857142857142
0.9564593301435406
0.49642356407880045
0.7130889392794155
0.8053388665633564
0.9585301062573791
0.6543132530120481
0.6098360655737705
0.46296296296296297
0.9620267181308382
0.8918539325842695
0.661764705882353
0.49811187916026617
0.4383680555555556
0.8109883347602739
0.6537003146369622
0.7102805826110268
0.8299570635330578
0.9280792420327304
0.9990234375
0.9998518518518519
0.9764705882352942
0.6629356119943912
0.6161062202337999
0.7053291536050156
0.8840236686390531
0.7861781076066792
0.6579645171678139
0.7485243232240993
0.7932662948336929
0.5634624612834273
0.9041027559546079
0.6198830409356726
0.7886904761904763
0.48875545888688066
0.7869918699186992
0.6301116838487972
0.7269118418096023
0.9996243425995492
0.7944915254237288
0.6907894736842105
0.5845328635471719
0.5842717717717718
0.6238730798287585
0.775219664108553
0.753786610100108
0.7514253340767252
0.5269724044706736
0.9993141289437586
0.6405844155844156
0.4728813559322034
0.8861209964412811
0.7135758372812459
0.7354648095388837
0.44576382998774866
0.6955380577427821
0.5783794999481273
0.9632068336521776
0.743529674252566
0.2314814814814815
0.996
0.7920643153526971
0.9519047619047619
0.6556918869933079
0.6234015345268542
0.591078246580639
0.6735661062584141
0.5166087711680417
0.5732449439366082
0.8597752273539573
0.6861538461538462
0.7874062260027173
