0.8294209702660407
0.8980076045627375
0.7812500000000001
0.4881482154209427
0.902158513209434
0.6580664503386005
0.8067053982086663
0.7984883943070017
0.5823542522367625
0.7299973672365325
0.670453781512605
0.6462346089000154
0.6075313807531381
0.5868421052631579
0.6818871359223302
0.9985422740524781
0.6350977891156462
0.5628976994615762
0.646551724137931
0.9375
0.8000612780299113
0.3147495430979821
0.6636947657752749
0.9035047792444243
0.7115862217903033
0.574927755607541
0.5300707547169811
0.7978723404255319
0.6268581506676744
0.738606872210111
0.7657150012521914
0.500245143102286
0.7599577456036786
0.6691919191919192
0.551470588235294
0.7613644416099773
0.5215992647058825
0.5834601725012684
0.7675351901766997
0.48563243554299007
0.6678712929887963
0.8917034478347087
0.5059562599379609
0.6996453900709221
0.7654719235364396
0.6384943181818182
0.9997724169321802
0.6182835820895524
0.7606097417610407
0.5753256076299866
0.9976851851851852
0.9520231834281422
0.37735849056603776
0.6936813186813185
0.7258458939131207
0.9225797286739115
0.5774791805037551
0.8388075451787363
0.5962605117194489
0.41682242990654206
0.6418005167646302
0.6190953402589582
0.5723672390339057
0.6696428571428572
0.794781454248366
0.5779598606124507
0.47821969696969696
0.4777612643636495
0.4215740740740741
0.67885
0.6536399943946187
0.49154621518093755
0.48859934853420195
0.7098765432098765
0.6693667560615182
0.6281690140845071
0.6191263487643578
0.8745874587458746
0.6315021876519203
0.6635108274924155
0.7093444018731375
0.6769277269503957
0.5822981366459627
0.8301839254220206
0.5495818399044207
0.5701149425287357
0.5742821473158551
0.8799620647608725
0.8660130718954249
0.82061767578125
0.7915410482374768
0.7120253164556962
0.8085272325490707
0.6842936663156309
0.47692307692307695
0.8290072227238003
0.5903324046760624
0.6790485609400406
0.44439324861771273
0.6332144027378309
0.8922558922558923
0.8559977578475336
0.5968927053824363
0.7349537037037036
0.8412698412698414
0.9452253780360171
0.3526410564225691
0.7023830721747388
0.5436165577342048
0.7585982600211398
0.5718767250548651
0.9585301062573791
0.6865671641791045
0.6098360655737705
0.46296296296296297
0.777673724643662
0.9799382716049383
0.6723618090452261
0.5160550458715595
0.6906906906906907
0.6570123965211115
0.5332182903482799
0.6282818903688525
0.9066363636363637
0.8965869939707148
0.9990234375
0.9998518518518519
0.9764705882352942
0.673207378189371
0.6763529725406559
0.7156848484848485
0.905704941860465
0.7909876543209877
0.6030992798033395
0.7553246498524522
0.7025567825835871
0.38881394884092724
0.9041027559546079
0.5921052631578948
0.7710648148148149
0.4506017352364959
0.7252032520325203
0.5195186941218688
0.8761712232062635
0.9137614678899082
0.6530472271213013
0.5950819672131148
0.505846088435374
0.5780228758169933
0.5820643797257932
0.8103975535168196
0.6009615384615385
0.7808935507737838
0.49251850841756567
0.9624319660161953
0.9087791495198903
0.8071832473746349
0.8114132110632934
0.5074350845410629
0.6790983606557376
0.42794612794612796
0.6955380577427821
0.7708192684960883
0.9560187229532808
0.7520350246010038
0.5503634475597092
0.7500000000000001
0.6733273237179487
0.7740169238427077
0.5835524264189499
0.6087010309278351
0.7433333333333334
0.622249651175271
0.6463768115942029
0.46745152354570646
0.7611991392801252
0.6371622033794913
0.7383720930232558
