0.9041027559546079
0.889963164147433
0.5947639661925376
0.5640740338688667
0.8504464285714286
0.6376262626262627
0.7836566725455615
0.7124151568596013
0.5025962610885831
0.7350864012021038
0.5379971590909092
0.8005083612040133
0.7219288848076727
0.596816976127321
0.8070949064737885
0.8412698412698414
0.6452209015474321
0.5792207792207793
0.5758998435054773
0.6371428571428571
0.8654317776456599
0.4338487972508591
0.7189485071797764
0.9275158339197749
0.6612658384708324
0.7523211573689895
0.5976428356521108
0.9993141289437586
0.7093092524934357
0.7050121823877481
0.8843340234644582
0.476369840249928
0.6757575757575758
0.6691919191919192
0.6607929515418502
0.9199680118110236
0.6346938775510204
0.6536775914634146
0.6438337950138504
0.47995359891811795
0.7541380297823597
0.6442994174587183
0.6255867757510729
0.843114241001565
0.7018716577540107
0.650318287037037
0.9500475389453668
0.7065693430656934
0.5666741121286576
0.6016901521538401
0.9976851851851852
0.736128816851818
0.5066964285714287
0.6691919191919192
0.5649347025337651
0.7444228012789885
0.5437352245862883
0.6449633573008849
0.6280976840587548
0.41296296296296303
0.7455738824150077
0.6585278626698744
0.7025638297582121
0.5395723036668418
0.8333333333333334
0.6534546714756959
0.5361402671755726
0.8209458132067138
0.5797447579854987
0.6185069561387601
0.582287961055982
0.520408163265306
0.6218470948012231
0.5066913675828126
0.44459435933147623
0.6964028776978417
0.5298543028322439
0.6775541946145621
0.6188637617209046
0.6859756097560975
0.6307824821420615
0.5903613098645968
0.6182835820895524
0.8761712232062635
0.549196337090164
0.5619064577397911
0.9995
0.9705258538725956
0.8152173913043478
0.7717661909604124
0.7915410482374768
0.7997630331753554
0.7585574114298556
0.639305783991228
0.7933673469387754
0.8152173913043478
0.6791264705649971
0.7325582172106508
0.5589605734767026
0.6624639352866348
0.8370535714285713
0.7145928899082569
0.6198254364089776
0.8946280991735537
0.9985422740524781
0.7748538011695907
0.4241836734693878
0.7548191466320123
0.6035463828740159
0.7559529463918179
0.6972986321372587
0.9585301062573791
0.7758301489973044
0.9498207885304659
0.5975308641975308
0.777673724643662
0.755560651226783
0.6887589343729695
0.5654100649547744
0.49010989010989015
0.7318127769970815
0.6335774894555911
0.7544960474308302
0.6137332196888983
0.5012969777402425
0.9990234375
0.9286399123407754
0.9323204419889503
0.789413611161699
0.612109115103127
0.5996408910169422
0.8918539325842695
0.6066831282383419
0.6726998491704375
0.6690566229283522
0.7156711758584807
0.5269186712485682
0.8301839254220206
0.6609195402298851
0.8081896551724137
0.6648635508982386
0.7854626744343585
0.4371777188328913
0.7862714051137697
0.9998177842565598
0.5245403946702648
0.5070182342909617
0.501536308440226
0.6044845842416693
0.6925117322995306
0.8730088495575221
0.524367088607595
0.8551217884551219
0.581639500297442
0.9993141289437586
0.859424515147674
0.758568454704286
0.8567234851826107
0.7737354438980417
0.6792413935271077
0.6389535680043829
0.39118246687054015
0.7083426401608219
0.8696219715956557
0.7854114335595817
0.905045871559633
0.996
0.857518051380582
0.7382997630331755
0.7069067922447074
0.5600532527345997
0.670735144886684
0.7609530647493573
0.6202804746494068
0.6025907217453284
0.7632653061224489
0.4991178382393909
0.7525664251207731
