0.9985422740524781
0.7969377510040162
0.6300380228136883
0.6688904494382022
0.9268808114961962
0.4713860544217687
0.7500000000000001
0.8417391304347825
0.6861538461538462
0.7351162995207317
0.7778228228228229
0.8950617283950617
0.7890646002080486
0.6296579710144927
0.7571186649769535
0.9985422740524781
0.670261703063975
0.6044703595724004
0.7685131195335279
0.9375
0.8432033527696793
0.33719370100981566
0.6541332082918156
0.7812499999999999
0.8372974436322851
0.574927755607541
0.6454282896590589
0.9996243425995492
0.6763653942122266
0.6472471723220226
0.7657150012521914
0.42170883755042177
0.920940170940171
0.855940934065934
0.6000962000962002
0.8056640624999999
0.6563960280373832
0.7938023079414321
0.6241960380756368
0.6210015975699742
0.6969985996799268
0.8219581265113911
0.6136363636363636
0.7068138473097151
0.7764705882352941
0.9137614678899082
0.9054545454545455
0.6970646907950984
0.7937223245424977
0.8319650076580245
0.9976851851851852
0.7681159420289856
0.3875
0.755560651226783
0.9082008450131422
0.5989152892561984
0.7109004739336492
0.7236917627379916
0.8613109512390087
0.6384943181818182
0.6497828167562393
0.6890038186334483
0.6524722459913634
0.7523496365717938
0.6893988941078543
0.6939671383742596
0.4505050505050505
0.7665478991596639
0.4180899908172635
0.5610909822866343
0.5661434977578474
0.6292284349815939
0.5977907732293697
0.7812654473554127
0.6649630274032188
0.7819174181300427
0.8493589743589745
0.8440643218655903
0.8638242894056846
0.7361702967171718
0.662134191572348
0.7015250544662309
0.7622047244094489
0.8702348864073931
0.6837725638459543
0.4821802935010482
0.9995
0.9996243425995492
0.5628652284170679
0.7279449588477367
0.6141493055555556
0.673469387755102
0.7444228012789886
0.7297276967052804
0.9990234375
0.7734104046242773
0.8011424837352253
0.7061079545454546
0.5658533231174241
0.4902053413958175
0.920940170940171
0.7219612075807116
0.8331628675020976
0.9139118457300276
0.9985422740524781
0.9103114930182599
0.36610063872877396
0.9564593301435406
0.521095960895292
0.6880695276871591
0.8822887887160099
0.9585301062573791
0.7176770718917196
0.9976851851851852
0.46296296296296297
0.9538008874405803
0.9679878048780488
0.7050121823877481
0.5395723036668418
0.6906906906906907
0.7661824868501704
0.6250222306939534
0.5461224489795917
0.7161592707258341
0.8458646616541353
0.9990234375
0.9998779296875
0.9764705882352942
0.7351606805293006
0.7726145755071375
0.784483075452975
0.8840236686390531
0.7278778913394299
0.6570705436390532
0.8271397873864419
0.7432826928805482
0.6383941293815902
0.9041027559546079
0.647130647130647
0.6892975663716814
0.4934358780512627
0.6790983606557376
0.638953568004383
0.669333041127913
0.9996243425995492
0.9149940968122785
0.8833545802221817
0.6118070140977017
0.5434106460499423
0.7764987847691062
0.7899084506167473
0.753786610100108
0.7422898263783126
0.49303322615219713
0.9993141289437586
0.864795918367347
0.7647286821705428
0.8799145907473309
0.7546677115987462
0.9087494023632265
0.37763136750763293
0.7781250000000001
0.610958904109589
0.8541176470588234
0.503568339100346
0.4776739356178608
0.7500000000000001
0.8209178988399768
0.9395238095238095
0.8154332106197301
0.6561131176515792
0.7059545733578882
0.7869211766985276
0.7434010210388956
0.5903043478260869
0.8504464285714286
0.9999375
0.8565184003780494
