0.9995
0.8468681195953923
0.714868547131393
0.593902625152625
0.8268229166666666
0.36440496575342474
0.7988733069639219
0.7595947396672035
0.5649679021317829
0.5290924512298558
0.6246498599439777
0.7673594372132055
0.617530749323951
0.6335227272727273
0.7499971962721635
0.9985422740524781
0.657856399583767
0.6516456103645288
0.5286375354266407
0.6371428571428571
0.853903466148364
0.4044087007250604
0.5707662848120402
0.7867132867132866
0.6897020443671161
0.5037371535347245
0.6227640607588997
0.8979985955056179
0.6591133004926109
0.5473265895953757
0.8522727272727273
0.46620950258942556
0.7151227334402369
0.5645569620253165
0.6665251358695652
0.8244444444444443
0.6688988095238096
0.7032145928899083
0.5697513812154696
0.3653929656969171
0.5401984426927736
0.4769542198691996
0.5517642786962279
0.6177156177156177
0.7056451612903225
0.6384943181818182
0.9997724169321802
0.5471498944405347
0.6027027027027027
0.6366152629497825
0.9976851851851852
0.8054317716488016
0.32710280373831774
0.8466372282608694
0.7316343490304709
0.6471278440975412
0.43127657867287167
0.547798066595059
0.6003623188405797
0.5257009345794392
0.5081950044509608
0.6491844917770845
0.7625803091319632
0.5029638667061028
0.7019054178145088
0.7182435997585204
0.54004620716211
0.7891081489983306
0.44862030581756407
0.6605113636363635
0.5808080808080808
0.49296182796867416
0.6217273093447905
0.5970924195223261
0.4227272727272727
0.7352941176470589
0.5994230152794101
0.6378600823045267
0.7643085167027704
0.5486816130851663
0.5408699059561128
0.6114618977785021
0.6532571706368497
0.8075073964497042
0.6048243553049398
0.3783776644919306
0.9995
0.6336088154269972
0.7766272189349114
0.5017091428324175
0.6983585731956006
0.5915212733394553
0.680744874959751
0.6783220409292036
0.8301839254220206
0.7091551704480674
0.721153846153846
0.6106795354676711
0.5071074007220215
0.5456317358404036
0.8887387387387389
0.5955729166666666
0.720237011213154
0.6405895691609977
0.9985422740524781
0.7789535567313346
0.38552989130434784
0.8863603228671023
0.5135782855142516
0.5095205560836503
0.589125813309283
0.9585301062573791
0.6740472532681513
0.9498207885304659
0.44642857142857145
0.6371428571428571
0.5902439024390245
0.6502890173410405
0.39999999999999997
0.5027027027027028
0.7246418228928517
0.622623089983022
0.5882352941176471
0.7218318650354889
0.7048872180451129
0.9990234375
0.6668035521790463
0.8792600181709226
0.6453827624960597
0.6696428571428572
0.6924496675032518
0.8840236686390531
0.5616605616605616
0.592435525693921
0.7683945248801698
0.6642866213361348
0.4682119761484841
0.5761904761904761
0.5798969072164949
0.6914617698931426
0.5832183182345427
0.8924942419726323
0.6002982848620433
0.864795918367347
0.9360242030696577
0.5289115646258503
0.6758657551973444
0.5234382594536794
0.5737140352524968
0.7044756436853702
0.7186371232950565
0.46211180124223605
0.8225675591337451
0.6521353889774942
0.5148936170212766
0.7095688479890934
0.6243100826859391
0.6989169675090253
0.6850267959816877
0.8470338983050848
0.5597535594342746
0.6955380577427821
0.8420118343195266
0.9280792420327304
0.5752512485356681
0.520408163265306
0.7500000000000001
0.7248954094137228
0.6200882218729401
0.6731726233399434
0.43421609824424257
0.65057614450327
0.8095641600122556
0.45085224763755194
0.52550946218243
0.765680473372781
0.5403851069268126
0.740583484299517
