0.38834951456310685
0.7585982600211398
0.8598041958041958
0.8133824432166975
0.8444148936170212
0.3854459520026078
0.7911918328584996
0.7158038017002579
0.6440839694656488
0.5618684405602591
0.8201795109873106
0.9023906849993807
0.7401243045694733
0.6044845842416693
0.91793430335097
0.9985422740524781
0.59814386542888
0.7245639534883721
0.6229367253247503
0.7933673469387754
0.689249344472224
0.33816964285714285
0.4472257653061224
0.9914604139528151
0.8556369763705475
0.4606156017588621
0.6859756097560975
0.9996243425995492
0.6920634679508116
0.7103992382506971
0.7259579263711495
0.5289643941240335
0.3254877014418999
0.5199864498644986
0.43054373522458633
0.7503875968992247
0.2855369335816263
0.5140398550724639
0.6386571756942128
0.466435364544771
0.4893410852713178
0.9273352942856327
0.3366515837104072
0.6585278626698744
0.6057661159701975
0.611317254174397
0.9997724169321802
0.5769024364065685
0.7303397147147147
0.6827118304784237
0.9976851851851852
0.9349145063430778
0.3611650485436893
0.7004676870748299
0.4591758578431373
0.5989152892561984
0.5651225508538231
0.5163426317272471
0.7507368664393457
0.3675766283524904
0.6280868305089758
0.654497109641039
0.6027251559803243
0.5515602094240838
0.6198347107438016
0.6587216795550129
0.3611650485436893
0.7035073409461663
0.5911553005416612
0.6418233268001902
0.3957262086251001
0.44561897106109327
0.47257980173344166
0.6232739825581395
0.6089685693641619
0.7513396420020522
0.7537688442211056
0.6775541946145621
0.4577348066298342
0.42706185567010313
0.5528481047237126
0.697330340028139
0.7259579263711495
0.7647286821705428
0.5728891093474427
0.3253304751697034
0.8722527472527472
0.7292320569156728
0.669333041127913
0.45751878760642145
0.5539100941097789
0.7472384665367122
0.6696428571428572
0.6449633573008849
0.8335382345709367
0.8047719087635054
0.6404194758410999
0.5825612689642032
0.5307204030226701
0.5336641654805766
0.7958612611440098
0.3889671361502347
0.6372115173890321
0.7231040564373898
0.8880208333333333
0.722756581253906
0.4027613412228797
0.6255867757510729
0.4059921841076856
0.6011770155028199
0.8468681195953923
0.9468199784405318
0.5618684405602591
0.4958010335917313
0.1968503937007874
0.9620267181308382
0.27472527472527475
0.7190796857463524
0.3128507295173962
0.5616605616605616
0.9411111111111111
0.5592966704077815
0.5950296289032404
0.48371647509578547
0.5511111111111112
0.703125
0.8075073964497042
0.9577669902912622
0.6307121846356482
0.5329861111111112
0.696875
0.8840236686390531
0.6290648127382821
0.5864439324116744
0.7272991208538083
0.7011288354926881
0.34625586614976533
0.7552083333333334
0.48813589002714297
0.6637168141592921
0.45522836538461536
0.6790983606557376
0.49442457395329276
0.9422781271837876
0.9998177842565598
0.7684426229508196
0.7152496626180836
0.38609169211681615
0.5798500142391545
0.30201342281879195
0.6382978723404256
0.5551573078454799
0.7739909994265294
0.5059967585089141
0.5495818399044207
0.8024918225587122
0.6086254829893507
0.7805325987144168
0.75967181698407
0.6497175141242939
0.45938251471848307
0.6901041666666667
0.5550577459179611
0.532841691248771
0.663683212473443
0.5738636363636364
0.996
0.7248954094137228
0.8192288891604546
0.6960166478380345
0.5378257887517147
0.43384879725085906
0.733879047961132
0.6621188262203882
0.5333849474474475
0.8035714285714286
0.7056451612903227
0.7349537037037036
