0.9995
0.9170574712643679
0.8004667371175522
0.2272727272727273
0.8504464285714286
0.47076334483240373
0.8067053982086663
0.7984883943070017
0.7118873190301762
0.6935023011320263
0.7625271233465675
0.9023906849993807
0.8018949479580898
0.513814725367248
0.7073149397710802
0.9985422740524781
0.788623366013072
0.5575706845238095
0.7320371935756551
0.9990234375
0.6283701395474869
0.556326839125673
0.6706761977138153
0.9203071887196274
0.8842551495498108
0.565339957575081
0.7124151568596013
0.9993141289437586
0.616259194032943
0.738606872210111
0.7907677664974619
0.5618559999999999
0.6861538461538462
0.9455976122642791
0.512434988179669
0.8573566733910326
0.5066964285714287
0.7348381407521192
0.7961845300034686
0.5380116959064328
0.528209477106109
0.857124485596708
0.6843094405594407
0.6648936170212766
0.7654719235364396
0.7212094907407407
0.9054545454545455
0.5470961168345975
0.7052561543579507
0.6526829268292683
0.9976851851851852
0.9520231834281422
0.3875
0.6861413043478259
0.6582716049382716
0.7894736842105263
0.7638550449177185
0.7486379180432389
0.9335490187731471
0.41296296296296303
0.730911138952426
0.6699460916442049
0.6420567468619247
0.6800302190883909
0.6190603073097078
0.6725146198830411
0.5361402671755726
0.7193963211173217
0.4323836657169991
0.6452896174863386
0.43434633027522923
0.4340999936838496
0.5114443497407486
0.7265439869668247
0.6247691371705452
0.6371428571428571
0.7863157894736842
0.7707031250000002
0.46544943820224716
0.7488207547169812
0.8117866293966923
0.6753305288461539
0.6619183285849952
0.8702348864073931
0.5979261466844824
0.6184908415469518
0.6392045454545455
0.9996243425995492
0.861007591442374
0.7481974271189957
0.8394224733207784
0.7058317513051732
0.7269118418096023
0.8726282535806343
0.8301839254220206
0.7548191466320123
0.590983921688469
0.5684241565786079
0.48919212655476396
0.5815294734476818
0.920940170940171
0.8239125552144942
0.6076129682112533
0.9130060292850991
0.9985422740524781
0.9103114930182599
0.44819277108433736
0.7023830721747388
0.5126436781609195
0.766616465863454
0.8468681195953923
0.9585301062573791
0.7209397590361446
0.8243727598566307
0.46296296296296297
0.9189440238905479
0.8918539325842695
0.6765463917525774
0.5769944341372912
0.6906906906906907
0.901494368239099
0.5916037825962364
0.727658794744387
0.688034188034188
0.9280792420327304
0.9990234375
0.9998779296875
0.9764705882352942
0.5677710948093037
0.6131154133394611
0.6526898734177214
0.8840236686390531
0.8909086941340781
0.5688116625244514
0.8027702499247215
0.7698369753728755
0.5420431840886387
0.9041027559546079
0.6264775413711584
0.7957957957957958
0.6199531474612668
0.7999999999999999
0.6043543543543543
0.9422781271837876
0.9996243425995492
0.8353254559114814
0.7415509259259259
0.564480142793396
0.5151959477472674
0.5939068100358423
0.785839111562095
0.753786610100108
0.7165761653918313
0.39318328620109594
0.9521933280798529
0.7183613090206498
0.7942023541197095
0.8907903439153438
0.5942179256503308
0.8470338983050848
0.4686535550227733
0.6955380577427821
0.6860551826994782
0.8828986429177269
0.8247800586510263
0.24193548387096778
0.996
0.7684426229508196
0.8401346801346802
0.6195040037871852
0.7327128572711379
0.7050121823877481
0.6984951768488746
0.6362456747404844
0.597183855125844
0.8597752273539573
0.8236151603498542
0.785003559543716
