0.6722222222222223
0.8468681195953923
0.754023274554418
0.2620720419315267
0.5893793336715711
0.4798075555766222
0.7988733069639219
0.816630175761168
0.5718767250548651
0.5740562478861514
0.8529445012884096
0.8582100591715977
0.5813435943086046
0.5023209549071618
0.8103740859973547
0.9985422740524781
0.6420010259538597
0.7574932391826923
0.5012779706790125
0.9990234375
0.8876709274673008
0.39295774647887327
0.4992161308668583
0.9203071887196274
0.5802993075720349
0.4001935820117638
0.744052927038481
0.9996243425995492
0.7986021597777206
0.362787356321839
0.8311778436691689
0.4396776631799674
0.4818702290076337
0.5499999999999999
0.5232890570021111
0.7503875968992247
0.6492142311470043
0.6381138392857144
0.4208943464391407
0.4086482363722259
0.5489113208007218
0.852683426085844
0.5188401342247496
0.5584219898634766
0.7654719235364396
0.4282069970845481
0.9997724169321802
0.5793706293706294
0.7303397147147147
0.6074123603018435
0.9976851851851852
0.822232927857401
0.3034855769230769
0.5304621848739496
0.5555555555555555
0.6163071961298127
0.4626379012012282
0.4063735505612014
0.26571428571428574
0.41682242990654206
0.3723920426977195
0.6911116719415039
0.8379882636457652
0.2915239726027397
0.5835741178530777
0.6820535394322123
0.5859375000000001
0.7445596610751986
0.3996598639455783
0.5989152892561984
0.4119150080688542
0.4099893162393163
0.44277156549520763
0.568019293866906
0.6232010200264168
0.5089447463768116
0.35094339622641507
0.6955380577427821
0.47289626791542505
0.4417256289308176
0.3862084660901229
0.5797724589313624
0.5207844975777466
0.8186789287267755
0.7206504118471784
0.37982738734439014
0.5742821473158551
0.8440677966101694
0.2997448979591837
0.20408163265306126
0.5180180180180181
0.7677606674262192
0.3410456730769231
0.6136363636363636
0.6388888888888888
0.6897901205936919
0.5586219044962789
0.3118997599039615
0.5674728702605335
0.37910823625109347
0.7682980599647267
0.4537120079720976
0.5303458537187559
0.5913134484563056
0.7052154195011338
0.9103114930182599
0.3876262626262626
0.5734391534391535
0.3411111111111111
0.5950296289032404
0.8053388665633564
0.9635778541651429
0.6031526183880754
0.45925925925925926
0.12820512820512822
0.8756250059298476
0.28089887640449435
0.6395874424720578
0.3858722976370035
0.5616605616605616
0.8376329847952148
0.6385168719092845
0.6220851511960283
0.8605584905660376
0.9280792420327304
0.5645569620253165
0.29422812069613125
0.9764705882352942
0.7146466659347368
0.6125720010017531
0.6538575141776938
0.8840236686390531
0.7193548387096775
0.5575526563161753
0.858673769352741
0.4963497150997152
0.3020710059171598
0.4746835443037974
0.6332138590203108
0.6954520089285714
0.4746240601503759
0.4325457317073171
0.37456081081081083
0.8604479527660119
0.9998177842565598
0.6689752082706012
0.831151832460733
0.4707446728680216
0.6720992822966507
0.6238730798287585
0.56872082874815
0.46792452830188674
0.7064559270516717
0.55212
0.6651234567901234
0.5587622254288921
0.41865618788695713
0.8803971631205674
0.7685873985121922
0.6784188034188035
0.5636054421768708
0.6775541946145621
0.3836734693877551
0.7314169671930255
0.5065920173379086
0.4776739356178608
0.996
0.7934426229508196
0.8234390690531042
0.7593344838267181
0.4248314044232412
0.3845092765018277
0.7314438933468123
0.7007024556728263
0.5442312885602111
0.7097122302158273
0.4205583756345178
0.8141321044546852
