0.9985422740524781
0.8468681195953923
0.7091597814093707
0.5341180914012337
0.9268808114961962
0.47303890373764373
0.8067053982086663
0.6783945829853238
0.7647286821705428
0.7117065652047382
0.7726648351648352
0.7404716495625586
0.8476247641913908
0.5588942307692307
0.7711943069306932
0.9985422740524781
0.8828456555729283
0.6176344014830509
0.7083637103474
0.9375
0.7933673469387754
0.47654355859991054
0.7452928870292886
0.7812499999999999
0.6368421052631579
0.7178859447004607
0.5954128250713193
0.9993141289437586
0.7262963633235696
0.48450292397660816
0.7882309078481328
0.5565725806451614
0.6757575757575758
0.9455976122642791
0.6243055555555556
0.8082788671023965
0.7301587301587302
0.6577462715855573
0.7983133656451891
0.6320387123921732
0.6302083333333334
0.8219581265113911
0.5921052631578947
0.9098674889574131
0.8392805651672433
0.7212094907407407
0.9997724169321802
0.6809160305343512
0.6546059262245516
0.7041628925120774
0.9976851851851852
0.9520231834281422
0.5612244897959183
0.8017676767676769
0.8506585743801651
0.8026218913612565
0.7900508274134826
0.7236917627379916
0.7668240850059032
0.5931718481785236
0.6936686934389139
0.7195085548175073
0.8294869792036509
0.682512081201852
0.7168395756403495
0.8929689387425347
0.38659793814432986
0.7571852088049316
0.4198248040571692
0.5498881312593223
0.5250665639013452
0.7291380179684634
0.5894608374135216
0.7838736007462688
0.6783515447334848
0.8323060486522026
0.7048543689320388
0.7707031250000002
0.6205512826637367
0.7228732638888888
0.742691823899371
0.5937340885947047
0.8132982719759579
0.8604479527660119
0.7595555555555554
0.5105542860644902
0.9995
0.9996243425995492
0.8702348864073931
0.6968383208205561
0.5539100941097789
0.8739869281045751
0.7223400692196048
0.682512081201852
0.9990234375
0.7596963280483395
0.6755181725501871
0.6814273846094401
0.5249011369253583
0.7126831501831501
0.8375715193897013
0.8760180995475112
0.720416368306607
0.9139118457300276
0.9985422740524781
0.9103114930182599
0.5546946740128557
0.8108085518947562
0.6588985700587818
0.6266659697904144
0.8468681195953923
0.9585301062573791
0.7032831994251747
0.9976851851851852
0.46296296296296297
0.9189440238905479
0.8918539325842695
0.7819174181300427
0.5523136912715078
0.6906906906906907
0.8400042808219178
0.7536259223733869
0.6369243814707933
0.6781906504321492
0.9280792420327304
0.9990234375
0.9998518518518519
0.9764705882352942
0.7351606805293006
0.6302496752778178
0.6614177333993796
0.8840236686390531
0.7861781076066792
0.650397061001685
0.8271397873864419
0.7560483870967741
0.5320521321871646
0.9041027559546079
0.6332138590203108
0.7697893972403778
0.48660349127182045
0.7934426229508196
0.4762457044673539
0.9422781271837876
0.9996243425995492
0.6530472271213013
0.8601984140261653
0.5819408856328269
0.5341180914012337
0.5190393030631498
0.8563022910313551
0.6198407480458763
0.7181571815718157
0.4784160753313949
0.8819444444444444
0.859424515147674
0.5309865900383143
0.9194644549909372
0.7496975281066192
0.8470338983050848
0.5385520588174035
0.6955380577427821
0.6860551826994782
0.9560187229532808
0.7704035717718191
0.2830188679245283
0.996
0.7920643153526971
0.8240886326578151
0.7011966921876834
0.49229702102803735
0.6862486248624863
0.7861866412600292
0.6044703595724004
0.6517379679144385
0.9810649611957458
0.8236151603498542
0.7383720930232558
