0.7014492753623188
0.8376817929313627
0.5404537671232876
0.4828422565576716
0.8504464285714286
0.44422899353647277
0.7988733069639219
0.5817391304347826
0.505707353935489
0.6249999999999999
0.6648666666666667
0.5588031611536581
0.6943793301036622
0.55600742354555
0.46644088669950734
0.9985422740524781
0.6174842527199847
0.4361111111111111
0.49866329479768784
0.5314285714285715
0.8359621451104102
0.48299761750054143
0.6588072906649168
0.7922535211267605
0.8372974436322851
0.6818181818181819
0.5742821473158551
0.8979985955056179
0.661604415844816
0.5580357142857143
0.7657150012521914
0.535477443448179
0.7657150012521914
0.9455976122642791
0.5543025446440416
0.7351162995207317
0.6346938775510204
0.6315361965681795
0.5377777777777778
0.5560328060165974
0.6133120078740157
0.44415509259259256
0.5421467870860582
0.8268229166666666
0.7252882177538946
0.38413413413413416
0.9905596458737974
0.6656716417910449
0.6068027210884355
0.5939068100358423
0.9653916211293262
0.8054317716488016
0.3398058252427184
0.6691919191919192
0.6064964954493147
0.5933544303797469
0.6626781791537228
0.6528630869823657
0.8384683098591549
0.5306603773584906
0.6630136986301369
0.676526658546357
0.7499488752556238
0.5262155911552345
0.7117914096147131
0.8166600318471338
0.544452519379845
0.7052220780759614
0.31862745098039214
0.4821639571364543
0.5208333333333333
0.6079608145601011
0.44961734693877553
0.509070200294469
0.4322972811115104
0.6964028776978417
0.696875
0.7009345794392523
0.5011235955056179
0.5933544303797469
0.7203301886792454
0.5963096851417448
0.6229323308270678
0.8761712232062635
0.31972789115646255
0.5234004600291039
0.6320224719101123
0.625
0.7228732638888888
0.831151832460733
0.7237655868685855
0.6381138392857143
0.6884731068648265
0.765867758641455
0.47692307692307695
0.7063000052985746
0.6693321318807304
0.7233059254293925
0.5199134484425114
0.6022647471910112
0.582287961055982
0.6447545219638243
0.7064406018089054
0.9130060292850991
0.9985422740524781
0.9451754385964912
0.38834397810218974
0.8520142949967511
0.4065352274632873
0.5343709286524804
0.6253328491890584
0.9585301062573791
0.4915103693299181
0.5199864498644986
0.5645569620253165
0.635593220338983
0.6465517241379309
0.5183301546937912
0.46578055375709326
0.5616605616605616
0.7032619141839562
0.5273648648648649
0.5126436781609195
0.6397683397683398
0.6914728682170544
0.9990234375
0.8476629204558992
0.7789062500000001
0.7146464646464646
0.6675495885314515
0.6135794282346007
0.7643085167027704
0.6562327633756205
0.5877688722743121
0.6517172728928328
0.6143250688705235
0.680349765476967
0.8757427021441488
0.474468085106383
0.6578947368421052
0.5995212899974804
0.6962184873949581
0.481308814642148
0.7710648148148149
0.6226379440665155
0.5333561996227062
0.65504824598419
0.631426338898517
0.5762118798361402
0.391913165962383
0.6565843186936937
0.591796875
0.7263761879146494
0.5620885710577779
0.9561042524005487
0.7580266797381044
0.6776094276094276
0.8375355810757753
0.7024207202672403
0.600907029478458
0.5061224489795919
0.5876795162509448
0.6540540540540539
0.9158653846153847
0.6863293973941368
0.3605769230769231
0.7500000000000001
0.7999999999999999
0.8488794290722425
0.6788169813379897
0.5847384615384615
0.584126984126984
0.6731729233226836
0.54004620716211
0.6025840655470286
0.7168395756403495
0.4701940035273368
0.637135922330097
