0.9985422740524781
0.7968000000000002
0.8262711864406781
0.7934426229508196
0.8504464285714286
0.5782312925170069
0.8067053982086663
0.7984883943070017
0.5954128250713193
0.7299973672365325
0.7181166560404953
0.8609605816548733
0.737159451997708
0.5318159542001738
0.7571186649769535
0.8551587301587302
0.8064516129032258
0.7460271690375498
0.6875
0.9990234375
0.3094059405940594
0.34134650301401703
0.5502736889581368
0.9203071887196274
0.8883845746090645
0.574927755607541
0.6586219135020026
0.9993141289437586
0.41309066470497413
0.6203237322118441
0.7942023541197095
0.45755293159609123
0.7314995899312345
0.9252621797424665
0.5679012345679014
0.7963320463320465
0.7301587301587302
0.7611526268115943
0.5333561996227062
0.5049149778709529
0.5255611944954348
0.852683426085844
0.528122169384058
0.6059815684228832
0.7671669407894737
0.7145928899082569
0.9846243500089654
0.5305305305305306
0.834198949040694
0.7611526268115943
0.87890625
0.9520231834281422
0.7711943069306932
0.6861413043478259
0.8581642185166933
0.9273352942856327
0.7602856288199722
0.7202781223477183
0.9138261521793482
0.41682242990654206
0.5038586703858672
0.8591217211906866
0.6164374641871125
0.671193143040668
0.7168395756403495
0.6865338017110679
0.5830583058305829
0.37070343725019983
0.7500000000000001
0.6552169421487604
0.6081818181818182
0.66061686382542
0.4721024766837679
0.7202781223477183
0.7655927760538134
0.6371428571428571
0.7740932642487046
0.7707031250000002
0.5761904761904761
0.7488207547169812
0.7097791798107256
0.5652665995975855
0.7622047244094489
0.8497591583217138
0.6348837037529452
0.6624135017486817
0.5742821473158551
0.9996243425995492
0.784483075452975
0.7481974271189957
0.8394224733207784
0.4897854203409758
0.7178254437869823
0.7336956521739131
0.9990234375
0.7428940568475452
0.2572687728937729
0.6497094017094018
0.43605263157894747
0.3542174414982316
0.7894438781288935
0.8445945945945947
0.42010219250859043
0.8989296843246172
0.9985422740524781
0.9103114930182599
0.36610063872877396
0.8108085518947562
0.7450163005718562
0.669656097733211
0.8450810553083281
0.9585301062573791
0.6030882953959877
0.9498207885304659
0.46296296296296297
0.9075048866636946
0.8918539325842695
0.6166747690811862
0.5447821409359871
0.4383680555555556
0.8400042808219178
0.31687388987566606
0.5202408832385415
0.667469949061314
0.9280792420327304
0.9990234375
0.9998779296875
0.9576923076923077
0.37710211074956085
0.5575
0.6706577089645764
0.8736842105263158
0.7278778913394299
0.34686711438069934
0.8231439430029325
0.6465001981767737
0.5150590768551236
0.9041027559546079
0.6264775413711584
0.7886904761904763
0.5906409438775511
0.6790983606557376
0.6169690098261528
0.9422781271837876
0.9817739079102716
0.9149940968122785
0.7984415690104167
0.5048873305456174
0.5151959477472674
0.4488130093666426
0.8932735426008968
0.7490754437869823
0.5504674515235457
0.1505813139095111
0.8819444444444444
0.864795918367347
0.6116763565891474
0.9194644549909372
0.39560373613843774
0.8470338983050848
0.6233478030998691
0.5306603773584906
0.6860551826994782
0.8696219715956557
0.6675332462646724
0.4207547169811321
0.9576923076923077
0.7855452674897119
0.8504430811179279
0.2570712040887591
0.6596061869577216
0.6941034226190478
0.5480741980015176
0.6591563786008231
0.7517650744632047
0.8597752273539573
0.5246913580246914
0.7383720930232558
