0.843114241001565
0.8376817929313627
0.6150610444239253
0.6031200668585757
0.9335490187731471
0.274828361132301
0.7301587301587302
0.7918120660502932
0.43255813953488365
0.5941593849716587
0.714093593541669
0.7641196013289037
0.6665251358695652
0.5422740524781342
0.7784631329087476
0.9985422740524781
0.5354408904704763
0.7041448237967238
0.38530506263215736
0.9375
0.7796482084690555
0.3822225908896999
0.49752993448301824
0.9268808114961962
0.8428059794456555
0.5043603344421469
0.7305194805194806
0.9993141289437586
0.5050007406119388
0.43809523809523804
0.5852417302798982
0.44548323944224694
0.4472257653061224
0.9455976122642791
0.49292734337303484
0.5787714543812105
0.4666940789473684
0.5095890410958904
0.6016042780748663
0.3870063799898545
0.495011490696955
0.672514619883041
0.463082612957847
0.49811613475177297
0.7191967696169377
0.2952380952380953
0.8720720720720722
0.6006127782283501
0.6546059262245516
0.7377691982867828
0.9976851851851852
0.9520231834281422
0.5010893246187365
0.8918539325842695
0.6795035232478323
0.577093110249609
0.4801633262008992
0.6592637054821929
0.7323529411764707
0.6827011372465916
0.6136973180076628
0.6290648127382821
0.6349965343168027
0.4915730337078651
0.6809160305343512
0.7249687279055855
0.4505050505050505
0.6513512508828667
0.4995731402160794
0.415275551994302
0.4214944268611531
0.6222488995598238
0.38676761026991446
0.46701570680628274
0.2710506517009292
0.7148407148407147
0.6646009189015919
0.7715601539335056
0.33854166666666663
0.570406626506024
0.5409413367890876
0.4455089820359282
0.7835223268627074
0.8604479527660119
0.3814001425081433
0.49569151434404607
0.6392045454545455
0.9530428249436514
0.5539100941097789
0.6146260051585495
0.7450331125827815
0.6625113099426962
0.6087662337662338
0.6217370208636583
0.8524141363862616
0.5808872423292485
0.5808080808080809
0.39665051967659387
0.4697712418300653
0.5098470195181993
0.8327617741197989
0.481073260947381
0.6176424658850662
0.8387138429752066
0.8654513888888888
0.8578260869565217
0.5060820624546114
0.8202196719411117
0.4723854522353689
0.5580489457193667
0.7617760617760618
0.9585301062573791
0.4149347156340163
0.29411764705882354
0.6944444444444445
0.9036041288021672
0.3333333333333333
0.7314169671930255
0.43012720783380615
0.4275862068965518
0.7352941176470588
0.41382206949217265
0.5313765182186234
0.5494266910916615
0.6914728682170544
0.8437033349925335
0.9998518518518519
0.9764705882352942
0.683239068244009
0.574407092162756
0.7476993865030676
0.8840236686390531
0.665844838921762
0.5706976201485733
0.7485243232240993
0.5762118798361402
0.5072766632373114
0.5439024390243904
0.6552706552706553
0.6160910087719298
0.33515182468195753
0.7292320569156728
0.44415509259259256
0.8761712232062635
0.8179012345679013
0.7944915254237288
0.7203525641025642
0.39051857233675413
0.42357274401473294
0.42469135802469143
0.6258154177775256
0.5345161290322581
0.7457759874678305
0.476658006565565
0.8396321491559589
0.635687925567857
0.5615094339622642
0.649894115526719
0.7228275586809019
0.5858267716535434
0.4567114857341268
0.49975895870159076
0.8440677966101694
0.5212782787533617
0.6832470414201184
0.6284569902727446
0.996
0.6442994174587184
0.6586219135020026
0.5829406681138695
0.4271542624364425
0.530952380952381
0.7036234942891576
0.6362378976486861
0.6276069453875255
0.6730528424743301
0.6656716417910448
0.6625113099426962
