0.9997106481481481
0.9990234375
0.8843915343915343
0.9997724169321802
0.9990234375
0.6050290486564996
0.9999271030762502
0.9998779296875
0.9993141289437586
0.9976851851851852
0.9993141289437586
0.582287961055982
0.568544708029197
0.5076058201058201
0.6160155589379334
0.920940170940171
0.8880733944954128
0.9985422740524781
0.8819444444444444
0.6463768115942029
0.9993141289437586
0.8211575489862951
0.9990234375
0.7806451612903227
0.8736225895316805
0.9054545454545455
0.9382276400493084
0.9995
0.7922535211267605
0.9067055393586005
0.6130684838818811
0.881587837837838
0.877971108530838
0.5658049886621315
0.8336433531746033
0.755560651226783
0.8745874587458746
0.5804493801652891
0.5642582259858625
0.920138888888889
0.9215917772067505
0.9999271030762502
0.78980744840309
0.8011883541295306
0.8859592013888888
0.9323088358864974
0.5830635257340628
0.6540433074638307
0.7697893972403778
0.9445670159955873
0.9063588552694488
0.8440677966101694
0.840561224489796
0.7668240850059032
0.9150464919695689
0.7911164465786314
0.5922100547536087
0.8258105530832804
0.6776997041420119
0.6302521008403362
0.8391868512110726
0.6180615369891855
0.7389162561576355
0.8454148471615722
0.8270911360799003
0.7343550446998722
0.6989169675090253
0.41153580076098234
0.6308003737153536
0.603963990963161
0.9063363336601017
0.7657923755513548
0.36381336018798255
0.6972555339621748
0.7124642846170389
0.6670494784189874
0.6599135135135136
0.7354384816753927
0.9546563706563707
0.6320784869582136
0.7588604577240942
0.9132075471698113
0.523135359116022
0.785003559543716
0.7635573408843963
0.9465288163513016
0.719873606258439
0.9489474396396744
0.7737922705314008
0.8392805651672433
0.7824561403508773
0.5788118337525452
0.6629567926944021
0.6704512791031905
0.6956774376417234
0.48726138654907936
0.4481009624985023
0.5405419543837623
0.6137660109273169
0.7914535323173196
0.8679827071015321
0.4787371932869718
0.7514253340767252
0.6294604238754326
0.7438680789375235
0.7704306722689076
0.8587257617728532
0.8247154532691535
0.5361476608187135
0.5914826498422714
0.7532780714960962
0.7425865459891925
0.4955226988754686
0.6657910689028087
0.7098760727405758
0.7243520703957469
0.8684143113312272
0.9574247823291597
0.6826900888427367
0.5647497534516766
0.8321005917159762
0.7338343592539796
0.43484354082998666
0.8102475032566218
0.4327724982678835
0.6149732620320856
0.675396111868372
0.6411670155502392
0.3987003931632947
0.7459363849836844
0.8604938271604939
0.7267543859649124
0.7612629957643436
0.5063779897924081
0.7390394459500151
0.640769220373799
0.6855211220290586
0.449288256227758
0.5682536477446315
0.7983734498522465
0.7738844625096671
0.7808583959899749
0.831256870427508
0.6993871928936863
0.9072292273821205
0.9584899408774165
0.5735079974334443
0.522941650471631
0.555775708341589
0.4911494755244756
0.368595041322314
0.1595744680851064
0.5859375000000001
0.7585268884703913
0.6849868660335421
0.6901041666666667
0.13888888888888887
0.4505050505050505
0.12987012987012989
0.5625
0.18181818181818182
0.4178459705049902
0.3381818181818182
0.45384109691960933
0.3384841795437822
0.44315992292870915
0.19480519480519481
0.38590315934065933
0.13793103448275865
0.3894210745522699
0.2939399171270718
0.1322751322751323
0.21929824561403505
0.29788312840664216
0.28074548907882246
0.43534482758620696
0.5990715616724968
0.270023103581055
0.3255690586419753
0.293218362992455
0.6867865342948614
0.2807454890788224
0.182354310545511
0.30823572032363244
0.2298589477327795
0.15384615384615383
0.2936046511627907
0.2943124613618298
0.3410813111962538
0.24344763286025067
0.40888888888888886
0.24278846153846156
0.3876262626262626
0.40669099221875427
0.30493504819005257
0.39208834218618943
0.225172740821027
0.3490767850629443
0.1542416452442159
0.3661019175203572
0.17464788732394365
0.4194352159468438
0.2770761770054556
0.29190174762625565
0.35134933094116766
0.36913170371817006
0.3523875114784205
0.2736560770338919
0.125
0.3636579009713337
0.48369665741841716
0.43989547038327526
0.30700483091787434
0.27815568194856494
0.4747828035149735
0.5275500508242366
0.2686446317657497
0.3271526001705029
0.32724882629107993
0.3835051546391753
0.4275724368070031
0.23952714195460958
0.1724137931034483
