0.9995
0.864795918367347
0.4230986445783133
0.7148550724637681
0.9375
0.9998177842565598
0.9999271030762502
0.24313725490196078
0.9142661179698217
0.9976851851851852
0.6002938034188035
0.782267115600449
0.625
0.6469760900140648
0.6485954553587404
0.8567923553719008
0.40322580645161293
0.9985422740524781
0.9993141289437586
0.6816901408450705
0.5563218390804598
0.9995
0.9990234375
0.6614583333333333
0.8736225895316805
0.88
0.6540540540540539
0.9985422740524781
0.6091269841269842
0.7212430426716141
0.8047719087635054
0.7245639534883721
0.9059152488972906
0.31795224977043157
0.4694736842105263
0.4629296921787041
0.6346938775510204
0.5804493801652891
0.25567350790280724
0.920138888888889
0.7190796857463524
0.999898229187869
0.5383508218033245
0.8079050160498122
0.83463687150838
0.9421702404158544
0.5830635257340628
0.6203223949337939
0.3852739726027397
0.8534621578099838
0.6334459459459458
0.6773097826086958
0.5662393162393162
0.48822605965463106
0.9150464919695689
0.7911164465786314
0.208411214953271
0.8258105530832804
0.7454289732770746
0.7292320569156728
0.7648026315789473
0.4633704626888923
0.30288305798509874
0.7151240190582959
0.8224705152079456
0.6638848035024113
0.4968538430904023
0.4815533980582524
0.6419994761438674
0.5292561349693253
0.7894685952970298
0.526806808419244
0.4610538373424972
0.6625884433962264
0.7718721144967683
0.630234375
0.5743744537268533
0.665316144874156
0.49913194444444436
0.41263003255777025
0.5905511811023622
0.8497591583217138
0.6072487515605492
0.6782713085234094
0.4142418686224491
0.8492810263163485
0.8835078534031413
0.77013277529225
0.5728672718240528
0.46292969217870417
0.48407121724429414
0.7122877942536623
0.6460369834855433
0.5713793103448276
0.5907979274611399
0.535047823393421
0.286670918367347
0.41099734546833533
0.33225108225108224
0.5048076923076923
0.8359621451104101
0.49833887043189373
0.8159184972938553
0.6449153412816926
0.6474759883850792
0.4723101876882676
0.7574932391826923
0.4544465715280195
0.4131433823529412
0.6742568410000656
0.7094038754731706
0.7762397464578674
0.3701244813278008
0.5114392787261159
0.6783220409292036
0.4887674559805708
0.715042372881356
0.9915659293552812
0.61677392232319
0.33049738219895286
0.7301953999592916
0.5952065677966102
0.41997537298808724
0.5138955102498668
0.37460910756249655
0.5238225536135718
0.6686598240652296
0.39872155856561325
0.4428153681639191
0.7608523801340438
0.6755614617940199
0.6807402985074628
0.7270072992700731
0.16819571865443428
0.2740524781341109
0.6218903013240858
0.6278995258234012
0.4856096530353537
0.4618473895582329
0.3661545839908413
0.7400611620795108
0.8058375634517766
0.5641699978960657
0.8041472583978505
0.8011594917972122
0.8707296361617349
0.6152509832057822
0.5171349092755899
0.5724489795918367
0.11029411764705882
0.12820512820512822
0.10989010989010987
0.15748031496062992
0.8132982719759579
0.13043478260869565
0.15384615384615385
0.07874015748031496
0.10000000000000002
0.136986301369863
0.32877604166666663
0.09174311926605505
0.16129032258064518
0.13761467889908252
0.09868421052631579
0.22871376811594205
0.09316770186335403
0.06756756756756756
0.3429878048780487
0.5076628352490421
0.11111111111111112
0.11695906432748539
0.0847457627118644
0.09259259259259259
0.10416666666666666
0.10101010101010102
0.6752062527138515
0.45285247093023256
0.07936507936507936
0.1453125
0.15829787234042553
0.3529597974042418
0.17384731670445958
0.05357142857142856
0.040983606557377046
0.13574660633484162
0.2121337755666114
0.1366120218579235
0.2467452498240676
0.2830717488789238
0.2382060831781502
0.2676767676767677
0.08849557522123892
0.09478672985781991
0.2582675970873786
0.1044776119402985
0.21254208754208753
0.07936507936507937
0.07886435331230285
0.08278145695364238
0.1371025366202215
0.06864988558352403
0.3751970680371
0.09900990099009901
0.08278145695364238
0.2474367022389622
0.24103468547912993
0.19186930091185414
0.10845986984815618
0.06726457399103139
0.3056884635832004
0.32289002557544755
0.061919504643962855
0.2538538873994638
0.10736196319018404
0.07874015748031496
0.09971509971509972
0.06876227897838899
0.1612215909090909
0.33719586374695865
0.02457002457002457
0.12064343163538875
0.14469453376205788
0.14150943396226412
