0.9041027559546079
0.3061224489795918
0.7562980547780179
0.8273979107312441
0.9990234375
0.7622047244094489
0.9999271030762502
0.33189033189033185
0.9993141289437586
0.9653916211293262
0.6904166666666668
0.6880733944954129
0.4056437389770724
0.9799382716049383
0.6393298059964727
0.8567923553719008
0.4505050505050505
0.9985422740524781
0.9993141289437586
0.8412698412698414
0.5563218390804598
0.7706310679611651
0.9514508928571429
0.9976851851851852
0.8736225895316805
0.8179012345679013
0.8675523349436391
0.9985422740524781
0.6091269841269842
0.7212430426716141
0.7271145144448312
0.8234390690531042
0.9193350392475534
0.3863096273111923
0.727719279201042
0.7472384665367122
0.8506585743801651
0.5804493801652891
0.9356993736951983
0.920138888888889
0.6048387096774195
0.999898229187869
0.47073863636363633
0.6738292011019285
0.6848689771766695
0.9762585755145309
0.5830635257340628
0.6203223949337939
0.7990771812080538
0.9854346836595357
0.9000738453276047
0.8440677966101694
0.8865220249835634
0.8314043209876543
0.8774418416146551
0.849122807017544
0.36831683168316826
0.8375715193897013
0.8108006890869598
0.6050290486564996
0.7212513484358144
0.6073404947916666
0.30288305798509874
0.7714701601164484
0.7826473285943591
0.7103992382506971
0.6724005899370356
0.4683183183183184
0.6688904494382022
0.5014461526516034
0.8519663464071804
0.790471212995002
0.41938484795627656
0.7134578560150503
0.7231040564373898
0.5030621172353456
0.5616651919268529
0.6695407188912209
0.9283954372623573
0.610795847750865
0.664715413160508
0.8192288891604546
0.46499999999999997
0.6782713085234094
0.5451895043731778
0.8492810263163485
0.8665393013100439
0.8066666666666668
0.933305448876383
0.8313148788927335
0.7917517273869347
0.5613932424180743
0.71824667175337
0.664356884057971
0.6036987012987013
0.4181780133928571
0.47536494477066477
0.6409795737858979
0.6950649350649352
0.7055021454565206
0.6424671779539841
0.5162738496071829
0.666023850016197
0.6515444015444015
0.6092057761732852
0.5050947559709241
0.7775627675101263
0.592433340118054
0.5147460550419403
0.646719107836304
0.712357142857143
0.6484252346928968
0.5030621172353457
0.655454915179464
0.5150317085467137
0.458387211633965
0.7089466816235891
0.7763089601068696
0.7877738251263808
0.3727854330708662
0.8549873459507042
0.7033801423597122
0.5336444914117016
0.7125920907782199
0.44783783783783787
0.673469387755102
0.6552706552706552
0.6857830373493153
0.33049568722834044
0.6445646645396957
0.7180924017398801
0.6443302752293577
0.8689187279151943
0.5430966666275288
0.42009132420091316
0.5804615290445002
0.7242244525547447
0.4631214714988162
0.6191353594061834
0.7956045211123425
0.64315773462455
0.7620490259355365
0.5686993927125507
0.7219993444305096
0.7278195488721804
0.9628284475410444
0.4573305263157894
0.5098981306448225
0.9993141289437586
0.48927263212977495
0.3611650485436893
0.36700581395348836
0.5490767735665695
0.7281765541352564
0.78677398989899
0.7781250000000001
0.2949766355140187
0.436046511627907
0.6463768115942029
0.46458333333333335
0.3878260869565217
0.6071019473081329
0.3605769230769231
0.6437858609254093
0.7722290604302211
0.5636849781234808
0.750387596899225
0.8483874759982757
0.8422865013774105
0.7331098653412703
0.5555555555555555
0.6800326497296194
0.6002938034188035
0.6239159269462301
0.2833905839563548
0.7762397464578674
0.7866175567833027
0.3288569313735856
0.48635546172491984
0.7879732225300092
0.8547794117647058
0.46206825657894735
0.16710516959396998
0.23379629629629628
0.4406130268199234
0.2553073827152908
0.4144144144144144
0.5414312617702448
0.5903255781938326
0.4336734693877551
0.6004008746355685
0.5717948717948719
0.2936046511627907
0.3629268292682927
0.3671409214092141
0.500416050295858
0.3498752654474981
0.26759932291148064
0.15176956858692844
0.27065822421410224
0.37220843672456577
0.6276150627615061
0.4894381533101046
0.5889849795175238
0.4282812718868188
0.5441713925645872
0.3758169934640523
0.5308944392298711
0.32768017583200915
0.4187008571796854
0.565989847715736
0.39282624814631734
0.27271638215034444
0.5686936936936937
0.5166023166023165
0.44697657456334333
0.15139297436654586
0.49216011278768473
0.5262733035365293
0.4765044322999026
0.46693485086342235
0.2918761384335155
0.45
