0.9041027559546079
0.6388888888888888
0.8424720578566731
0.8504464285714286
0.9375
0.5077551020408162
0.7082926829268292
0.4362383540372671
0.6802398989898991
0.9976851851851852
0.7454289732770746
0.782267115600449
0.5212782787533617
0.31645569620253167
0.6564837343426152
0.623125
0.7052154195011338
0.9985422740524781
0.9993141289437586
0.4383680555555556
0.5563218390804598
0.6885723039215688
0.9993141289437586
0.38027108433734946
0.8736225895316805
0.7650100242692836
0.9295049167766378
0.14084507042253522
0.6463768115942029
0.7212430426716141
0.8527949532085561
0.8249416851567389
0.9059152488972906
0.46680497925311193
0.4274589706374902
0.41713430602319485
0.9995
0.5804493801652891
0.8840494092373791
0.8761712232062635
0.7781765545685279
0.999898229187869
0.46807909604519776
0.6610131949498466
0.610679535467671
0.9933426414941622
0.5306603773584906
0.5015544041450778
0.7158296541574688
0.8064208518753975
0.8086065573770491
0.6384943181818182
0.15151515151515152
0.7560237457804679
0.8958497124177598
0.9163602941176471
0.208411214953271
0.9997724169321802
0.6794643791191547
0.7292320569156728
0.7797256097560976
0.6134259259259259
0.582901554404145
0.8257399037760607
0.9324298346789696
0.5738110555748008
0.4701436130007558
0.47325233360389607
0.5719062316284539
0.5168855274822695
0.6985706278026905
0.7685031376891842
0.5032317636195752
0.5383041541489691
0.688640463726969
0.4175036156194761
0.3820475868356813
0.652568585260893
0.5214159776264591
0.36262438859841456
0.4482934969853574
0.6416091873533839
0.24313725490196078
0.4750961240995271
0.5729945191828599
0.9274646840148698
0.7756521739130434
0.7052422086720866
0.8627717391304347
0.6637642946929515
0.5371816868340257
0.6242890598862494
0.8044411668305473
0.4043804222456245
0.5559449208443272
0.46296296296296297
0.3626016260162602
0.6620930168062564
0.6497175141242939
0.6185303514376997
0.5692635163899532
0.5606702514800934
0.6048387096774195
0.6233062330623306
0.673430954302625
0.7717433427448376
0.6967561353526266
0.6748341287393784
0.5226990637612303
0.6052048875382119
0.7958577473958333
0.8448279274108963
0.613203125
0.7220744851684845
0.7098760727405758
0.4774075911228689
0.864795918367347
0.925462962962963
0.24494142705005326
0.44415509259259256
0.6523483483483483
0.5188356164383562
0.3858722976370035
0.31908909075756314
0.400339964744397
0.40522660818713446
0.7416878664516718
0.8070949064737886
0.2981505102040816
0.7608523801340438
0.6908065573770491
0.5676857585139319
0.7270072992700731
0.4664390520289941
0.2858380548985092
0.49988938904278246
0.5834507042253522
0.47519115691489355
0.37163742690058477
0.8303921568627451
0.4638977635782748
0.8013701319095478
0.6704152249134949
0.888817216259801
0.651094890510949
0.7735385175742123
0.5100945179584121
0.46284916201117315
0.8017676767676769
0.774793388429752
0.4770408163265306
0.5212954747116239
0.45074722802506817
0.8132982719759579
0.6988249845392702
0.4893410852713178
0.2485236220472441
0.6691919191919192
0.6816901408450705
0.3279411764705883
0.8950617283950617
0.45074722802506817
0.9721812278630461
0.40170498579178504
0.31631205673758866
0.09375
0.2485236220472441
0.2703030303030303
0.5076628352490421
0.6648936170212766
0.5437352245862884
0.7560483870967744
0.9360242030696577
0.7501769285208776
0.5521734182976786
0.4000000000000001
0.4457364341085271
0.44158415841584164
0.601735383181924
0.27760622529644263
0.29356357927786497
0.09316770186335403
0.6028128250350472
0.5567133270420467
0.4701891447368421
0.2890844640019558
0.6409201658070437
0.20672061928219568
0.21789202137460853
0.4464285714285715
0.2616279069767442
0.5293657391559489
0.18115942028985507
0.4286204084658438
0.13408455625436758
0.2433425160697888
0.06224066390041494
0.5746291346711355
0.4699480975115741
0.43698395388689826
0.43663749415250275
0.36337719298245624
0.35482049888138495
0.575125
0.426431718061674
0.378749241044323
0.13808049535603714
0.6474847995827017
0.41069202938008975
0.15376625722543352
0.31942234011199533
0.3255731258366801
0.22034574468085105
0.18421155119367527
0.06920415224913494
0.3253599745210118
0.5477138246369015
0.2580996884735203
0.3348459750274921
0.13988439306358383
0.4991319444444445
0.659685244349781
0.46662816822615416
