0.6543235851041447
0.996
0.39118246687054015
0.0
0.5314285714285715
0.41218637992831547
0.8547794117647058
0.5662393162393162
0.7773446457234581
0.8203389830508474
0.6787634408602151
0.45362903225806456
0.4711111111111111
0.551470588235294
0.5727251838235293
0.8567923553719008
0.0
0.5597014925373134
0.8035714285714286
0.0
0.7773446457234581
0.8017676767676769
0.4831168831168831
0.8203389830508474
0.6563960280373832
0.7279497663551402
0.6563455224725461
0.5597014925373134
0.711764705882353
0.6465517241379309
0.8292334791059279
0.8847533632286995
0.5633047210300428
0.24338624338624337
0.6423442392830147
0.6052358093729896
0.7891502808988763
0.4891304347826087
0.8801228387930993
0.8761712232062635
0.7361111111111112
0.8265179210794106
0.4756297723542426
0.6496644295302012
0.6803513071895425
0.8187416978625771
0.5076628352490421
0.45052032835627953
0.6247992935131663
0.9570458031996494
0.6735772357723577
0.5987678090103965
0.3407407407407408
0.35967741935483877
0.8770956607495068
0.7392265193370167
0.484
0.7366861288039631
0.6837921777122704
0.6410256410256411
0.7014492753623188
0.5346350534635054
0.5020710059171598
0.6424778761061947
0.759829355471002
0.673469387755102
0.6384477459016394
0.4667414889637112
0.7373595505617979
0.46355140186915894
0.6306605482429659
0.7657923755513548
0.6569035902443116
0.6577643484900173
0.4711111111111111
0.5500881834215167
0.3808302808302808
0.672514619883041
0.521095960895292
0.5589605734767026
0.5671662208171205
0.6469760900140648
0.40597904624277453
0.4880798969072164
0.5612244897959183
0.8831521739130435
0.8283554908031324
0.7609192251461989
0.7320371935756551
0.6404635619462244
0.7824561403508773
0.7445848375451263
0.5287356321839081
0.7068138473097151
0.7835400677850034
0.5903255781938326
0.5895242573302468
0.6996134483998562
0.47073863636363633
0.7295719844357976
0.7350864012021036
0.5215419501133786
0.7607876923076924
0.4472257653061224
0.3713423036394586
0.4563164108618655
0.7101902037538895
0.6546727487291213
0.5209161931818181
0.49134865785256415
0.4717797783933517
0.6620930168062564
0.6084656084656085
0.697572359232715
0.5543177969877908
0.6304828388598022
0.79412177328844
0.4385662995356873
0.7069509759711397
0.4248725162651662
0.6375943100743394
0.5405207756232686
0.5021109532828283
0.6062061369806874
0.45572835179506443
0.44520167756260026
0.5829674874339887
0.4867208729619565
0.576688723462917
0.6622164830358445
0.8262490072918923
0.7644520708879506
0.7055021454565206
0.6224092082279636
0.5762122015915119
0.5537645867746577
0.42190840833374765
0.5963010204081632
0.5765111474454034
0.7367002616808254
0.6033752874870473
0.7416736635880213
0.362123256860099
0.5693685083416493
0.5576413427561837
0.7304783950617284
0.5529645759747607
0.5240697102312453
0.9993141289437586
0.0
0.0
0.0
0.0
0.45362903225806456
0.600907029478458
0.5041666666666667
0.2410901467505241
0.0
0.0
0.4597938144329897
0.0
0.8017676767676769
0.0
0.5537280701754387
0.8294209702660407
0.6380670611439841
0.6085205078125001
0.7606097417610407
0.6856995884773662
0.0
0.5011235955056179
0.5847382431233363
0.0
0.0
0.0
0.6222271517302573
0.3955582232893158
0.0
0.4874973871237458
0.5979022510291669
0.8913611740992693
0.38793103448275856
0.0
0.0
0.1985062893081761
0.27332144979203804
0.27499999999999997
0.1912057797708022
0.3134437631554864
0.4931640625000001
0.5563954852331673
0.0
0.5232558139534884
0.4310038660970684
0.37304694034594665
0.5806847774621212
0.3590785907859078
0.1823085922266996
0.0
0.0
0.0
0.4778571428571429
0.16257350397786235
0.21336553945249598
0.42190840833374765
0.4371876201460977
0.3711996019688327
0.1112742080590937
0.0
0.39464724516682953
0.5844889109715886
0.3803568226645149
0.44002112629563606
0.5997073526087066
0.500416050295858
0.44518647795252553
0.0
0.5472392638036812
0.45365853658536587
0.3701908279470606
0.0
0.25083705357142855
0.19035218253968253
