0.9041027559546079
0.6944444444444445
0.38413413413413416
0.8576051779935275
0.9375
0.5530265748031497
0.8948290836900553
0.7228732638888888
0.9993141289437586
0.3278688524590164
0.6787634408602151
0.6880733944954129
0.5089447463768116
0.6816901408450705
0.7270072992700731
0.9299633936261843
0.6257014590347924
0.9985422740524781
0.9993141289437586
0.6091269841269842
0.7773446457234581
0.7789062500000001
0.9990234375
0.8203389830508474
0.8880733944954128
0.8103975535168196
0.8675523349436391
0.9985422740524781
0.6320224719101123
0.8551587301587302
0.6884507275132277
0.7734441024986844
0.4912663755458515
0.28797975102019724
0.896999322604859
0.6564705882352941
0.7425742574257427
0.5664062500000001
0.9329696224578659
0.7540562808974521
0.7023723194861701
0.8177290090629916
0.37528790136837836
0.6988980716253445
0.7332402234636871
0.9323088358864974
0.49218174058122843
0.5306603773584906
0.6368421052631579
0.7435392635314996
0.815289256198347
0.8134453781512606
0.809533872720686
0.6281690140845071
0.8766628897561795
0.9163602941176471
0.4376501241705003
0.7765534129170495
0.5215114104002994
0.8440677966101694
0.6505761445032701
0.48801570557899665
0.4138654562582966
0.7681159420289856
0.5710738671632526
0.6769683590875645
0.5414856806301994
0.5462713223501968
0.771226025132275
0.3894210745522699
0.8000342994340592
0.7387597664513581
0.34734110362411214
0.5548409227338993
0.6442994174587184
0.5193949854651163
0.6124562481382186
0.6829252345614437
0.8593919104171777
0.6132488431233585
0.5597535594342746
0.840561224489796
0.39157894736842114
0.46562314246086783
0.5902502744542183
0.7297789181609332
0.8481150974321617
0.7957957957957958
0.6924676155445386
0.8190294373327424
0.7933327191204472
0.6222271517302573
0.5235813837730214
0.6388937282229965
0.613723076923077
0.5373945243732168
0.31813502297789237
0.5903923725705904
0.3803735428736676
0.749709813285577
0.38180304632483625
0.662782820755995
0.5662804559059372
0.3370663153271849
0.5180180180180181
0.7141175855214982
0.4575779721351281
0.6555863342566943
0.4854016093036588
0.5573080967402735
0.5393014705882353
0.5641528925619835
0.49704724409448825
0.5964040404040405
0.5304943710230055
0.4774075911228689
0.8223214285714286
0.6602077922077922
0.7771959459459458
0.40341430837298603
0.6366824767851426
0.6386874517622846
0.2846842541708246
0.6548236514522823
0.3861343237387806
0.7028380337433406
0.5625778162723976
0.45853510895883764
0.4758344383940411
0.7288315412186379
0.4697881355932203
0.6199512195121951
0.7285782442748092
0.5501113015889262
0.6534090909090909
0.4982565511411665
0.31146616541353384
0.5108240524907192
0.45274379258158765
0.46005846373968956
0.6622926829268291
0.7093092524934357
0.329691399006433
0.6926659939741914
0.6193685810574318
0.7977479001071087
0.49622172372076634
0.4087796244998462
0.9993141289437586
0.7458847736625513
0.42216721672167207
0.4634661835748792
0.6050290486564996
0.6955380577427821
0.6861724281549355
0.6299603174603176
0.4732510288065843
0.3647058823529412
0.41529605263157904
0.7065693430656935
0.7281553398058254
0.7080965909090909
0.5769944341372912
0.6012422360248447
0.7777449822904368
0.5341317365269461
0.7048872180451129
0.7016690973910226
0.8395522388059702
0.6371428571428571
0.6611394557823128
0.5830065359477125
0.6578947368421052
0.548559670781893
0.40937288864320376
0.5963010204081632
0.5647636586863106
0.407346290184574
0.4522719660600647
0.6728043017761121
0.7723404255319148
0.5645569620253164
0.36250614145643295
0.3484598046581518
0.36756594122956576
0.44040697674418605
0.3923708100558659
0.5100968959012177
0.4295051353874883
0.5060820624546114
0.5666909620991254
0.3126050420168068
0.41710316998409186
0.5272978610121969
0.486910994764398
0.48265694110343754
0.2392950729979555
0.32758898085414473
0.1353615520282187
0.31184534529016134
0.2543067586746929
0.5568947762591275
0.31147203947368424
0.37324414715719073
0.18619602134885976
0.40719723183391
0.4107273391812865
0.3182912396783131
0.25686782297084576
0.44221698113207547
0.2749515503875969
0.38864499162265914
0.47348925197100034
0.5157198014340871
0.4837686146209386
0.4927152317880795
0.21520638330520175
0.5895838959402286
0.44405981462719046
0.45866088826177526
0.3641826923076923
0.37194306833372653
0.4907801978114478
