0.9084673899488716
0.6285714285714286
0.6052147239263804
0.47365214742613465
0.3872053872053872
0.47365214742613465
0.9999271030762502
0.32052980132450326
0.8979985955056179
0.4406130268199233
0.6944444444444445
0.5306603773584906
0.40819672131147544
0.40990259740259744
0.49083867123491726
0.7103664511071919
0.7803819444444444
0.22388059701492535
0.6463768115942029
0.5597014925373134
0.688058748403576
0.32877604166666663
0.864795918367347
0.44834307992202727
0.8017676767676769
0.6284569902727446
0.7457828597305557
0.9985422740524781
0.9067055393586005
0.6091269841269842
0.5831325301204818
0.541712922988364
0.8684143113312272
0.3386170807295636
0.7115862217903033
0.472639248863025
0.5269186712485682
0.5756915983606558
0.9233847736625515
0.840561224489796
0.5710111788617886
0.999898229187869
0.5956517655897822
0.6470788043478259
0.8066666666666668
0.8840236686390531
0.5438202247191011
0.6540433074638307
0.616546037019459
0.9283601014370245
0.7833468693197199
0.8030303030303031
0.667737011107017
0.847322142286171
0.9123563218390803
0.7473477819404083
0.6162076481077867
0.784483075452975
0.754985754985755
0.7779374775422208
0.8221523903679118
0.6378600823045267
0.7094381313131314
0.6578947368421051
0.8674863387978142
0.7064724037763254
0.5397769516728624
0.6071605960264901
0.7493093093093094
0.5916037825962365
0.75
0.8126358182161755
0.5350702240481536
0.6701636651942463
0.7339566020313942
0.7011011475297189
0.635593220338983
0.7471655328798186
0.6397683397683398
0.6378395061728395
0.3780241935483871
0.6479126933672388
0.6977998626957403
0.7726192546223846
0.7130889392794155
0.7636053004417034
0.7883417917431521
0.8192288891604546
0.7052154195011338
0.8604938271604939
0.8308942664506351
0.5600328947368421
0.5152354570637119
0.7165561799207604
0.639763779527559
0.5050595131927846
0.5705815331824682
0.6498862172347777
0.7045648036858974
0.7974804351975568
0.7922905675337744
0.6734794462433011
0.8227450314251742
0.7134727626459144
0.6047457627118644
0.8676704545454547
0.6373923977173808
0.6261499888792283
0.6131753613299422
0.5441023738872404
0.8367793210574733
0.7242959213097947
0.5372954349698537
0.6030785430753487
0.6993854234351312
0.7029149301876575
0.7807126696832579
0.8886500101770812
0.8094519859225742
0.4744570773567955
0.7790265045452802
0.737190082644628
0.5244208637676235
0.716475606504932
0.5032822757111597
0.7828497818732195
0.7236852591546513
0.6419522695182518
0.430213948787062
0.6313253669821816
0.7104099678456591
0.7608695652173914
0.5916824934308088
0.5653399575750808
0.6507199490420236
0.428158916658369
0.5266722339905491
0.42991561949857343
0.5227753963745286
0.7988733069639219
0.6922611531986532
0.6927101399005665
0.5221638655462185
0.7164580366126146
0.758095668611819
0.8896022727272728
0.5976701431246886
0.5328285354718789
0.8979985955056179
0.6784188034188035
0.32206632653061223
0.4227272727272727
0.42456140350877203
0.6714709051724137
0.4989690721649485
0.39473684210526316
0.41682242990654206
0.3713235294117647
0.3758169934640523
0.5796973961998594
0.6792413935271077
0.5041666666666667
0.45362903225806456
0.54461634630411
0.7117914096147131
0.5341317365269461
0.5212782787533617
0.6724402454780362
0.625
0.49083867123491726
0.7435953104646114
0.625
0.5113636363636364
0.43472183393905506
0.13593380614657208
0.6898846495119787
0.7052154195011338
0.1352145796590241
0.44158415841584164
0.7601963831272663
0.7436822385204082
0.4395091369881286
0.200859291084855
0.15969621306699958
0.3410193817828887
0.4437810945273632
0.40364583333333337
0.4693288686235394
0.48827039246933257
0.4641544117647059
0.537876167416119
0.2222222222222222
0.3216222452982577
0.32963446475195823
0.3837943989071038
0.40975332786574975
0.34569251053156247
0.1772287862513426
0.10280944625407167
0.28824074074074074
0.242
0.5895850204913002
0.27984693877551015
0.3951890034364261
0.47903680300572105
0.5091127360034923
0.3312720848056538
0.4426536239495798
0.2383474576271186
0.33286433649289104
0.6047668038408779
0.35230311132717546
0.4526783560762759
0.48615816019271296
0.6035275974236357
0.48602112676056336
0.13134954292715106
0.5320676145859019
0.5398452887467327
0.5275500508242366
0.3378787878787879
0.3671348570387907
0.5297670317050163
