0.6543235851041447
0.3
0.8005344995140913
0.8844339622641509
0.9990234375
0.8387138429752066
0.9455678670360111
0.417561761546724
0.9993141289437586
0.403225806451613
0.6904166666666668
0.7080965909090909
0.4056437389770724
0.5717948717948719
0.6799319727891158
0.6378600823045267
0.7017173423423423
0.9985422740524781
0.9985422740524781
0.5922067901234568
0.9993141289437586
0.5681818181818182
0.6552706552706553
0.8066666666666668
0.8872344785192268
0.9137614678899082
0.7353107664440167
0.8294209702660407
0.6768837803320561
0.7891502808988763
0.7580266797381044
0.84841628959276
0.8719765684051398
0.5769944341372912
0.9368569958847738
0.6310553351973469
0.6089882761615284
0.4770408163265306
0.8073979373135352
0.7677606674262192
0.5859375
0.8541176470588235
0.37817121150454486
0.6738292011019285
0.526406035665295
0.8336433531746033
0.5317225509533201
0.5871051889452904
0.5792207792207793
0.9435256861365237
0.8240631163708086
0.8203389830508474
0.6672239368998628
0.5945849236641223
0.8079050160498126
0.5525072397500381
0.5602540049069128
0.9830554061323292
0.8788751714677641
0.3292035398230089
0.8071567357512954
0.5488691480667791
0.8057093425605536
0.7067625811934679
0.6543235851041446
0.6266659697904144
0.4817581794622612
0.6411490034610334
0.9085408512488891
0.4796616685890042
0.8993484224965708
0.7471465970286932
0.515031740328183
0.7033639143730889
0.7311475409836065
0.7882309078481328
0.6644218445460682
0.7165984291443849
0.6245234973010888
0.6059482616576042
0.6305283572205668
0.7608540671561989
0.48076923076923084
0.49546264786906496
0.818452380952381
0.6756726186885442
0.6407705219839723
0.5547745921736572
0.5616605616605616
0.65625
0.7352941176470589
0.6260288184438041
0.6345737316898892
0.6944444444444446
0.7575757575757576
0.5307377611817355
0.3817786704421982
0.46049452319587625
0.6664726862212276
0.7685873985121922
0.6499984667436702
0.47885848811774734
0.6890953906254542
0.6548286143240786
0.5354719366413206
0.5441810344827586
0.6350896030805687
0.49338466303818757
0.5993157721706254
0.5964040404040405
0.7091551704480674
0.6333612040133779
0.5649805447470817
0.7132686987639908
0.46411345286777816
0.7575892697891771
0.7208617519029773
0.6993983335810038
0.8036036036036034
0.6010052535865832
0.7496555613042745
0.6231844747159028
0.5594631213481243
0.5835294117647059
0.5109983741108929
0.7459140081408552
0.751685393258427
0.6420066107100385
0.595584569025321
0.5746477198406563
0.6716668975480398
0.6331099604020712
0.6450672387479484
0.5151161646685126
0.5847113816954734
0.48329033312721664
0.6283907898671451
0.5242940199335548
0.5661422419158099
0.8422398216139326
0.5455657492354741
0.8027702499247215
0.5855757926264267
0.5175715656484887
0.6618873502920573
0.6655092592592593
0.5391161396383328
0.4859447513812155
0.855940934065934
0.9997106481481481
0.7425742574257427
0.5212954747116239
0.5447533344046279
0.8762100168350168
0.78677398989899
0.7781250000000001
0.5336896663427275
0.5563218390804598
0.6914285714285714
0.5796973961998594
0.8950617283950617
0.9995
0.6405895691609977
0.6655092592592593
0.6555944055944056
0.758670520231214
0.7278195488721805
0.7885004671441919
0.8952067669172932
0.7885004671441919
0.5901535872080791
0.6582716049382716
0.9360242030696577
0.7501769285208776
0.4445422535211268
0.5893793336715711
0.8704894682320441
0.5136795086543829
0.5098308184727938
0.8233921161825726
0.9372157244964262
0.4725690170564446
0.41632653061224495
0.36418269230769235
0.534957627118644
0.461890243902439
0.40780141843971635
0.5289115646258503
0.754730983302412
0.5511111111111112
0.6632936507936508
0.5282426778242677
0.4821802935010482
0.5086402849369989
0.5679137466307278
0.7258079847908746
0.469448090257063
0.5292570677186061
0.4088406735751295
0.5135044642857143
0.5013864182106148
0.5122492034788598
0.27675698121042247
0.613252508361204
0.6098816684100418
0.6298026666666666
0.528830579850988
0.3864241315726861
0.4251339004410838
0.4181491928297968
0.6373285322359397
0.5021641800300133
0.5047109346554209
0.6289432835820895
0.7052154195011338
0.6398444067182013
0.4024362477231329
0.6503952095808383
0.5571279606733205
0.5808342245989304
0.5120986701710813
0.32717804652437565
0.5550986842105263
