0.9307692307692308
0.7964285714285715
0.849122807017544
0.0
0.7426470588235294
0.0
0.9362058089465456
0.5175091233791442
0.9323559670781892
0.373134328358209
0.7342394645174509
0.906986531986532
0.4508928571428571
0.526406035665295
0.6177156177156177
0.9997724169321802
0.0
0.7950680272108843
0.700152207001522
0.0
0.6392045454545455
0.0
0.9514508928571429
0.576923076923077
0.8021776203594386
0.8814159292035397
0.9060345992701717
0.875742702144149
0.8815192743764172
0.0
0.0
0.0
0.0
0.0
0.7203525641025642
0.0
0.7098765432098765
0.6036745406824148
0.8998240837962335
0.7957976089844221
0.8444636678200692
0.9500741473059812
0.4881482154209427
0.0
0.0
0.8696236800114744
0.5019997808459347
0.5978567399887197
0.0
0.0
0.0
0.9139118457300276
0.0
0.8236208236208235
0.0
0.0
0.0
0.7765534129170495
0.0
0.9363888888888889
0.0
0.0
0.0
0.0
0.755560651226783
0.036764705882352935
0.0
0.0
0.6035532092399853
0.0
0.6905406724247304
0.8211206896551724
0.0
0.0
0.7859245848877184
0.0
0.7490038706739526
0.0
0.0
0.0
0.0
0.7488207547169812
0.0
0.0
0.0
0.0
0.0
0.0
0.0
0.0
0.0
0.0
0.0
0.0
0.0
0.0
0.0
0.0
0.0
0.749709813285577
0.0
0.49834249125834423
0.0
0.0
0.0
0.0
0.0
0.0
0.0
0.0
0.0
0.0
0.0
0.0
0.0
0.0
0.0
0.0
0.0
0.0
0.0
0.0
0.0
0.0
0.0
0.0
0.0
0.0
0.0
0.0
0.0
0.0
0.0
0.0
0.0
0.0
0.0
0.5659518709444562
0.0
0.0
0.0
0.0
0.0
0.0
0.0
0.0
0.0
0.0
0.814692580369148
0.0
0.0
0.0
0.0
0.0
0.55957041051892
0.750387596899225
0.2485236220472441
0.0
0.0
0.7919541014957995
0.0
0.5461165048543689
0.0
0.0
0.0
0.0
0.0
0.0
0.0
0.0
0.0
0.0
0.0
0.0
0.0
0.0
0.0
0.0
0.0
0.0
0.0
0.0
0.0
0.0
0.0
0.0
0.0
0.0
0.0
0.0
0.0
0.0
0.0
0.0
0.0
0.0
0.0
0.0
0.0
0.0
0.0
0.0
0.0
0.0
0.0
0.0
0.0
0.0
0.0
0.0
0.0
0.0
0.0
0.0
0.0
0.0
0.0
0.0
0.0
0.0
0.0
0.0
0.0
