0.9921167492866516
0.9878526329994202
0.9783173203468323
0.9685382843017578
0.9920666813850403
0.9460002183914185
0.9905928373336792
0.9862257242202759
0.9894930124282837
0.9783685803413391
0.9856224060058594
0.9522683620452881
0.9348244071006775
0.8667301535606384
0.9482945203781128
0.9851289987564087
0.9555842876434326
0.9863727688789368
0.9671686887741089
0.9608448147773743
0.9824642539024353
0.9569982290267944
0.9882625937461853
0.9362822771072388
0.9700928330421448
0.96479731798172
0.9876636862754822
0.9914854764938354
0.9618893265724182
0.9277965426445007
0.9592304229736328
0.9668762683868408
0.981473445892334
0.9190300703048706
0.946986198425293
0.9414141178131104
0.9751006960868835
0.9125431180000305
0.9275738000869751
0.9832186698913574
0.9706323146820068
0.9786327481269836
0.9602245688438416
0.9635287523269653
0.972716212272644
0.9862228631973267
0.9513192772865295
0.9532392621040344
0.935967206954956
0.9505792856216431
0.977595865726471
0.9717862010002136
0.9656231999397278
0.9266840815544128
0.9590063095092773
0.9705148935317993
0.9175108075141907
0.9710075259208679
0.9585171341896057
0.9545528888702393
0.9469773769378662
0.9276873469352722
0.9494987726211548
0.9502798914909363
0.9721736311912537
0.9286082983016968
0.9575429558753967
0.8984193205833435
0.9173557162284851
0.9297705888748169
0.9714941382408142
0.9555976390838623
0.892568826675415
0.8929337859153748
0.9190787076950073
0.9479894638061523
0.9330624341964722
0.9190511703491211
0.9703648090362549
0.9471887946128845
0.9411476254463196
0.9669696092605591
0.9328657984733582
0.9606813192367554
0.9412389397621155
0.9792320132255554
0.9459102749824524
0.9815646409988403
0.926402747631073
0.9481566548347473
0.953916609287262
0.9223141670227051
0.9529131650924683
0.9621842503547668
0.9236881732940674
0.9176717400550842
0.8904074430465698
0.907007098197937
0.9006019830703735
0.9512693881988525
0.9698007106781006
0.8784163594245911
0.9575608968734741
0.9250595569610596
0.9574165344238281
0.9492368102073669
0.9556028842926025
0.939632773399353
0.9279327988624573
0.9299638867378235
0.9541799426078796
0.9433505535125732
0.9087379574775696
0.9314870238304138
0.9455349445343018
0.9571351408958435
0.9679261445999146
0.9565607905387878
0.9439356327056885
0.902660071849823
0.945698082447052
0.9286785125732422
0.8992895483970642
0.9626555442810059
0.9139701724052429
0.8985583782196045
0.9473175406455994
0.937431812286377
0.9225912690162659
0.9204105734825134
0.9504293203353882
0.9397038817405701
0.9462267160415649
0.9152079820632935
0.9158014059066772
0.9304202795028687
0.9448702931404114
0.9294596910476685
0.9099410772323608
0.9500888586044312
0.9362402558326721
0.9470632076263428
0.9669244289398193
0.9475826621055603
0.9517533779144287
0.9706617593765259
0.9278708100318909
0.9304084777832031
0.8900066614151001
0.883395791053772
0.8532857894897461
0.837200939655304
0.894607424736023
0.9602771401405334
0.8611469864845276
0.9374374747276306
0.8868352770805359
0.860870361328125
0.8339675664901733
0.9315099716186523
0.8693271279335022
0.8434153199195862
0.8504775166511536
0.8950067162513733
0.8335094451904297
0.8884351253509521
0.8521647453308105
0.8455928564071655
0.8274379968643188
0.8655787706375122
0.8654547929763794
0.8381824493408203
0.855446994304657
0.873518705368042
0.8423682451248169
0.8501977324485779
0.9062641859054565
0.8485097885131836
0.8448594808578491
0.8198572993278503
0.8977356553077698
0.8686823844909668
0.8331396579742432
0.8097859621047974
0.8158693313598633
0.8110578656196594
0.8297118544578552
0.8513317108154297
0.8517626523971558
0.83783358335495
0.86644047498703
0.8245888948440552
0.8934791684150696
0.8522005081176758
0.8551123738288879
0.8402351140975952
0.8082560300827026
0.808838963508606
0.7958289384841919
0.8335472345352173
0.8084259629249573
0.8653258085250854
0.8489488363265991
0.8154072761535645
0.8541499376296997
0.8450601100921631
0.8642172813415527
0.8212396502494812
0.8010550141334534
0.8419378995895386
0.8517975211143494
0.8700066804885864
0.8271847367286682
0.8298150300979614
0.8460986614227295
0.8597238659858704
0.8120758533477783
0.8195902109146118
0.8642609715461731
0.8426383137702942
0.8470401167869568
0.8321269750595093
0.8187541365623474
