0.9914196729660034
0.9574474096298218
0.8714637756347656
0.9386378526687622
0.9507477879524231
0.9908046722412109
0.9905928373336792
0.8511560559272766
0.9411937594413757
0.9783685803413391
0.9287658333778381
0.9622493982315063
0.9647490978240967
0.9142836332321167
0.9444251656532288
0.9643763303756714
0.8741829991340637
0.9888735413551331
0.9883139729499817
0.9062889218330383
0.9439612627029419
0.984874427318573
0.9882626533508301
0.888842761516571
0.9700928330421448
0.9363874793052673
0.9332761168479919
0.9849752187728882
0.9666265249252319
0.9729551672935486
0.9719028472900391
0.9110925793647766
0.9777178764343262
0.8648534417152405
0.8743727207183838
0.893625795841217
0.9348135590553284
0.9096186757087708
0.8699162006378174
0.9832185506820679
0.945176899433136
0.9792039394378662
0.9087262749671936
0.9346892237663269
0.9686965942382812
0.9911354184150696
0.9513193964958191
0.9452667832374573
0.8841155171394348
0.9535284042358398
0.9282165169715881
0.8983539342880249
0.9033214449882507
0.924503743648529
0.9590064287185669
0.9705148935317993
0.8470278382301331
0.9710075259208679
0.9502331018447876
0.9565230011940002
0.9529629945755005
0.8740491271018982
0.9164908528327942
0.9560912251472473
0.9505668878555298
0.8997626304626465
0.9448911547660828
0.880626916885376
0.9143990278244019
0.9057474732398987
0.9214490056037903
0.8875814080238342
0.9033031463623047
0.9058608412742615
0.9123212695121765
0.9477217793464661
0.8913209438323975
0.9543825387954712
0.9225630760192871
0.8675925135612488
0.9207196235656738
0.9235228896141052
0.9241878986358643
0.9582585692405701
0.867155909538269
0.9694665670394897
0.9675566554069519
0.9117200970649719
0.8732626438140869
0.8658140301704407
0.9180999994277954
0.9444236755371094
0.9368400573730469
0.940037727355957
0.9362226724624634
0.9330519437789917
0.8415918350219727
0.8626209497451782
0.8647592663764954
0.8770448565483093
0.9742617011070251
0.8839330077171326
0.9470904469490051
0.9391957521438599
0.9625917077064514
0.9127162098884583
0.9321358799934387
0.8646413683891296
0.8902102708816528
0.9493798613548279
0.9486991763114929
0.9450965523719788
0.8881598114967346
0.9287165999412537
0.9503644704818726
0.9396873116493225
0.9381083846092224
0.954429030418396
0.9292663335800171
0.8893126845359802
0.9425144791603088
0.9215194582939148
0.8938785195350647
0.8851322531700134
0.8447375893592834
0.9036886692047119
0.9476848840713501
0.9157145023345947
0.9152989983558655
0.9314113855361938
0.9228776693344116
0.9138573408126831
0.9446226358413696
0.8412032723426819
0.8502532243728638
0.9285815954208374
0.9305008053779602
0.9003218412399292
0.9019427299499512
0.9031696319580078
0.9541534185409546
0.9626664519309998
0.9221212863922119
0.9521843791007996
0.95611572265625
0.9529979228973389
0.9124975204467773
0.9181934595108032
0.8908568620681763
0.8283361196517944
0.8230058550834656
0.8225451707839966
0.8255817890167236
0.9274119138717651
0.8228875994682312
0.8286096453666687
0.7987834215164185
0.8235611915588379
0.8204965591430664
0.8967006206512451
0.8066849112510681
0.8153404593467712
0.808731198310852
0.809506893157959
0.8365716338157654
0.8191879987716675
0.7893133163452148
0.85787433385849
0.8858568072319031
0.8274474143981934
0.829717755317688
0.8211137056350708
0.8049230575561523
0.8157463669776917
0.8021180033683777
0.9078904390335083
0.8864805102348328
0.8241447806358337
0.8227522373199463
0.8147633671760559
0.8602510094642639
0.8445309400558472
0.7929610013961792
0.8082365393638611
0.8167369365692139
0.8134979605674744
0.8376818895339966
0.816169261932373
0.8129580616950989
0.828283429145813
0.8150483965873718
0.8083556294441223
0.8043968081474304
0.826470673084259
0.7914804816246033
0.7995629906654358
0.8010979294776917
0.7938764095306396
0.7867823243141174
0.8030439615249634
0.8006342649459839
0.8414039611816406
0.8264341354370117
0.8157347440719604
0.8656122088432312
0.829274594783783
0.848369300365448
0.7957293391227722
0.8016982078552246
0.8480106592178345
0.8443903923034668
0.7955741882324219
0.8055299520492554
0.8192140460014343
0.801489531993866
0.8035279512405396
0.7810845971107483
0.8056556582450867
0.85490882396698
0.7912691235542297
0.8242921233177185
0.8275644183158875
0.8171364665031433
