0.9867081046104431
0.9106197953224182
0.951547384262085
0.9581052660942078
0.9920667409896851
0.9606614112854004
0.9905928373336792
0.8649345636367798
0.989493191242218
0.9583044648170471
0.8997300267219543
0.9576599597930908
0.9059346914291382
0.9782297611236572
0.9185916185379028
0.9643763303756714
0.9095351696014404
0.9888734221458435
0.9850001931190491
0.9612759351730347
0.9439612030982971
0.9102071523666382
0.9339049458503723
0.9687635898590088
0.9700927138328552
0.9314607977867126
0.9676662683486938
0.9849750995635986
0.9666266441345215
0.9729551672935486
0.9522703289985657
0.9573044776916504
0.9654853940010071
0.8922008872032166
0.9355112910270691
0.936517059803009
0.9748231768608093
0.914740800857544
0.9540714025497437
0.9832186698913574
0.946969747543335
0.9792039394378662
0.9121924638748169
0.9348694086074829
0.9529994130134583
0.974124014377594
0.9513193368911743
0.9452667832374573
0.9492862224578857
0.9882211089134216
0.9593003392219543
0.9641520977020264
0.9654883146286011
0.9355888366699219
0.9124433398246765
0.9754465818405151
0.9014272689819336
0.973386824131012
0.9552099108695984
0.9039289355278015
0.9439508318901062
0.9237995147705078
0.916490912437439
0.9468550682067871
0.9449247121810913
0.9205939173698425
0.9472401738166809
0.9009588956832886
0.9125977754592896
0.919072687625885
0.9591561555862427
0.9569883942604065
0.8927813768386841
0.9128435850143433
0.940540075302124
0.9276233911514282
0.923348605632782
0.9491530656814575
0.956363320350647
0.8940540552139282
0.9246253967285156
0.9691951274871826
0.9239683747291565
0.9582586288452148
0.8973724842071533
0.9691628813743591
0.9588949680328369
0.9604485630989075
0.9599695205688477
0.943903386592865
0.9448296427726746
0.9175112843513489
0.9337785243988037
0.9264150857925415
0.9089166522026062
0.8983775973320007
0.884702742099762
0.9278907179832458
0.8998037576675415
0.945713996887207
0.9266377091407776
0.8846136927604675
0.9327335953712463
0.9421648979187012
0.9628405570983887
0.9223099946975708
0.947184681892395
0.9325042963027954
0.9012889862060547
0.9513602256774902
0.9529445171356201
0.9453169703483582
0.9312300086021423
0.9409138560295105
0.9342027902603149
0.9218148589134216
0.9396989941596985
0.9294511675834656
0.9444668889045715
0.9186092019081116
0.9221444725990295
0.9129239916801453
0.9098132848739624
0.9368817210197449
0.9106199145317078
0.9109893441200256
0.9269903898239136
0.9493014812469482
0.8926073312759399
0.9144072532653809
0.9169898629188538
0.9178248643875122
0.9388196468353271
0.9164143800735474
0.8972241878509521
0.9213187098503113
0.9450074434280396
0.903680145740509
0.9006463289260864
0.9580314755439758
0.9222322106361389
0.9361295104026794
0.9268735647201538
0.9533889293670654
0.9536720514297485
0.9536008238792419
0.8888329863548279
0.9176177382469177
0.9783931374549866
0.8827424049377441
0.8683474063873291
0.8982462286949158
0.9024376273155212
0.9252450466156006
0.9696652293205261
0.9465404748916626
0.8971158862113953
0.9440085291862488
0.9579973220825195
0.9228433966636658
0.8694919943809509
0.9400232434272766
0.908474862575531
0.9414710402488708
0.9755645990371704
0.9106393456459045
0.9492164850234985
0.9784945249557495
0.9322885870933533
0.9065377116203308
0.911615788936615
0.925180196762085
0.8817019462585449
0.8789079189300537
0.8621068000793457
0.9446570873260498
0.9558184146881104
0.8993332982063293
0.9151202440261841
0.9581856727600098
0.961664617061615
0.9188305735588074
0.8494830131530762
0.8704870343208313
0.8881993889808655
0.9054315686225891
0.9196041822433472
0.898895800113678
0.9042239189147949
0.8977991938591003
0.9407886266708374
0.9080328345298767
0.9184845685958862
0.905784010887146
0.9128371477127075
0.9220184683799744
0.8795652985572815
0.8547807335853577
0.840573787689209
0.8903394937515259
0.8700079321861267
0.924216628074646
0.9030485153198242
0.9096624255180359
0.9142132997512817
0.9154365062713623
0.9092628359794617
0.919300377368927
0.8744168281555176
0.8892964720726013
0.929874837398529
0.8621271252632141
0.8666859865188599
0.9134878516197205
0.8759732842445374
0.8811482191085815
0.8275697231292725
0.913734495639801
0.9080780148506165
0.8993757963180542
0.887759804725647
0.8662489652633667
0.88055819272995
