0.9867081046104431
0.920407235622406
0.9696273803710938
0.945110559463501
0.9507477879524231
0.9344155192375183
0.946017324924469
0.8542038798332214
0.9214078783988953
0.9783685803413391
0.9002437591552734
0.9622493982315063
0.9334198236465454
0.8776458501815796
0.9485318064689636
0.9401029944419861
0.8917496800422668
0.9863727688789368
0.9883139729499817
0.9057270884513855
0.9439612627029419
0.9244838953018188
0.9911352396011353
0.8342149257659912
0.9700927734375
0.8638674020767212
0.9839531779289246
0.8613279461860657
0.9524654746055603
0.9729552268981934
0.9775180220603943
0.962716281414032
0.9777178764343262
0.875503420829773
0.873869001865387
0.8916272521018982
0.9880160689353943
0.9125432372093201
0.9480518698692322
0.9897239208221436
0.9412695169448853
0.9792038202285767
0.911880612373352
0.9381855130195618
0.9407855868339539
0.9901978373527527
0.926150918006897
0.9063767194747925
0.9288190007209778
0.98000168800354
0.9579098224639893
0.8822046518325806
0.8382059335708618
0.9409772157669067
0.925061821937561
0.9804404973983765
0.8764710426330566
0.9827279448509216
0.9411345720291138
0.9565230011940002
0.9581896066665649
0.908889651298523
0.9310321807861328
0.9513367414474487
0.9738025665283203
0.9140901565551758
0.9454366564750671
0.8851141929626465
0.8496235013008118
0.9229742884635925
0.9639837145805359
0.935070276260376
0.8926834464073181
0.8708109855651855
0.9108529686927795
0.9147017002105713
0.8882824182510376
0.9530161619186401
0.9262674450874329
0.8798182010650635
0.8762543797492981
0.8805380463600159
0.9171956777572632
0.9153383374214172
0.8872436285018921
0.9851028919219971
0.9617545008659363
0.9068017601966858
0.9570714831352234
0.9185115098953247
0.9204508066177368
0.9264832139015198
0.9334003329277039
0.9076314568519592
0.9377968907356262
0.9089218378067017
0.8534703850746155
0.8966659307479858
0.9304709434509277
0.9097469449043274
0.9083006978034973
0.8911383152008057
0.9368166327476501
0.9384072422981262
0.944287121295929
0.928267240524292
0.9272805452346802
0.9104093313217163
0.9197705388069153
0.9435863494873047
0.9355894923210144
0.9560570120811462
0.9365376234054565
0.9505419731140137
0.9455349445343018
0.89580899477005
0.9666850566864014
0.954289972782135
0.866218090057373
0.8929575085639954
0.9278668165206909
0.8791229128837585
0.8934065699577332
0.876031219959259
0.8648203611373901
0.8690124154090881
0.9446041584014893
0.9654620885848999
0.8701816201210022
0.9314113855361938
0.9270777702331543
0.9022391438484192
0.9436920285224915
0.8913587331771851
0.8800653219223022
0.9067813754081726
0.9283316135406494
0.9096547961235046
0.8968870043754578
0.9644559025764465
0.9052337408065796
0.9589123129844666
0.9426027536392212
0.9636961817741394
0.938220739364624
0.950878918170929
0.907016396522522
0.9119910597801208
0.9283588528633118
0.9681084752082825
0.9355460405349731
0.9189741611480713
0.8550644516944885
0.9274118542671204
0.9279748797416687
0.8973413705825806
0.8745465278625488
0.9596507549285889
0.9498825073242188
0.89338618516922
0.9075376987457275
0.8775582313537598
0.9571760892868042
0.8303510546684265
0.8440766334533691
0.8459469079971313
0.8130214810371399
0.8599501252174377
0.8871791958808899
0.9419405460357666
0.9307194948196411
0.9458067417144775
0.974317193031311
0.9356496334075928
0.9049845337867737
0.8501145839691162
0.8953695297241211
0.9247490763664246
0.9033232927322388
0.8967596888542175
0.8415843844413757
0.8250845670700073
0.8956570029258728
0.8974039554595947
0.9294400811195374
0.8899021148681641
0.9361250400543213
0.8491998910903931
0.8459051251411438
0.856003999710083
0.8476227521896362
0.9336783289909363
0.8651469349861145
0.8948964476585388
0.8305047750473022
0.8397418260574341
0.8331171870231628
0.9020642638206482
0.8891361355781555
0.9046654105186462
0.8951780200004578
0.8799668550491333
0.8995075225830078
0.9129223227500916
0.8955087065696716
0.8418535590171814
0.8531776070594788
0.9244726896286011
0.8942439556121826
0.8463190197944641
0.9051434993743896
0.8487796187400818
0.8445810079574585
0.8598921298980713
0.8256027102470398
0.853327751159668
0.9061440229415894
0.8157958984375
0.8750724196434021
0.7833847999572754
0.9120112061500549
0.9258899688720703
0.8967155814170837
