0.9896665811538696
0.9150171279907227
0.9277817010879517
0.9235792756080627
0.8774383664131165
0.9069569706916809
0.9905927777290344
0.8932468295097351
0.9748809933662415
0.9364638328552246
0.8883087038993835
0.9393203258514404
0.8844069242477417
0.9297200441360474
0.9268115758895874
0.9343499541282654
0.9047839045524597
0.9045382142066956
0.9614101648330688
0.9097907543182373
0.9164977669715881
0.8631881475448608
0.9367533922195435
0.9029201865196228
0.9848239421844482
0.9236751198768616
0.9599089026451111
0.9849751591682434
0.9749295711517334
0.926426112651825
0.9229573011398315
0.9176047444343567
0.9663500785827637
0.8814587593078613
0.9260934591293335
0.9062068462371826
0.9133524894714355
0.9070600271224976
0.933350145816803
0.9601038098335266
0.9378379583358765
0.9792038798332214
0.9056835770606995
0.9447584748268127
0.9533640146255493
0.945124626159668
0.943575918674469
0.9532392621040344
0.9194513559341431
0.9818158149719238
0.9211133718490601
0.9382746815681458
0.9324628710746765
0.9469888210296631
0.9204822182655334
0.9532089233398438
0.9099251627922058
0.9208561778068542
0.9650710821151733
0.925520658493042
0.9292950630187988
0.9247359037399292
0.9521685242652893
0.9163722395896912
0.9471690654754639
0.9296437501907349
0.923855721950531
0.9124175906181335
0.9372820258140564
0.926784098148346
0.9691897034645081
0.925668478012085
0.9053069949150085
0.8989325761795044
0.9215708374977112
0.9242720603942871
0.9267757534980774
0.9291887879371643
0.9196416735649109
0.9331608414649963
0.9041846990585327
0.9000800848007202
0.9237427711486816
0.9502140879631042
0.9125436544418335
0.9480777382850647
0.9261249899864197
0.939600944519043
0.9175548553466797
0.9320369362831116
0.9509240984916687
0.9379514455795288
0.8991272449493408
0.9357700943946838
0.9070025682449341
0.9109993577003479
0.9066299200057983
0.9025013446807861
0.9189020991325378
0.947222888469696
0.9366136789321899
0.9127292633056641
0.9492794275283813
0.9466707110404968
0.9287396669387817
0.9631549715995789
0.9096018075942993
0.9163850545883179
0.9218522906303406
0.92240309715271
0.9541305899620056
0.9519793391227722
0.9316192269325256
0.9165784120559692
0.9444547891616821
0.930644690990448
0.9529427289962769
0.9277865290641785
0.9349444508552551
0.8952597975730896
0.9381343126296997
0.9244375824928284
0.8965479135513306
0.9284138083457947
0.904827892780304
0.9066221117973328
0.9269500970840454
0.9261390566825867
0.9291137456893921
0.9164250493049622
0.9007187485694885
0.917223334312439
0.9110532402992249
0.9222435355186462
0.9166333079338074
0.8997461199760437
0.9378453493118286
0.9168895483016968
0.9112751483917236
0.9389346837997437
0.9200668334960938
0.9215627312660217
0.9104388356208801
0.9387840628623962
0.9467968344688416
0.9470660090446472
0.9049553275108337
0.9400718808174133
0.9764068722724915
0.9281202554702759
0.9214901328086853
0.9168332815170288
0.8711262941360474
0.9185172319412231
0.9308863282203674
0.9386089444160461
0.9322531819343567
0.9230139255523682
0.9270102381706238
0.9273105263710022
0.9198411107063293
0.9200881719589233
0.9139395356178284
0.910281240940094
0.9440990686416626
0.9370330572128296
0.9124541282653809
0.9202185869216919
0.9027312397956848
0.8734235763549805
0.917712390422821
0.9112787842750549
0.8921021223068237
0.8989775776863098
0.8810157179832458
0.9176265001296997
0.9166697859764099
0.8668422102928162
0.884895384311676
0.9252454042434692
0.9027210474014282
0.891979992389679
0.867616593837738
0.8826836943626404
0.8886128067970276
0.8694823980331421
0.8764948844909668
0.8566413521766663
0.8506106734275818
0.8752930760383606
0.9057462811470032
0.8701459765434265
0.8901810050010681
0.8598097562789917
0.8722252249717712
0.8897848725318909
0.8894848823547363
0.8612169623374939
0.8537180423736572
0.8890639543533325
0.8689906597137451
0.9213626384735107
0.8757583498954773
0.8717462420463562
0.8972638249397278
0.8945550322532654
0.8820121884346008
0.8753200769424438
0.8600801229476929
0.8955377340316772
0.9072948098182678
0.8606707453727722
0.8867014050483704
0.8769054412841797
0.8810386657714844
0.8868606686592102
0.8664395213127136
0.8934754133224487
0.8779408931732178
0.895010232925415
0.8518745303153992
0.8565919995307922
0.855344295501709
