0.9342688918113708
0.9829815626144409
0.9163299798965454
0.0
0.9336862564086914
0.9022011756896973
0.957924485206604
0.9440834522247314
0.9647322297096252
0.9457003474235535
0.8974403142929077
0.9214601516723633
0.8997880220413208
0.9338988661766052
0.9169741868972778
0.9643762707710266
0.0
0.9489314556121826
0.9483729600906372
0.0
0.9783855080604553
0.9529514908790588
0.9254708290100098
0.9637815952301025
0.930166482925415
0.931917130947113
0.9213193655014038
0.9257732629776001
0.9707998037338257
0.9156962633132935
0.9634081125259399
0.9413007497787476
0.9287825226783752
0.876713752746582
0.9329867959022522
0.9020493030548096
0.9683746695518494
0.918954074382782
0.9485840201377869
0.9897239208221436
0.9554091095924377
0.9550746083259583
0.916272759437561
0.9181390404701233
0.9449476599693298
0.9702598452568054
0.8908300399780273
0.8617162108421326
0.909846842288971
0.9437239170074463
0.9188711643218994
0.9020261168479919
0.8849145770072937
0.9314906001091003
0.9296924471855164
0.9573923945426941
0.9101682305335999
0.9683204293251038
0.9313912987709045
0.9466214776039124
0.9147154688835144
0.8996408581733704
0.9076106548309326
0.9296610951423645
0.96075838804245
0.9094105362892151
0.9309040904045105
0.8973681330680847
0.9323924779891968
0.9174717664718628
0.9303218126296997
0.9404134154319763
0.9074959754943848
0.9062563180923462
0.9264971017837524
0.9375478029251099
0.9008443355560303
0.947865903377533
0.9185333847999573
0.9155629873275757
0.9435149431228638
0.9394638538360596
0.9257447719573975
0.9205174446105957
0.9232436418533325
0.9530424475669861
0.9524846076965332
0.9465475082397461
0.9028803110122681
0.9101910591125488
0.9540049433708191
0.9455747604370117
0.9303342700004578
0.9480836391448975
0.9398664236068726
0.9236530661582947
0.922310471534729
0.9189967513084412
0.9065574407577515
0.9597242474555969
0.9051507115364075
0.9118395447731018
0.9453439116477966
0.9275469779968262
0.9379393458366394
0.8875309824943542
0.9381757378578186
0.9097201228141785
0.884467601776123
0.9058814644813538
0.9237063527107239
0.9170160293579102
0.9162940382957458
0.9318050742149353
0.9233905076980591
0.9168067574501038
0.9564774036407471
0.9030408263206482
0.9341357350349426
0.882063627243042
0.9124781489372253
0.9134988188743591
0.9034141302108765
0.9100742340087891
0.9116570353507996
0.90216064453125
0.9161762595176697
0.9208742380142212
0.9258705377578735
0.929669201374054
0.9380675554275513
0.9240041971206665
0.9108843803405762
0.9186295866966248
0.9024944305419922
0.9103853106498718
0.9249778389930725
0.9436536431312561
0.9053739905357361
0.9408741593360901
0.910797655582428
0.9344173669815063
0.8899151086807251
0.9458199739456177
0.938204288482666
0.9318773746490479
0.9092294573783875
0.913547158241272
0.9783931374549866
0.0
0.0
0.0
0.0
0.8982177972793579
0.9502418637275696
0.9422460794448853
0.8961600661277771
0.0
0.0
0.9217310547828674
0.0
0.9742769598960876
0.0
0.9319919347763062
0.977402925491333
0.9312652349472046
0.8983595967292786
0.9523965120315552
0.8944472670555115
0.0
0.9196668863296509
0.9107574224472046
0.0
0.0
0.0
0.9187400341033936
0.9202877879142761
0.0
0.9310246109962463
0.9597512483596802
0.9395997524261475
0.9083079099655151
0.0
0.0
0.9037582874298096
0.9061765670776367
0.9174762964248657
0.8716685771942139
0.8785488605499268
0.9179959297180176
0.9178205132484436
0.0
0.9250808954238892
0.9133890271186829
0.9090472459793091
0.9272390604019165
0.9158555865287781
0.8398101925849915
0.0
0.0
0.0
0.8998103141784668
0.9080271124839783
0.8853327631950378
0.9113299250602722
0.9223111271858215
0.9089979529380798
0.8777121305465698
0.0
0.9174951314926147
0.9243062734603882
0.8760406374931335
0.884929895401001
0.9197999238967896
0.905146598815918
0.9005429148674011
0.0
0.9013831615447998
0.9246554374694824
0.9018722176551819
0.0
0.8952085971832275
0.8624476790428162
