0.9867081046104431
0.9653562307357788
0.9136369228363037
0.9506763219833374
0.9507478475570679
0.945292055606842
0.9746056199073792
0.9312069416046143
0.9894931316375732
0.8571847081184387
0.8987859487533569
0.9576599597930908
0.9068016409873962
0.9251627326011658
0.9453949928283691
0.9742541909217834
0.9226686954498291
0.9863727688789368
0.9883139729499817
0.9099942445755005
0.9783855080604553
0.9290323853492737
0.9882626533508301
0.9637816548347473
0.970910906791687
0.930443525314331
0.9676662087440491
0.9849751591682434
0.9376246929168701
0.941360354423523
0.9268568158149719
0.9460839629173279
0.9114834666252136
0.8721337914466858
0.9407282471656799
0.9127418398857117
0.9396468997001648
0.9069488644599915
0.9563453793525696
0.9477372169494629
0.9563819169998169
0.9520369172096252
0.8877271413803101
0.9230082631111145
0.9480328559875488
0.9862228035926819
0.9305116534233093
0.9344696402549744
0.9142124056816101
0.9224241971969604
0.9641869068145752
0.9610205292701721
0.9284259080886841
0.9089692831039429
0.928148090839386
0.9804405570030212
0.872433066368103
0.9340854287147522
0.8888854384422302
0.9640516042709351
0.9323965907096863
0.8969934582710266
0.9425726532936096
0.9367265701293945
0.9144753217697144
0.9453750848770142
0.9235368371009827
0.9016525745391846
0.9196903109550476
0.8999569416046143
0.9432917237281799
0.9191399812698364
0.8928837776184082
0.9161167144775391
0.9253262877464294
0.907627284526825
0.9267070889472961
0.9270926713943481
0.9338204860687256
0.9260368943214417
0.9084230661392212
0.9302390217781067
0.8917839527130127
0.9418568015098572
0.903910219669342
0.9307116270065308
0.946346640586853
0.9682250618934631
0.9267315864562988
0.9432112574577332
0.9475489854812622
0.9218130707740784
0.8923133611679077
0.9180595278739929
0.9165756702423096
0.8973420858383179
0.8773257732391357
0.9091631770133972
0.8963953852653503
0.9362288117408752
0.8832951188087463
0.9009730219841003
0.8887995481491089
0.9125285744667053
0.9370564222335815
0.9164339303970337
0.8813214898109436
0.931388258934021
0.8798057436943054
0.9082881212234497
0.915010929107666
0.8736052513122559
0.9056410789489746
0.9066415429115295
0.8984495997428894
0.9013819694519043
0.9530072808265686
0.9013501405715942
0.9254588484764099
0.8727665543556213
0.9178407788276672
0.8943304419517517
0.8848680853843689
0.8960064649581909
0.9005250930786133
0.9026248455047607
0.9035303592681885
0.9325476884841919
0.8728092312812805
0.9014774560928345
0.9119319319725037
0.8960381150245667
0.9243277907371521
0.8913753032684326
0.902829110622406
0.8846582770347595
0.9149156212806702
0.9324767589569092
0.9076038599014282
0.8788080215454102
0.9098262786865234
0.9144139289855957
0.89452064037323
0.9475893378257751
0.93942791223526
0.9207831025123596
0.9084472060203552
0.8954491019248962
0.9783931970596313
0.9224390983581543
0.9172760248184204
0.8937838077545166
0.8797386884689331
0.9439398050308228
0.9657670259475708
0.9533371925354004
0.9318150281906128
0.8757988214492798
0.899708092212677
0.9659404754638672
0.912505030632019
0.9557092189788818
0.9076253175735474
0.8977240324020386
0.9816147089004517
0.9280752539634705
0.9175794124603271
0.9563902616500854
0.926064133644104
0.8919222950935364
0.9226729273796082
0.8802428245544434
0.9033929109573364
0.9101840257644653
0.8549941778182983
0.9011598825454712
0.8999152183532715
0.8779382109642029
0.888106644153595
0.8917287588119507
0.9497435092926025
0.8904231190681458
0.834831953048706
0.862399697303772
0.875493586063385
0.8858637809753418
0.8890098929405212
0.8683729767799377
0.8692048192024231
0.9012187123298645
0.8976724743843079
0.8474295139312744
0.9198039174079895
0.9171801209449768
0.8891870975494385
0.8642473816871643
0.8716250658035278
0.8323009014129639
0.8328909873962402
0.8750131726264954
0.8451563715934753
0.8969024419784546
0.8674659132957458
0.8773162364959717
0.8740502595901489
0.8925067782402039
0.8758655190467834
0.893102765083313
0.8500139713287354
0.8972790241241455
0.8821006417274475
0.865777850151062
0.8886252641677856
0.8963149189949036
0.8465009331703186
0.8645761013031006
0.8466880917549133
0.9049806594848633
0.879338800907135
0.8785635828971863
0.8569082617759705
0.8767509460449219
0.8967393040657043
