0.9342698454856873
0.8873931169509888
0.9569797515869141
0.9360369443893433
0.9920666813850403
0.961545467376709
0.9874868392944336
0.8997781872749329
0.9894930720329285
0.8849489688873291
0.9453237652778625
0.9333705306053162
0.9183146357536316
0.9205483794212341
0.9506605267524719
0.9012386202812195
0.9349259734153748
0.9863727688789368
0.983306884765625
0.9589061737060547
0.9824642539024353
0.9063127040863037
0.9649538397789001
0.9482222199440002
0.9680543541908264
0.9411598443984985
0.9510219693183899
0.9748813509941101
0.9687401056289673
0.9493312835693359
0.9464854001998901
0.9483262896537781
0.9603780508041382
0.9120287895202637
0.9465173482894897
0.9221190214157104
0.9491098523139954
0.9351354241371155
0.9422723650932312
0.9696995615959167
0.9258956909179688
0.9291465878486633
0.8907625079154968
0.9348692893981934
0.9398361444473267
0.9726091623306274
0.9251152276992798
0.9289995431900024
0.9024060964584351
0.9527272582054138
0.9367955327033997
0.9599132537841797
0.9262876510620117
0.9609991312026978
0.902901828289032
0.947691023349762
0.9168856739997864
0.9737058281898499
0.9170670509338379
0.8815812468528748
0.9442879557609558
0.9192056655883789
0.9508981108665466
0.9391701817512512
0.9446715712547302
0.9222020506858826
0.9030121564865112
0.9132615923881531
0.9396246671676636
0.917826235294342
0.9616891741752625
0.9328579306602478
0.8983820080757141
0.9252130389213562
0.9439666271209717
0.9410151839256287
0.9264481663703918
0.9382339715957642
0.918694257736206
0.898547351360321
0.9312676787376404
0.9399879574775696
0.9205138087272644
0.8930272459983826
0.914271891117096
0.9333214163780212
0.9418564438819885
0.9086252450942993
0.9110659956932068
0.9269697070121765
0.949677586555481
0.923462450504303
0.9221965074539185
0.9353774785995483
0.937228262424469
0.9057702422142029
0.8766636848449707
0.8855987787246704
0.9142524600028992
0.9540989398956299
0.9234696626663208
0.9061499834060669
0.9099243879318237
0.9272603988647461
0.9339064359664917
0.9191505908966064
0.9019419550895691
0.8977383375167847
0.9031112790107727
0.9225917458534241
0.9271892309188843
0.9355407953262329
0.9364438652992249
0.9290842413902283
0.9302100539207458
0.9411957859992981
0.9347808361053467
0.9166260957717896
0.9423288702964783
0.8982234001159668
0.9082297682762146
0.8912132382392883
0.9017957448959351
0.9169809818267822
0.9081891775131226
0.9318462610244751
0.9366609454154968
0.9295588731765747
0.9106155037879944
0.9019434452056885
0.9290139079093933
0.9198384881019592
0.9250308871269226
0.901495635509491
0.9308990240097046
0.9066274166107178
0.9306895732879639
0.9160001277923584
0.9036312103271484
0.9454957246780396
0.9284062385559082
0.9421533346176147
0.9278888702392578
0.9346356987953186
0.9229801297187805
0.9009792804718018
0.9105382561683655
0.9264613389968872
0.9733283519744873
0.9824792742729187
0.9462379217147827
0.9189741611480713
0.9162500500679016
0.9167677164077759
0.9696652293205261
0.9465404748916626
0.9425659775733948
0.9583650827407837
0.9530273675918579
0.9273104071617126
0.9075376987457275
0.9850989580154419
0.9255525469779968
0.935530424118042
0.9650980234146118
0.9631302952766418
0.9406927227973938
0.9649877548217773
0.9662582278251648
0.9215574860572815
0.9298992156982422
0.9310745000839233
0.9743171334266663
0.9356496334075928
0.8631294965744019
0.9325594305992126
0.9563736915588379
0.9395621418952942
0.9337731003761292
0.9646013975143433
0.9640251994132996
0.9287365674972534
0.8607978224754333
0.8736507892608643
0.9174147248268127
0.9171038866043091
0.8976954817771912
0.9035175442695618
0.9380404949188232
0.9279419779777527
0.9459690451622009
0.9064018130302429
0.9236912131309509
0.9315987229347229
0.9307371973991394
0.9541033506393433
0.9230898022651672
0.8718441128730774
0.8669040203094482
0.9037075042724609
0.9157204627990723
0.8958070278167725
0.9085770845413208
0.9303396344184875
0.9337149858474731
0.9112197756767273
0.9369330406188965
0.893797755241394
0.9226739406585693
0.9050105810165405
0.92365962266922
0.8976536393165588
0.9087299108505249
0.9313168525695801
0.9397988319396973
0.9206090569496155
0.8911505341529846
0.9281151294708252
0.9330286979675293
0.9172915816307068
0.9035872220993042
0.9161150455474854
0.9201046824455261
