0.963286817073822
0.9192028045654297
0.9610031247138977
0.7696794867515564
0.9627205729484558
0.7898346185684204
0.9687489867210388
0.9053299427032471
0.9420045018196106
0.8567240834236145
0.9358839392662048
0.9680431485176086
0.907966673374176
0.8806025385856628
0.9360610842704773
0.9529250860214233
0.7951855063438416
0.970065712928772
0.9613522887229919
0.8110172152519226
0.9165511727333069
0.7815487384796143
0.9295881390571594
0.9286004304885864
0.9322283267974854
0.948148250579834
0.9724953174591064
0.9160569310188293
0.8946456909179688
0.7796911597251892
0.7897685766220093
0.7869201898574829
0.7738132476806641
0.7507920265197754
0.9188877940177917
0.7735031247138977
0.9442485570907593
0.8948413133621216
0.9327638745307922
0.9504282474517822
0.962092936038971
0.9456733465194702
0.9079430103302002
0.7788722515106201
0.7652356028556824
0.9681316614151001
0.9466850757598877
0.9377661943435669
0.8026577830314636
0.7833960652351379
0.7978820204734802
0.9696080684661865
0.7850112915039062
0.9109371304512024
0.7959339618682861
0.7869343161582947
0.7819637656211853
0.9340854287147522
0.7847601771354675
0.956394612789154
0.767469584941864
0.7693813443183899
0.7747064232826233
0.8005580902099609
0.9576594829559326
0.7897712588310242
0.7754924297332764
0.7755044102668762
0.9252102375030518
0.7751267552375793
0.9563751220703125
0.9551882147789001
0.7598819136619568
0.7805472016334534
0.9138296246528625
0.7697638869285583
0.9388597011566162
0.7776315808296204
0.7619562149047852
0.7654682397842407
0.7859892845153809
0.9590209722518921
0.8081022500991821
0.7886165976524353
0.7914096713066101
0.7774801254272461
0.7827457785606384
0.7769667506217957
0.7819951772689819
0.7755744457244873
0.7684952020645142
0.775086522102356
0.7990314364433289
0.7707124352455139
0.7716425061225891
0.7791805863380432
0.7450713515281677
0.7633073925971985
0.774164617061615
0.9362287521362305
0.746432900428772
0.892406165599823
0.7706591486930847
0.810891330242157
0.7680196762084961
0.7802627682685852
0.7811592221260071
0.7744825482368469
0.7751913070678711
0.7761399149894714
0.7882092595100403
0.7772592902183533
0.769808828830719
0.7687714695930481
0.781653106212616
0.7896881699562073
0.7983161807060242
0.7503212690353394
0.7857242822647095
0.7901962399482727
0.7917162775993347
0.7920381426811218
0.7735934257507324
0.7669954299926758
0.7547078728675842
0.7729763984680176
0.7732810378074646
0.7670945525169373
0.7686075568199158
0.7758670449256897
0.7740845084190369
0.7771949172019958
0.763624906539917
0.7639085054397583
0.7662394046783447
0.7707774639129639
0.7805662155151367
0.9346151947975159
0.7818077802658081
0.7726324796676636
0.7774841785430908
0.7685989141464233
0.7730975151062012
0.7605395913124084
0.7586243152618408
0.7817777395248413
0.7636048197746277
0.7746757864952087
0.9339616298675537
0.7932887077331543
0.7873147130012512
0.8061850070953369
0.781143069267273
0.7894067764282227
0.9430648684501648
0.9456261992454529
0.9091402888298035
0.7941616177558899
0.7976436614990234
0.9295734167098999
0.791151762008667
0.9225836992263794
0.7768636345863342
0.786110520362854
0.7738045454025269
0.7868139743804932
0.7613974213600159
0.7721444964408875
0.7614404559135437
0.8106415867805481
0.7962477207183838
0.7824326753616333
0.780461311340332
0.8049079775810242
0.7735376358032227
0.788321852684021
0.7918329238891602
0.7854575514793396
0.7930930852890015
0.7750740051269531
0.7587285041809082
0.7833417057991028
0.7697886228561401
0.7770836353302002
0.7944567799568176
0.7776114344596863
0.8032206296920776
0.7879189252853394
0.7817562222480774
0.7735731601715088
0.7691353559494019
0.7859573364257812
0.7735670208930969
0.75765061378479
0.7493698596954346
0.7610294222831726
0.7871239185333252
0.76288902759552
0.7828354835510254
0.769399881362915
0.7662630677223206
0.7783447504043579
0.7883039712905884
0.7836529016494751
0.7691569328308105
0.7589989900588989
0.773676335811615
0.7577011585235596
0.7640459537506104
0.7812113165855408
0.7696512937545776
0.7560509443283081
0.7554649710655212
0.7608000636100769
0.7640531659126282
0.7707407474517822
0.7528020739555359
0.7501126527786255
0.7778252959251404
0.7488479614257812
0.8074487447738647
0.7966577410697937
0.7920618057250977
