-2.691011667251587
-3.5665853023529053
-3.439004898071289
-3.0990490913391113
-2.2314612865448
-2.6305246353149414
-1.6854182481765747
-2.8212785720825195
-3.0814783573150635
-3.668692111968994
-3.817429780960083
-3.2243435382843018
-3.159959316253662
-4.775309085845947
-3.744105577468872
-2.3597185611724854
-3.9470784664154053
-3.209209442138672
-2.9287426471710205
-2.8651785850524902
-2.8900187015533447
-2.9048447608947754
-2.3294804096221924
-3.605344295501709
-2.6244332790374756
-3.274223804473877
-3.1466944217681885
-2.4558568000793457
-3.1794681549072266
-3.3810346126556396
-2.7720205783843994
-2.3955929279327393
-1.8425800800323486
-3.95912504196167
-3.1724812984466553
-3.6046876907348633
-2.889714002609253
-3.3416941165924072
-3.385566473007202
-1.7802876234054565
-3.1629295349121094
-2.8965280055999756
-2.8959264755249023
-2.8232433795928955
-1.9868797063827515
-1.9904463291168213
-3.3162271976470947
-3.3628621101379395
-3.4206502437591553
-2.0277481079101562
-2.6527512073516846
-2.8493809700012207
-2.9884634017944336
-2.8927485942840576
-2.785809278488159
-2.2559711933135986
-4.07272481918335
-2.3418264389038086
-2.6172869205474854
-3.886244058609009
-3.6111643314361572
-3.0374040603637695
-2.668184280395508
-3.002040386199951
-2.85530161857605
-3.1590192317962646
-2.334348201751709
-3.488101005554199
-2.705857515335083
-2.6627755165100098
-2.073789358139038
-2.6871442794799805
-3.9709317684173584
-4.368198871612549
-3.135280132293701
-2.1772994995117188
-2.8899624347686768
-3.0301432609558105
-2.811124086380005
-2.539020538330078
-2.495727777481079
-2.3149473667144775
-3.3432841300964355
-2.560124397277832
-2.0700175762176514
-2.133729934692383
-2.7519235610961914
-2.30012583732605
-3.5618889331817627
-2.5106167793273926
-2.268958330154419
-2.976094961166382
-3.1391775608062744
-2.108128547668457
-2.6502954959869385
-2.980103015899658
-4.101232528686523
-4.069816589355469
-2.7769792079925537
-2.7152748107910156
-1.4872511625289917
-4.037477493286133
-2.7725296020507812
-3.0477683544158936
-2.407360553741455
-2.2717947959899902
-2.532227039337158
-2.4897828102111816
-2.6952784061431885
-2.455780267715454
-2.540684700012207
-3.20967960357666
-3.62296986579895
-2.958768844604492
-2.753026247024536
-3.0297043323516846
-1.8326704502105713
-1.9320361614227295
-2.1927268505096436
-3.032923460006714
-2.533640146255493
-2.7560434341430664
-3.7086703777313232
-2.5180201530456543
-3.6661558151245117
-3.752495765686035
-2.4359986782073975
-2.2996022701263428
-3.3378243446350098
-2.8740131855010986
-1.868894100189209
-2.0232913494110107
-2.3957173824310303
-2.531926393508911
-2.235818386077881
-2.5292890071868896
-2.2106857299804688
-2.887817144393921
-3.052345037460327
-2.2419791221618652
-3.0166308879852295
-2.3835816383361816
-1.994719386100769
-1.7285889387130737
-2.377598762512207
-2.683652639389038
-2.5498833656311035
-3.5463850498199463
-4.5340704917907715
-4.075997352600098
-4.664000988006592
-6.67201566696167
-4.299163341522217
-3.9431450366973877
-4.871613502502441
-4.3176774978637695
-5.432586669921875
-5.471799373626709
-6.497551441192627
-3.564795970916748
-5.257188320159912
-6.910188674926758
-6.327785491943359
-3.730626106262207
-4.730234146118164
-3.8603508472442627
-6.512942314147949
-4.965088844299316
-7.173372745513916
-4.872369289398193
-5.266221046447754
-7.004617214202881
-6.650947093963623
-4.793360233306885
-4.741666316986084
-5.13183069229126
-4.62406063079834
-5.002043724060059
-4.950619220733643
-4.766929626464844
-3.528815269470215
-4.1291022300720215
-5.767685413360596
-5.626463890075684
-5.6488518714904785
-5.543629169464111
-4.947948455810547
-4.658117294311523
-4.043467044830322
-5.684663772583008
-4.4219970703125
-6.08571720123291
-5.270773410797119
-4.866589546203613
-5.500746726989746
-5.031113624572754
-5.245516777038574
-4.928941249847412
-5.630985736846924
-5.011606216430664
-5.5060858726501465
-4.875890731811523
-5.995100498199463
-5.5806565284729
-4.810031414031982
-5.073156833648682
-3.960221767425537
-4.842408657073975
-5.412966728210449
-4.724699974060059
-4.115810871124268
-4.9955267906188965
-5.305901050567627
-5.504547595977783
-4.491820812225342
-4.873538970947266
-4.997424602508545
-5.352207660675049
-3.9591867923736572
-5.274107456207275
-5.228497505187988
-5.877833843231201
-6.105305194854736
