-2.7484683990478516
-4.258398056030273
-5.63238525390625
-3.6561524868011475
-2.6404261589050293
-1.8738484382629395
-1.6854182481765747
-6.150428771972656
-3.5105762481689453
-3.668692111968994
-4.303709506988525
-2.8211915493011475
-2.909369468688965
-5.088287353515625
-3.6248061656951904
-3.027438163757324
-6.540187358856201
-3.039071559906006
-2.5963573455810547
-5.1043009757995605
-3.3756237030029297
-2.6594977378845215
-2.3294804096221924
-6.185665607452393
-2.6244332790374756
-3.4581494331359863
-3.713654041290283
-2.713549852371216
-3.2768023014068604
-3.0279130935668945
-2.6615331172943115
-4.0106425285339355
-1.9505259990692139
-4.020776748657227
-4.665410041809082
-4.596444129943848
-2.9161243438720703
-3.453035831451416
-5.23123025894165
-1.7802873849868774
-2.726828098297119
-2.942716121673584
-3.544626235961914
-3.0813140869140625
-2.0591073036193848
-1.9831541776657104
-3.3162271976470947
-3.4514477252960205
-5.539468288421631
-3.167820453643799
-3.6609060764312744
-4.445454120635986
-4.738999843597412
-3.1167638301849365
-2.785809278488159
-2.2559711933135986
-6.372772216796875
-2.3418264389038086
-2.384861946105957
-3.2435011863708496
-3.1360371112823486
-5.091876983642578
-3.6340172290802
-3.628493547439575
-3.313775062561035
-3.6698415279388428
-3.482771873474121
-3.467120885848999
-3.4844419956207275
-3.740644931793213
-3.2229738235473633
-4.241692543029785
-4.454853057861328
-3.7403314113616943
-4.1099772453308105
-3.244978427886963
-4.48208475112915
-3.1786158084869385
-4.188836097717285
-5.119318008422852
-4.07555627822876
-3.541661262512207
-3.2271673679351807
-2.9695239067077637
-3.989595651626587
-2.508533477783203
-2.9762253761291504
-3.924105405807495
-5.671905517578125
-5.0577592849731445
-4.224981784820557
-2.5706076622009277
-3.1643261909484863
-2.257051706314087
-2.7582194805145264
-3.0997564792633057
-4.992317199707031
-4.738919734954834
-3.9421863555908203
-4.424239635467529
-1.3756567239761353
-4.102029323577881
-2.8097896575927734
-2.577949285507202
-2.4112651348114014
-3.5753047466278076
-3.010688066482544
-5.308418273925781
-4.37824010848999
-2.5446207523345947
-2.686314105987549
-3.185089588165283
-4.518914699554443
-3.5173821449279785
-2.425161838531494
-3.7281949520111084
-3.0257043838500977
-1.9196534156799316
-2.500688314437866
-4.831069469451904
-2.4845290184020996
-3.4555227756500244
-3.76418399810791
-3.9956939220428467
-4.352536201477051
-3.874739170074463
-2.2776718139648438
-2.994452476501465
-3.4428822994232178
-3.037407398223877
-2.8902969360351562
-3.1559414863586426
-3.4783551692962646
-5.416449546813965
-4.774380207061768
-2.7634856700897217
-3.231194019317627
-3.4523606300354004
-3.496986150741577
-3.670600175857544
-2.7766454219818115
-2.3708927631378174
-3.833524465560913
-2.635801315307617
-2.5931153297424316
-3.025031089782715
-3.0353527069091797
-3.6717429161071777
-5.419222831726074
-6.444425106048584
-7.015722274780273
-8.139492988586426
-7.520624160766602
-3.587728977203369
-7.703630447387695
-7.74554443359375
-8.52061653137207
-8.379645347595215
-7.6985249519348145
-4.426426887512207
-7.876646518707275
-8.341171264648438
-7.780874729156494
-6.86823844909668
-5.843245983123779
-6.051806449890137
-8.141779899597168
-5.547563076019287
-5.507260322570801
-7.333701133728027
-7.390653610229492
-9.256284713745117
-7.630956649780273
-6.762964248657227
-7.802637577056885
-4.513266563415527
-5.5408830642700195
-7.042452335357666
-6.131591320037842
-5.519500732421875
-5.331105709075928
-6.42539644241333
-7.512870788574219
-7.649265289306641
-7.07936429977417
-5.956576824188232
-7.638026714324951
-6.669262409210205
-6.073598384857178
-6.443943977355957
-7.312385082244873
-7.751798152923584
-7.2810821533203125
-5.225410461425781
-6.83819580078125
-6.368090629577637
-6.787756443023682
-6.250884532928467
-6.55490255355835
-6.745377063751221
-6.352222442626953
-5.624331951141357
-7.367810249328613
-7.432520389556885
-5.409557819366455
-6.106480121612549
-4.740942478179932
-5.597053050994873
-6.335630416870117
-5.041103839874268
-5.371150970458984
-5.932374000549316
-5.615655422210693
-7.022504806518555
-6.227525234222412
-6.445684432983398
-6.085865020751953
-6.595417022705078
-4.761083126068115
-6.295002460479736
-7.198176383972168
-7.0368218421936035
-6.419526100158691
