-2.8199291229248047
-4.76597261428833
-3.15862774848938
-3.169965982437134
-2.2314612865448
-2.7361338138580322
-1.6854182481765747
-4.691763401031494
-3.0814783573150635
-3.789987325668335
-4.324645042419434
-2.8587582111358643
-3.138991355895996
-3.1892077922821045
-3.904268741607666
-3.027438163757324
-4.467617988586426
-3.039071559906006
-2.645939826965332
-3.7153992652893066
-3.3756237030029297
-3.797496795654297
-2.608713150024414
-3.3544933795928955
-2.6244332790374756
-3.7317023277282715
-3.4231157302856445
-2.713549852371216
-3.2768023014068604
-3.0279130935668945
-2.796069622039795
-2.8907461166381836
-2.1055521965026855
-3.581864833831787
-3.1181445121765137
-3.2850420475006104
-2.598827838897705
-3.4018564224243164
-1.9219298362731934
-1.780287742614746
-2.8113906383514404
-2.942716121673584
-3.7807116508483887
-3.2198429107666016
-2.3782310485839844
-1.9560811519622803
-3.3162271976470947
-3.4514477252960205
-3.5403358936309814
-2.1416404247283936
-2.654449939727783
-2.970430850982666
-2.692448616027832
-2.347590684890747
-3.0347907543182373
-2.2809629440307617
-4.166750907897949
-2.3601861000061035
-2.3800997734069824
-3.394507646560669
-3.3999600410461426
-2.473050594329834
-3.6340172290802
-3.2697532176971436
-3.36151123046875
-3.2320311069488525
-2.68042254447937
-3.6470208168029785
-2.4242351055145264
-3.428840398788452
-2.260540246963501
-2.5932748317718506
-3.258859634399414
-3.6293246746063232
-2.8409879207611084
-3.0420212745666504
-3.0889759063720703
-3.3387980461120605
-2.978187084197998
-3.506376028060913
-3.319958209991455
-2.0913853645324707
-3.2989542484283447
-2.969524383544922
-3.3736233711242676
-2.1079728603363037
-2.7163095474243164
-2.6069095134735107
-2.5136594772338867
-2.8542838096618652
-2.9378678798675537
-2.973231315612793
-2.7987561225891113
-3.1807234287261963
-2.890376091003418
-3.406446933746338
-2.9751040935516357
-3.0635759830474854
-2.8245091438293457
-2.960813045501709
-2.3454794883728027
-3.4321255683898926
-3.912754774093628
-2.6628100872039795
-2.24629545211792
-3.682204246520996
-2.8894174098968506
-3.8390612602233887
-4.012193202972412
-2.332188606262207
-2.51990008354187
-3.2751731872558594
-2.7585792541503906
-3.2475688457489014
-2.9529969692230225
-3.984116554260254
-2.8178021907806396
-2.7264363765716553
-2.2183468341827393
-3.272927761077881
-2.7185826301574707
-3.0361673831939697
-3.690429925918579
-2.8535125255584717
-3.1101016998291016
-3.2412545680999756
-2.976827621459961
-1.6859898567199707
-4.210200786590576
-3.0203123092651367
-2.5942013263702393
-2.7143473625183105
-2.5077974796295166
-3.47084903717041
-3.7007362842559814
-2.6478049755096436
-2.4963815212249756
-3.3398497104644775
-3.1636955738067627
-2.2966856956481934
-3.2497377395629883
-2.824721574783325
-3.0825185775756836
-2.049121856689453
-2.5739457607269287
-2.7140374183654785
-3.131100654602051
-3.6275815963745117
-3.1851019859313965
-3.641038417816162
-4.256536960601807
-5.258175849914551
-3.6132376194000244
-3.59775447845459
-2.9085910320281982
-3.0770785808563232
-4.285942077636719
-3.7402565479278564
-3.3460185527801514
-3.7947065830230713
-4.99056339263916
-3.3841028213500977
-4.396091461181641
-2.5191352367401123
-1.8281347751617432
-2.801825523376465
-2.1149396896362305
-2.24175763130188
-2.9075005054473877
-3.824244499206543
-3.6033267974853516
-4.056105613708496
-3.9981467723846436
-3.879692316055298
-3.8043768405914307
-3.3105356693267822
-2.791861057281494
-4.130188465118408
-3.354027509689331
-1.8228721618652344
-2.8243396282196045
-3.47121262550354
-4.391146183013916
-4.32299280166626
-4.382914066314697
-3.722801685333252
-4.2510809898376465
-3.9008750915527344
-3.253831148147583
-4.112544059753418
-2.5728554725646973
-4.194431304931641
-3.897129535675049
-3.1684927940368652
-2.901057720184326
-3.025897264480591
-4.0496015548706055
-3.788905620574951
-4.089857578277588
-3.955944299697876
-3.65401029586792
-3.099881649017334
-4.125971794128418
-4.0409440994262695
-3.15523099899292
-2.9012136459350586
-2.6489739418029785
-2.908195734024048
-3.583095073699951
-3.8135805130004883
-2.6728250980377197
-4.479804992675781
-3.9591851234436035
-3.4537835121154785
-4.132834434509277
-3.510615110397339
-4.39591121673584
-2.7118265628814697
-2.5758256912231445
-3.386996269226074
-3.758791446685791
-5.282674789428711
-4.97714376449585
