-2.8199291229248047
-4.339623928070068
-2.9574267864227295
-3.4128549098968506
-2.640427827835083
-2.7567052841186523
-2.1505229473114014
-4.520813465118408
-4.003273010253906
-3.668692111968994
-4.448580741882324
-2.8211915493011475
-2.864929437637329
-4.753881454467773
-3.6952879428863525
-3.6631321907043457
-4.501733303070068
-3.209209442138672
-2.5963573455810547
-4.042761325836182
-3.3756237030029297
-3.27018666267395
-2.445012331008911
-6.424458980560303
-2.6244332790374756
-5.009761810302734
-3.125844955444336
-5.25201940536499
-3.5917675495147705
-3.0279130935668945
-2.466125965118408
-2.9771640300750732
-1.9505259990692139
-4.127976417541504
-5.177426338195801
-4.303615570068359
-2.3752803802490234
-3.3416941165924072
-2.4224419593811035
-1.7334400415420532
-2.810619831085205
-2.942716121673584
-3.5864670276641846
-3.2863614559173584
-2.3271195888519287
-1.7712156772613525
-3.6340861320495605
-4.1340861320495605
-4.273319721221924
-2.210674285888672
-3.119032144546509
-5.428100109100342
-6.33195686340332
-2.2427732944488525
-2.9240610599517822
-2.282679319381714
-6.071564674377441
-2.4915969371795654
-2.3515164852142334
-3.2435011863708496
-3.4902572631835938
-3.9741859436035156
-3.39439058303833
-3.046010732650757
-2.8405144214630127
-3.7217276096343994
-3.454200029373169
-4.542736530303955
-4.852234840393066
-3.6010849475860596
-2.7463719844818115
-2.4735333919525146
-4.233052730560303
-4.62245512008667
-3.9822897911071777
-3.5959150791168213
-5.616474628448486
-3.6143569946289062
-4.114751815795898
-4.493105888366699
-5.6405534744262695
-3.9922165870666504
-4.615652561187744
-3.3358116149902344
-3.6388914585113525
-2.008333444595337
-2.981306314468384
-5.185367107391357
-2.660881757736206
-4.254604816436768
-3.936971426010132
-3.1461777687072754
-2.7567641735076904
-3.373493194580078
-3.0902347564697266
-3.28340220451355
-5.009555339813232
-3.870493173599243
-2.943406820297241
-3.5097556114196777
-3.2205309867858887
-3.77821946144104
-3.8258426189422607
-2.631540298461914
-2.5935704708099365
-3.0793561935424805
-3.6613948345184326
-4.145000457763672
-3.4294567108154297
-2.651991128921509
-2.546017646789551
-2.927006721496582
-2.669750452041626
-2.890174627304077
-2.753026247024536
-4.371815204620361
-1.831595540046692
-2.2316553592681885
-5.329399108886719
-4.134652137756348
-3.4819839000701904
-3.9916982650756836
-4.001529693603516
-4.496934413909912
-4.0351080894470215
-5.0423688888549805
-2.4101343154907227
-1.6034791469573975
-5.073620319366455
-3.037407636642456
-2.6803817749023438
-3.536992311477661
-3.5081300735473633
-4.175382614135742
-4.2381720542907715
-3.1052517890930176
-3.2856433391571045
-3.748124837875366
-3.426168918609619
-2.248986005783081
-4.201582908630371
-2.5407443046569824
-2.8768465518951416
-1.7814487218856812
-3.6721417903900146
-2.9338598251342773
-3.4423017501831055
-3.77760648727417
-4.671764850616455
-2.55816388130188
-2.70703387260437
-3.2870163917541504
-4.0774970054626465
-3.587728977203369
-4.832335948944092
-5.141714096069336
-6.175303936004639
-3.4750521183013916
-3.612639904022217
-4.958085060119629
-2.8138139247894287
-5.084317207336426
-2.238110065460205
-6.2266669273376465
-5.629194259643555
-6.271790027618408
-7.383273601531982
-5.812780857086182
-5.704395294189453
-3.6421587467193604
-3.816444158554077
-3.519437551498413
-2.8303396701812744
-2.984079360961914
-3.41418194770813
-5.491281986236572
-4.624793529510498
-3.465524196624756
-3.3723504543304443
-3.699883222579956
-5.4236531257629395
-6.347719192504883
-3.3943445682525635
-3.2329304218292236
-3.25445556640625
-4.08947229385376
-3.759593963623047
-6.780342102050781
-5.938648700714111
-6.157500743865967
-6.423789024353027
-2.9643826484680176
-5.406767845153809
-4.425337314605713
-5.884904861450195
-4.977684497833252
-6.221517086029053
-2.614100456237793
-2.533529281616211
-2.936880588531494
-3.0594844818115234
-4.738317966461182
-4.309231281280518
-3.645564317703247
-4.01513147354126
-5.660582542419434
-4.772579193115234
-2.914729356765747
-3.0325071811676025
-5.21863317489624
-4.571295261383057
-5.2596845626831055
-5.038097858428955
-5.753841876983643
-5.980534553527832
-5.262118816375732
-2.379849433898926
-6.279595851898193
-4.32887601852417
-5.778588771820068
-3.767998218536377
-2.73551344871521
-3.890292167663574
