-2.8199291229248047
-3.6285488605499268
-4.9311442375183105
-3.279231548309326
-2.6404261589050293
-2.637453556060791
-1.8415194749832153
-3.1867692470550537
-3.0814783573150635
-5.108363151550293
-4.400358200073242
-2.8587582111358643
-3.3166325092315674
-3.672558307647705
-3.78342604637146
-2.8555691242218018
-4.39572811126709
-3.209209442138672
-2.5963573455810547
-4.272727966308594
-2.8732385635375977
-3.815410852432251
-2.3294804096221924
-3.328552722930908
-3.1042706966400146
-3.533566474914551
-3.4231150150299072
-2.7135493755340576
-3.1213717460632324
-3.752474546432495
-3.518937826156616
-3.0547258853912354
-3.478080987930298
-3.977095127105713
-2.9963033199310303
-3.902203321456909
-2.758759021759033
-3.5231287479400635
-1.760524034500122
-2.0489931106567383
-2.9327149391174316
-3.7967123985290527
-4.093535423278809
-3.4157207012176514
-2.620513677597046
-1.9904463291168213
-3.4833247661590576
-3.42661452293396
-3.9680306911468506
-2.7054593563079834
-2.843606948852539
-2.5433876514434814
-2.659938335418701
-2.927591323852539
-3.237171173095703
-2.282679319381714
-4.924996852874756
-3.1190149784088135
-3.5294313430786133
-3.113295555114746
-3.524993419647217
-3.511498212814331
-3.349045753479004
-3.1187586784362793
-3.6820647716522217
-3.373457670211792
-3.2026853561401367
-3.1668660640716553
-2.7969913482666016
-3.8625667095184326
-2.078115701675415
-2.812492609024048
-3.676764965057373
-3.899155855178833
-3.189283847808838
-3.396070718765259
-2.8262157440185547
-3.670410633087158
-3.206634044647217
-2.7000980377197266
-3.3104679584503174
-3.08615779876709
-3.754864454269409
-2.746755838394165
-3.2565274238586426
-2.5018277168273926
-3.1059458255767822
-2.365971565246582
-3.2329232692718506
-2.6074748039245605
-3.136303186416626
-3.06618595123291
-3.4038939476013184
-2.2068867683410645
-2.9261884689331055
-4.019191265106201
-4.644705772399902
-3.6322827339172363
-3.549748659133911
-2.1553494930267334
-3.869229316711426
-3.1384410858154297
-4.63325834274292
-4.128203868865967
-2.853286027908325
-2.8859400749206543
-3.8997714519500732
-2.8531289100646973
-4.258546829223633
-2.924612045288086
-2.869744300842285
-4.868866920471191
-3.5896387100219727
-3.6679282188415527
-3.610822916030884
-3.637162685394287
-2.751460313796997
-2.473576307296753
-2.7239127159118652
-3.650059938430786
-2.9372546672821045
-3.155224561691284
-4.997075080871582
-3.845954418182373
-3.336618423461914
-3.7040798664093018
-2.7509453296661377
-2.4938344955444336
-3.6395413875579834
-3.7090907096862793
-2.9727184772491455
-3.1585516929626465
-2.9772868156433105
-3.21649169921875
-3.001068592071533
-3.8026459217071533
-3.6535396575927734
-2.5403735637664795
-3.3590967655181885
-3.718294382095337
-3.350275754928589
-2.862866163253784
-3.7615387439727783
-1.995206356048584
-2.5087289810180664
-3.4165518283843994
-2.9917945861816406
-3.7932403087615967
-3.1851019859313965
-2.635270118713379
-2.828305959701538
-3.9657626152038574
-4.084816932678223
-3.571120262145996
-2.8063557147979736
-3.6776018142700195
-3.7748188972473145
-4.294917583465576
-4.253007411956787
-2.9811344146728516
-3.575146436691284
-2.8508193492889404
-3.980239152908325
-2.939394235610962
-1.806361198425293
-2.767089366912842
-3.450345754623413
-2.5100083351135254
-3.0634899139404297
-3.4192111492156982
-3.3045754432678223
-4.325094223022461
-4.338839530944824
-3.5570709705352783
-3.8097784519195557
-3.3003032207489014
-4.669349193572998
-4.134231090545654
-3.5194590091705322
-2.488893747329712
-3.2655751705169678
-2.9805591106414795
-4.38646936416626
-4.309849739074707
-3.5593457221984863
-3.7020771503448486
-4.6589202880859375
-4.517671585083008
-3.4873995780944824
-4.1694769859313965
-2.9336154460906982
-5.2215495109558105
-4.1517863273620605
-3.09989595413208
-3.191169023513794
-3.6390905380249023
-3.954883575439453
-4.172512531280518
-3.8769617080688477
-3.8923637866973877
-4.275727272033691
-3.145832061767578
-4.741675853729248
-4.7403764724731445
-3.9741179943084717
-3.6601381301879883
-3.4131064414978027
-3.8009941577911377
-4.101981163024902
-3.663522958755493
-4.256230354309082
-3.666792869567871
-3.260638475418091
-4.0469651222229
-3.95603609085083
-3.560096502304077
-4.212493896484375
-2.7217583656311035
-3.3770081996917725
-3.5539305210113525
-4.310586452484131
-4.004003524780273
-4.296108722686768
