-3.1788828372955322
-3.809164524078369
-5.094193458557129
-7.615755081176758
-3.2229678630828857
-3.0340142250061035
-2.0223257541656494
-3.7433507442474365
-3.406613349914551
-4.115755081176758
-4.718262195587158
-4.169566631317139
-2.651319742202759
-3.7299346923828125
-4.061220645904541
-3.027438163757324
-7.213468551635742
-3.8585798740386963
-3.3111495971679688
-6.508078098297119
-2.8732385635375977
-2.9287657737731934
-3.7035393714904785
-3.3285510540008545
-3.5847785472869873
-4.039840221405029
-3.803760528564453
-3.6650021076202393
-3.687824249267578
-3.7072086334228516
-2.9575397968292236
-2.7606027126312256
-3.304767608642578
-3.588618516921997
-3.449876308441162
-4.022282600402832
-2.846001386642456
-3.6989526748657227
-2.0142688751220703
-1.7334392070770264
-3.313234329223633
-3.8079874515533447
-4.028947830200195
-3.250035047531128
-2.586010456085205
-2.4174747467041016
-4.17921257019043
-4.685429573059082
-3.764784812927246
-2.165133237838745
-3.576241970062256
-4.100439071655273
-4.935991287231445
-3.2747344970703125
-3.1789710521698
-2.2967159748077393
-4.085768699645996
-2.4673993587493896
-2.7606046199798584
-3.435718297958374
-3.49139142036438
-3.7042653560638428
-3.541422128677368
-3.4031524658203125
-3.0921695232391357
-3.595637559890747
-3.2412519454956055
-3.4081711769104004
-2.6797478199005127
-3.768251419067383
-2.7402126789093018
-2.9441311359405518
-3.085740566253662
-4.230804443359375
-3.5385921001434326
-2.597506523132324
-3.667109489440918
-3.2808773517608643
-4.541903972625732
-2.775001049041748
-2.78262996673584
-2.7086174488067627
-3.296598434448242
-2.9174158573150635
-3.8567557334899902
-2.3525328636169434
-3.1205902099609375
-2.5399489402770996
-4.078291416168213
-3.257145643234253
-2.2642951011657715
-2.5591835975646973
-2.8615710735321045
-2.1469411849975586
-2.433295726776123
-3.3687801361083984
-3.080446481704712
-3.022141456604004
-3.257728338241577
-2.1544110774993896
-2.3650333881378174
-2.4889471530914307
-2.9268569946289062
-3.055325746536255
-2.9172286987304688
-3.8393428325653076
-2.5314414501190186
-3.5015647411346436
-3.1879031658172607
-2.6639015674591064
-3.371497869491577
-3.4190211296081543
-2.746471405029297
-3.3307807445526123
-2.743812322616577
-3.241986036300659
-2.4123384952545166
-4.607842445373535
-2.361910581588745
-3.392421007156372
-3.3637259006500244
-3.512875556945801
-3.672335624694824
-3.6222565174102783
-2.733821153640747
-3.86423659324646
-2.7623283863067627
-2.715510368347168
-3.110168933868408
-3.559770345687866
-1.939666509628296
-2.362187147140503
-2.8251357078552246
-2.478424072265625
-2.9107251167297363
-2.878486394882202
-2.9288196563720703
-2.8160057067871094
-3.3750555515289307
-2.184406042098999
-3.19346284866333
-2.9632699489593506
-3.5892045497894287
-2.249218702316284
-2.694286346435547
-3.52188777923584
-2.6834557056427
-3.2072174549102783
-3.1851017475128174
-6.16421365737915
-6.309985637664795
-6.750778675079346
-6.750778675079346
-4.759226322174072
-3.0903537273406982
-3.480260133743286
-4.252520561218262
-6.750776290893555
-6.586144924163818
-4.107420444488525
-7.497279644012451
-2.5715017318725586
-8.029851913452148
-2.386902093887329
-1.8074547052383423
-2.2669289112091064
-3.122987985610962
-2.413156747817993
-3.0366504192352295
-7.002660751342773
-3.7011098861694336
-5.924807071685791
-6.750778675079346
-6.553647041320801
-7.457772731781006
-3.140183925628662
-4.382562160491943
-6.7262139320373535
-3.0679993629455566
-2.417259454727173
-2.3313825130462646
-4.420952796936035
-7.394432067871094
-7.281064510345459
-5.620144367218018
-4.705181121826172
-5.705063343048096
-6.552443027496338
-5.3669915199279785
-4.087730407714844
-2.5175366401672363
-7.175081253051758
-3.2666115760803223
-3.4875667095184326
-3.130563259124756
-2.0899479389190674
-4.349615573883057
-5.15888786315918
-6.632521152496338
-6.704002857208252
-6.59966516494751
-3.293588876724243
-5.245759010314941
-6.152795791625977
-2.4760024547576904
-3.9661881923675537
-3.3903119564056396
-4.607408046722412
-6.533320426940918
-3.391498327255249
-2.472259521484375
-3.6630938053131104
-3.0377492904663086
-2.617424488067627
-3.9229350090026855
-4.314078330993652
-6.387986660003662
-3.4599316120147705
-2.17973256111145
-3.5579710006713867
-7.524404525756836
-5.001588344573975
-5.736072540283203
