-2.642594337463379
-4.723885536193848
-3.9940686225891113
-4.786019802093506
-3.911407470703125
-2.9882442951202393
-1.6854182481765747
-5.189680099487305
-3.044327735900879
-4.307450771331787
-4.421936988830566
-3.842177152633667
-6.041052341461182
-3.6016921997070312
-3.904087781906128
-3.3512051105499268
-3.782404899597168
-3.715902090072632
-3.349409580230713
-4.282089710235596
-5.128546714782715
-4.8259077072143555
-3.6440343856811523
-3.791696786880493
-2.6018989086151123
-4.166714668273926
-3.432544231414795
-2.7135493755340576
-3.3021860122680664
-3.4611337184906006
-3.0636563301086426
-4.663930416107178
-2.110568046569824
-3.501950979232788
-3.405669927597046
-4.290375232696533
-3.9280645847320557
-2.8322906494140625
-2.1252593994140625
-1.8664965629577637
-2.8603179454803467
-2.942715883255005
-4.078707695007324
-2.736586332321167
-1.991618275642395
-2.6580891609191895
-3.4581353664398193
-3.362863302230835
-3.7578935623168945
-1.9601118564605713
-3.2145752906799316
-2.7666733264923096
-3.015638589859009
-2.0472333431243896
-2.553088903427124
-2.1788456439971924
-4.044508457183838
-2.3897268772125244
-2.386507511138916
-3.2878105640411377
-3.2857043743133545
-2.8240127563476562
-2.9521291255950928
-3.471033811569214
-2.9740118980407715
-3.295323610305786
-2.805603265762329
-2.4926962852478027
-2.220930337905884
-3.2827765941619873
-2.5382578372955322
-2.6190061569213867
-2.89850115776062
-4.1602373123168945
-3.137284278869629
-2.3340485095977783
-3.181851625442505
-3.1241414546966553
-3.018383741378784
-2.7978930473327637
-4.469919204711914
-2.9795002937316895
-2.872009754180908
-2.5303797721862793
-2.8731374740600586
-2.049487590789795
-2.7452054023742676
-2.361327886581421
-4.383753776550293
-3.1906447410583496
-2.4103167057037354
-2.6231939792633057
-3.441629648208618
-2.0056514739990234
-3.7290592193603516
-3.4350833892822266
-2.9832916259765625
-3.0052506923675537
-2.5521888732910156
-1.785691738128662
-1.780335545539856
-2.257054567337036
-2.5099380016326904
-2.342686891555786
-3.184704065322876
-2.338913917541504
-3.6693289279937744
-3.070605516433716
-2.8386285305023193
-2.486288070678711
-2.2949395179748535
-3.153308868408203
-2.750302791595459
-3.2121458053588867
-2.2594003677368164
-2.5959863662719727
-2.3400700092315674
-2.266035795211792
-1.9894862174987793
-3.3074951171875
-2.843238115310669
-2.8785645961761475
-3.3505911827087402
-2.8247106075286865
-2.686652898788452
-3.3031885623931885
-2.659801959991455
-2.5666918754577637
-3.2866368293762207
-3.1282989978790283
-2.744516372680664
-2.3404951095581055
-2.789665699005127
-2.188807964324951
-2.4545366764068604
-3.544327974319458
-2.539733409881592
-2.6971781253814697
-3.3679351806640625
-2.324831008911133
-3.232438564300537
-2.7985880374908447
-3.749505043029785
-2.045848846435547
-2.482917308807373
-2.896259069442749
-2.7575719356536865
-2.8317878246307373
-3.0290021896362305
-2.9786009788513184
-3.0859875679016113
-3.9772067070007324
-3.5612828731536865
-4.411686420440674
-3.354888677597046
-3.5109543800354004
-3.6989848613739014
-3.68446683883667
-3.485124349594116
-3.9883646965026855
-2.8435020446777344
-3.5420620441436768
-3.8553807735443115
-2.4870622158050537
-2.192486047744751
-2.2901785373687744
-2.587717056274414
-2.531353712081909
-2.9151718616485596
-3.9330525398254395
-3.192826509475708
-3.650083065032959
-3.9308838844299316
-3.1460678577423096
-3.632397174835205
-3.346423864364624
-3.514970064163208
-4.680529594421387
-3.257232427597046
-1.8996524810791016
-2.496967315673828
-3.0442392826080322
-3.5832784175872803
-3.7663347721099854
-2.776934862136841
-3.39677095413208
-4.155494213104248
-3.6885881423950195
-3.2176566123962402
-3.9040703773498535
-2.825119972229004
-3.527489423751831
-3.4028232097625732
-3.483755350112915
-3.088902473449707
-2.5669801235198975
-2.793717384338379
-3.2839343547821045
-3.438014030456543
-3.544492244720459
-3.3846843242645264
-2.3189213275909424
-3.720362424850464
-3.568798065185547
-2.685776472091675
-2.6998302936553955
-2.93086314201355
-2.8847429752349854
-3.461648464202881
-3.13846755027771
-2.3236212730407715
-3.4380459785461426
-2.6421117782592773
-2.703948974609375
-2.998610019683838
-3.1992411613464355
-3.1474366188049316
-2.2256669998168945
-2.703869104385376
-2.4149608612060547
-3.944251298904419
-3.7369110584259033
-4.122909069061279
