-3.1788835525512695
-4.875146865844727
-3.4860661029815674
-3.543119192123413
-2.2314612865448
-2.3049633502960205
-1.5997397899627686
-4.62254524230957
-3.0814783573150635
-4.971124649047852
-4.58981466293335
-3.1733596324920654
-3.302051305770874
-3.647897958755493
-3.6207146644592285
-3.1331233978271484
-4.264599323272705
-3.20920991897583
-2.9272689819335938
-3.2667582035064697
-2.890019416809082
-4.312455654144287
-2.6572349071502686
-3.492081880569458
-2.6165645122528076
-3.6149144172668457
-3.596651792526245
-2.8390471935272217
-2.921750068664551
-3.0794835090637207
-3.091796875
-2.587409257888794
-2.0583276748657227
-3.6459314823150635
-3.22940993309021
-3.735264778137207
-3.052940607070923
-3.0924861431121826
-1.7633349895477295
-1.8743741512298584
-3.0303516387939453
-3.1104867458343506
-4.421724319458008
-3.2198431491851807
-2.801199436187744
-2.2480902671813965
-3.5529978275299072
-3.7184367179870605
-4.179462909698486
-2.0898261070251465
-3.177504777908325
-2.8568646907806396
-3.0797500610351562
-2.53375244140625
-2.6336934566497803
-3.626915216445923
-3.895839214324951
-2.4807517528533936
-3.1925699710845947
-4.28813362121582
-3.342529058456421
-2.969468116760254
-2.496519088745117
-3.3255977630615234
-2.965394973754883
-3.3147943019866943
-3.186842679977417
-2.964785575866699
-2.4187099933624268
-3.7171027660369873
-2.2606146335601807
-2.9927055835723877
-3.18037748336792
-3.4740183353424072
-2.7504501342773438
-2.2663323879241943
-3.1904680728912354
-3.1862668991088867
-3.357185125350952
-3.1340410709381104
-2.4870645999908447
-2.2800023555755615
-3.2171523571014404
-3.736689805984497
-2.9698634147644043
-2.270218849182129
-2.9843833446502686
-3.285093307495117
-3.447416305541992
-3.501957654953003
-2.471172571182251
-2.6629979610443115
-2.8107457160949707
-2.0525147914886475
-2.1219820976257324
-2.8386149406433105
-4.79235315322876
-4.342373847961426
-2.8495235443115234
-2.3302197456359863
-2.2768635749816895
-2.8224141597747803
-3.110031843185425
-2.775470018386841
-2.804577350616455
-2.6836955547332764
-3.159761905670166
-3.8526298999786377
-2.661832571029663
-2.6437718868255615
-2.7389862537384033
-3.3552417755126953
-2.70141863822937
-3.120725631713867
-2.8739187717437744
-2.8268682956695557
-2.736196279525757
-2.3914785385131836
-2.42824387550354
-3.6402840614318848
-2.773138999938965
-3.306255578994751
-3.463691473007202
-3.4043526649475098
-3.1732089519500732
-2.919379949569702
-2.2510297298431396
-2.1593079566955566
-2.804572105407715
-3.442380905151367
-2.5196893215179443
-2.429337501525879
-2.776878595352173
-2.7024402618408203
-2.7525033950805664
-3.302217721939087
-2.6017062664031982
-2.476552724838257
-3.0280492305755615
-2.309281349182129
-3.087256908416748
-2.4575319290161133
-2.753788948059082
-2.411534070968628
-2.84999418258667
-3.868947744369507
-2.5165913105010986
-3.126904249191284
-3.0056471824645996
-2.58158016204834
-2.7349936962127686
-3.2870163917541504
-3.6113600730895996
-3.804759979248047
-2.9085910320281982
-3.0770785808563232
-3.468299388885498
-3.7023813724517822
-3.604959726333618
-3.9883646965026855
-2.8138139247894287
-2.500044345855713
-4.11525297164917
-2.7423274517059326
-2.039311647415161
-2.0773799419403076
-2.0661497116088867
-2.4594502449035645
-2.0748977661132812
-3.8668150901794434
-3.046135187149048
-3.8328189849853516
-2.8303396701812744
-2.984079360961914
-4.895646572113037
-3.392636299133301
-2.6695396900177
-3.4899814128875732
-2.706780433654785
-1.9075565338134766
-2.3743395805358887
-3.0843098163604736
-4.497101783752441
-4.419166564941406
-3.604255199432373
-3.118661880493164
-4.004083156585693
-3.698538064956665
-2.677962064743042
-3.289202928543091
-2.2881717681884766
-3.8431015014648438
-3.48417329788208
-2.5708839893341064
-2.640692949295044
-1.8337198495864868
-2.8055622577667236
-3.686864137649536
-3.517591953277588
-2.8393478393554688
-3.093024730682373
-2.646214723587036
-3.8405957221984863
-3.513376474380493
-2.3782379627227783
-2.592127799987793
-2.327928304672241
-3.074903964996338
-3.0742456912994385
-2.933305263519287
-2.7283735275268555
-2.9616596698760986
-2.871492624282837
-2.2243664264678955
-2.7376720905303955
-2.668243169784546
-3.6897664070129395
-2.2398056983947754
-2.3000378608703613
-2.4497158527374268
-3.4047834873199463
-3.2977771759033203
-3.5426828861236572
