-3.124903678894043
-3.990326166152954
-3.111973285675049
-7.51981782913208
-2.4206888675689697
-4.944116592407227
-1.9632972478866577
-3.4810287952423096
-3.0669636726379395
-5.262699604034424
-4.341946601867676
-2.731837034225464
-3.209779739379883
-4.186100006103516
-3.5052857398986816
-2.307558059692383
-7.292186260223389
-3.001753091812134
-3.0129590034484863
-6.8269429206848145
-3.3415095806121826
-6.896013259887695
-2.724754571914673
-4.111832618713379
-2.742861747741699
-3.3136353492736816
-3.249552011489868
-3.338242769241333
-3.583120584487915
-5.5922088623046875
-6.4322590827941895
-6.896020412445068
-6.680443286895752
-6.015707492828369
-3.30026912689209
-6.545764446258545
-3.04422664642334
-3.2841382026672363
-1.946271300315857
-1.9376047849655151
-2.912383556365967
-3.3633925914764404
-3.4430949687957764
-7.581162452697754
-6.694869518280029
-2.242806911468506
-3.1757302284240723
-3.6186578273773193
-6.896013259887695
-7.6290717124938965
-6.896013259887695
-2.996572971343994
-7.385798454284668
-2.6420040130615234
-6.852369785308838
-6.092926979064941
-7.472123146057129
-3.1190145015716553
-7.567148208618164
-2.8879473209381104
-7.252780437469482
-7.639987468719482
-6.317228317260742
-6.632707118988037
-3.1782100200653076
-5.945908546447754
-7.042715549468994
-6.504920959472656
-2.453542947769165
-6.8960137367248535
-2.218356132507324
-2.2525501251220703
-6.000631809234619
-6.3812479972839355
-3.1403608322143555
-6.37224817276001
-2.444255828857422
-6.748048782348633
-6.896022796630859
-6.896021366119385
-7.2176194190979
-2.0517635345458984
-6.432579517364502
-6.749978065490723
-6.757887840270996
-5.97152853012085
-6.583060264587402
-7.21151065826416
-6.896021366119385
-7.514292240142822
-7.04084587097168
-6.195796966552734
-6.232503414154053
-5.5682549476623535
-6.437374114990234
-7.050948143005371
-6.407620429992676
-6.423969745635986
-5.5439066886901855
-2.1553494930267334
-6.507006645202637
-2.983600616455078
-7.46939754486084
-6.552722930908203
-6.896021366119385
-7.1258368492126465
-6.879499912261963
-7.301251411437988
-7.07935905456543
-7.120334148406982
-6.141252040863037
-6.896013259887695
-6.896021366119385
-6.488815784454346
-6.896022319793701
-6.896022319793701
-7.023796558380127
-6.61081075668335
-6.612597942352295
-6.896020889282227
-6.588333606719971
-6.123897075653076
-6.182696342468262
-6.25440788269043
-5.863363742828369
-6.421722888946533
-6.1880879402160645
-5.54651403427124
-6.787502765655518
-6.896013259887695
-6.305372714996338
-5.547393321990967
-7.424585819244385
-6.847799301147461
-6.730880260467529
-6.605233669281006
-6.450734615325928
-2.528226613998413
-6.569340705871582
-6.398372650146484
-6.972662925720215
-6.098781585693359
-6.896021366119385
-6.295390605926514
-6.6668381690979
-7.189425468444824
-6.78424072265625
-6.555193901062012
-3.5826938152313232
-6.2403564453125
-6.554053783416748
-6.896013259887695
-6.896013259887695
-6.824409484863281
-3.1664555072784424
-3.1530704498291016
-3.7874929904937744
-6.896013259887695
-6.820197582244873
-3.0513670444488525
-7.459798812866211
-3.026014804840088
-7.806704521179199
-6.792448043823242
-7.075475692749023
-6.369540691375732
-6.896019458770752
-6.827433109283447
-8.534509658813477
-6.863055229187012
-7.365649700164795
-8.498417854309082
-6.896019458770752
-6.523472309112549
-7.382718563079834
-7.465280532836914
-7.286557197570801
-6.801290035247803
-6.4449262619018555
-5.925946235656738
-6.393868923187256
-6.836844444274902
-7.220226764678955
-7.220817565917969
-6.90891695022583
-5.939100742340088
-7.261343479156494
-6.985806465148926
-6.541036605834961
-7.138073444366455
-8.107754707336426
-7.265500545501709
-6.896023273468018
-6.6563286781311035
-6.841245651245117
-6.5375800132751465
-6.5745344161987305
-6.5142598152160645
-6.467911243438721
-6.662939548492432
-6.61953067779541
-6.727198600769043
-7.036391258239746
-6.7970051765441895
-6.507904529571533
-7.202468395233154
-5.456515312194824
-5.906118869781494
-6.67074728012085
-6.380422115325928
-6.543047904968262
-7.037611961364746
-6.629723072052002
-7.464282512664795
-6.473644256591797
-6.354610443115234
-6.206750392913818
-7.1339111328125
-5.418820381164551
-6.319085121154785
-7.484179973602295
-6.608338832855225
-6.49893856048584
