2.321986675262451
2.319065570831299
2.2575302124023438
2.135651111602783
2.4208860397338867
2.3151497840881348
2.4298553466796875
0.0
0.0
0.0
2.1451609134674072
2.502695322036743
2.314967393875122
2.3002662658691406
2.4732837677001953
2.3832736015319824
2.4048519134521484
2.2694509029388428
2.6225757598876953
2.3247885704040527
0.0
0.0
0.0
2.2518460750579834
2.3202950954437256
0.0
0.0
0.0
0.0
0.0
0.0
0.0
0.0
0.0
0.0
0.0
0.0
0.0
0.0
0.0
0.0
0.0
0.0
0.0
0.0
0.0
0.0
0.0
0.0
0.0
0.0
0.0
0.0
2.133324146270752
0.0
0.0
2.308462619781494
0.0
0.0
2.1980457305908203
2.499265432357788
0.0
2.1167237758636475
0.0
0.0
2.3945250511169434
1.913606882095337
0.0
2.3377761840820312
0.0
0.0
2.2482669353485107
2.4667866230010986
0.0
2.2352163791656494
2.329944610595703
2.1305947303771973
2.280884265899658
1.7659450769424438
2.054469585418701
2.2860846519470215
2.2464261054992676
2.3845291137695312
0.0
2.428521156311035
0.0
0.0
1.8117706775665283
0.0
0.0
1.9781465530395508
2.1042702198028564
2.2591159343719482
2.197037696838379
2.5537922382354736
2.4496779441833496
2.3762850761413574
1.8320547342300415
1.61555016040802
2.244675636291504
2.25999116897583
2.6868979930877686
2.4494636058807373
0.6845340728759766
0.7551658749580383
2.557328462600708
1.8669828176498413
2.4352097511291504
2.279456377029419
1.9715125560760498
2.129513740539551
2.1814088821411133
2.3062736988067627
2.1763181686401367
2.5305018424987793
1.1657887697219849
1.7912302017211914
2.4859578609466553
2.176778793334961
2.362107038497925
1.1096271276474
1.6615355014801025
1.988551378250122
2.209137439727783
1.5012717247009277
1.785888910293579
2.2067298889160156
2.1000864505767822
2.121645450592041
1.3072830438613892
1.4057673215866089
2.2157604694366455
2.4249086380004883
2.471355676651001
0.7035520076751709
2.3140666484832764
2.4146714210510254
2.119560480117798
2.427267074584961
2.051027297973633
2.313828945159912
2.1852197647094727
2.1764538288116455
2.4127349853515625
2.126398801803589
2.588726043701172
2.153491973876953
2.5031089782714844
2.472184181213379
2.2648720741271973
2.3085827827453613
2.17006254196167
2.431668758392334
2.334294080734253
2.4892020225524902
2.215939521789551
2.559701919555664
2.436123847961426
2.459632158279419
1.9780447483062744
2.311802864074707
2.684190273284912
2.343125820159912
2.5472116470336914
2.543196201324463
2.501645565032959
2.470358371734619
2.4400904178619385
2.386786460876465
2.2813735008239746
2.036195755004883
2.4410276412963867
2.2220377922058105
2.309492588043213
2.5382843017578125
2.4016988277435303
2.0181596279144287
2.259232759475708
2.4431803226470947
2.595860242843628
2.2848122119903564
2.3779869079589844
1.6876870393753052
2.134537696838379
1.6990749835968018
2.272840976715088
2.3373916149139404
2.4214324951171875
2.2184205055236816
2.193161725997925
2.257091522216797
2.3749287128448486
2.3036956787109375
2.0218212604522705
2.221992015838623
1.704114317893982
1.8616814613342285
2.1409947872161865
2.6131577491760254
2.2488760948181152
2.1975326538085938
2.512115478515625
2.4605154991149902
2.2240993976593018
2.2499489784240723
2.2302894592285156
2.319309711456299
2.351102590560913
2.359957456588745
2.2349791526794434
2.381110906600952
2.3551597595214844
2.40468692779541
2.463836669921875
2.447038412094116
2.4661998748779297
2.303391695022583
2.3985745906829834
2.0527515411376953
2.3975393772125244
2.377312183380127
2.285489797592163
2.194614887237549
