2.314831018447876
2.3279051780700684
2.284414768218994
2.1761608123779297
2.4562644958496094
2.5274124145507812
2.254830837249756
0.0
0.0
0.0
2.3226375579833984
2.4091763496398926
2.4947597980499268
2.25506329536438
2.3130381107330322
2.4243662357330322
2.258422374725342
2.344834804534912
2.5418381690979004
2.4836716651916504
0.0
0.0
0.0
2.144047260284424
2.3358449935913086
0.0
0.0
0.0
0.0
0.0
0.0
0.0
0.0
0.0
0.0
0.0
0.0
0.0
0.0
0.0
0.0
0.0
0.0
0.0
0.0
0.0
0.0
0.0
0.0
0.0
0.0
0.0
0.0
2.136770248413086
0.0
0.0
2.4421346187591553
0.0
0.0
2.330765962600708
2.1440951824188232
0.0
2.434328079223633
0.0
0.0
2.3063933849334717
2.1447343826293945
0.0
2.268137216567993
0.0
0.0
2.3240318298339844
1.9109985828399658
0.0
2.506423234939575
2.045058012008667
2.218214511871338
2.364100933074951
2.430473566055298
2.315946578979492
2.146641969680786
1.6714156866073608
2.5830774307250977
2.403714895248413
2.3476333618164062
0.0
0.0
2.454650640487671
0.0
0.0
2.2539122104644775
2.538914442062378
2.431047201156616
2.6247498989105225
2.498041868209839
2.5604164600372314
2.124107837677002
1.9567674398422241
2.2321629524230957
1.918200135231018
2.072662591934204
2.408923864364624
2.366025924682617
2.1740503311157227
2.411320209503174
2.6048192977905273
2.1176156997680664
2.381767988204956
2.3717923164367676
2.242281436920166
2.094043016433716
2.3461432456970215
2.3147315979003906
2.334484100341797
2.3072452545166016
2.427901029586792
2.2453222274780273
2.1213579177856445
2.2634165287017822
2.5388026237487793
2.384052038192749
2.481635093688965
2.2161498069763184
2.0049333572387695
2.2906136512756348
2.4404470920562744
2.2314517498016357
2.151160717010498
2.095712184906006
2.2279305458068848
2.209474802017212
2.3427422046661377
2.216799736022949
2.340383529663086
2.35905385017395
2.2505946159362793
2.174022912979126
2.440509796142578
2.226698398590088
2.0695652961730957
2.3409433364868164
1.9856162071228027
2.0701308250427246
2.5214462280273438
2.291853427886963
2.408559799194336
2.4848568439483643
2.4285502433776855
2.352769374847412
2.320460796356201
2.372889995574951
2.2728114128112793
2.2870144844055176
2.225296974182129
2.279961585998535
1.9619790315628052
2.561687707901001
2.6203231811523438
2.520397424697876
2.4006361961364746
2.5326929092407227
2.6762304306030273
2.6223788261413574
2.28723406791687
2.2107930183410645
2.378572463989258
2.3625636100769043
2.5386993885040283
2.1145434379577637
2.346428871154785
2.3689827919006348
2.4446001052856445
2.1168320178985596
2.3012051582336426
2.291978359222412
2.2286319732666016
2.233585834503174
2.2566111087799072
2.173844337463379
2.0156586170196533
2.6473300457000732
2.4117259979248047
2.336590051651001
2.200528860092163
2.267199993133545
2.2989284992218018
2.1146721839904785
2.524414539337158
2.409231424331665
2.4019358158111572
2.313504219055176
2.5272231101989746
2.4047904014587402
2.2707698345184326
2.4743733406066895
2.37229585647583
2.059866428375244
2.284609794616699
2.1281957626342773
2.2545082569122314
2.0673892498016357
2.3359601497650146
2.312812328338623
2.480336904525757
2.1258792877197266
2.47721266746521
1.766088843345642
2.0649564266204834
2.647376775741577
2.4792330265045166
2.5244460105895996
2.4482500553131104
2.217237710952759
2.5051016807556152
2.479153871536255
2.209131956100464
2.149268627166748
2.413191556930542
2.2396230697631836
2.364316463470459
2.5134692192077637
2.330005407333374
2.4654812812805176
