2.3191254138946533
2.309948444366455
2.4795777797698975
2.5483970642089844
2.264240026473999
2.1354613304138184
2.494753122329712
0.0
0.0
0.0
2.1504716873168945
2.3596420288085938
2.2514045238494873
2.560981035232544
1.8798123598098755
2.385573387145996
2.5106396675109863
2.4998281002044678
2.508387804031372
2.4556057453155518
0.0
0.0
0.0
2.424837112426758
2.4119434356689453
0.0
0.0
0.0
0.0
0.0
0.0
0.0
0.0
0.0
0.0
0.0
0.0
0.0
0.0
0.0
0.0
0.0
0.0
0.0
0.0
0.0
0.0
0.0
0.0
0.0
0.0
0.0
0.0
2.5042693614959717
0.0
0.0
2.6663012504577637
0.0
0.0
2.219526529312134
2.555508613586426
0.0
2.467711925506592
0.0
0.0
2.0624842643737793
2.2624447345733643
0.0
2.6261816024780273
0.0
0.0
2.5451722145080566
2.3336524963378906
0.0
2.3982529640197754
2.2455639839172363
1.9966609477996826
2.146249294281006
2.221057176589966
2.4036407470703125
2.13433837890625
2.395448923110962
2.5216877460479736
2.376816749572754
2.5380325317382812
0.0
0.0
2.0669853687286377
0.0
0.0
2.0326731204986572
2.247284412384033
2.4823384284973145
2.3014607429504395
2.2634835243225098
2.349259376525879
2.4905271530151367
1.1423211097717285
0.9940885305404663
1.4048775434494019
1.5268155336380005
1.913106918334961
1.5217241048812866
1.5084896087646484
2.413276433944702
2.390388011932373
1.672499656677246
2.460214614868164
2.509139060974121
2.1067278385162354
1.922966718673706
1.394270658493042
2.2477591037750244
2.5385565757751465
1.875659704208374
2.360168933868408
2.191071033477783
2.1212997436523438
2.305957317352295
2.4449546337127686
1.4704583883285522
1.507645845413208
2.0586822032928467
1.4418716430664062
1.5260308980941772
2.0998871326446533
2.0158212184906006
2.1750667095184326
2.264817476272583
1.9924354553222656
2.093803882598877
2.291670083999634
2.410460948944092
2.524906635284424
2.0656309127807617
2.116504430770874
0.7036139369010925
2.212982177734375
2.3892054557800293
2.3740193843841553
2.3833553791046143
2.0853023529052734
2.209988832473755
2.604412794113159
2.438631534576416
2.29221248626709
2.594141721725464
1.8599389791488647
2.378434658050537
2.297825336456299
2.2638888359069824
2.146095037460327
2.366863489151001
2.6928746700286865
2.557443141937256
2.2449069023132324
2.612156867980957
2.280675172805786
2.110502243041992
1.9264384508132935
2.1981489658355713
2.687854290008545
2.5674893856048584
2.3323864936828613
2.224172830581665
2.226672887802124
2.78485369682312
2.6072497367858887
2.401684522628784
2.545677661895752
2.3439574241638184
2.3301939964294434
2.2442984580993652
2.469147205352783
2.469761848449707
2.408254623413086
2.1669108867645264
2.3583059310913086
2.1535587310791016
2.440333366394043
2.4213621616363525
2.359072208404541
1.777514100074768
2.217271089553833
2.419086456298828
1.5068087577819824
2.003877878189087
1.8146451711654663
1.7257076501846313
2.549053192138672
2.364327907562256
2.6420347690582275
1.4831595420837402
1.895628571510315
2.429331064224243
2.0409090518951416
1.4076250791549683
2.397006034851074
2.3263485431671143
2.408412218093872
2.4311554431915283
2.432317018508911
2.2569172382354736
2.469240665435791
2.262195110321045
2.3890626430511475
2.3895859718322754
2.4109292030334473
2.264293909072876
2.454141616821289
2.3284311294555664
2.473576068878174
2.3701844215393066
2.4908080101013184
2.181976795196533
2.415283679962158
2.5440711975097656
2.303894519805908
1.9029172658920288
2.1910886764526367
2.317573070526123
1.5645649433135986
2.305868625640869
