2.122366428375244
2.4248175621032715
2.2697062492370605
2.282402515411377
2.232419013977051
2.334770679473877
2.4805479049682617
0.0
0.0
0.0
2.4046356678009033
2.256772041320801
2.627985954284668
2.22149395942688
2.2333035469055176
2.2535548210144043
2.1423745155334473
2.550309896469116
2.3091094493865967
2.5922677516937256
0.0
0.0
0.0
2.067683458328247
2.30731463432312
0.0
0.0
0.0
0.0
0.0
0.0
0.0
0.0
0.0
0.0
0.0
0.0
0.0
0.0
0.0
0.0
0.0
0.0
0.0
0.0
0.0
0.0
0.0
0.0
0.0
0.0
0.0
0.0
2.394646167755127
0.0
0.0
2.2316744327545166
0.0
0.0
2.6233904361724854
2.417644739151001
0.0
2.2336604595184326
0.0
0.0
2.6358916759490967
2.030876874923706
0.0
2.345343828201294
0.0
0.0
1.946729063987732
2.206265926361084
0.0
2.353238582611084
2.1747169494628906
2.009350061416626
2.4449925422668457
2.036940097808838
2.168156623840332
2.318333387374878
2.247636318206787
2.607266902923584
2.341646432876587
2.4574923515319824
0.0
0.0
2.3375351428985596
0.0
0.0
2.5733489990234375
2.5466866493225098
2.4286651611328125
2.243549346923828
2.418626070022583
2.2358322143554688
2.4734582901000977
2.2906675338745117
2.3939907550811768
2.179997444152832
2.1410679817199707
2.437286615371704
2.497757911682129
2.1384472846984863
2.611781597137451
2.3849334716796875
2.413820743560791
2.3373680114746094
2.164759635925293
2.2682900428771973
2.152162551879883
2.142242431640625
2.2148964405059814
2.2331652641296387
1.968189001083374
2.556138277053833
2.344679355621338
2.217550754547119
2.107583522796631
2.4657227993011475
1.7271695137023926
1.843169927597046
1.966178297996521
2.3706302642822266
2.5094523429870605
2.5916690826416016
2.044663906097412
2.1865458488464355
2.2055130004882812
2.281606435775757
2.012112617492676
2.347446918487549
2.3276844024658203
2.5030879974365234
2.215182065963745
2.143057346343994
2.219512701034546
2.4855141639709473
2.1618945598602295
2.22943115234375
2.3054535388946533
2.202935218811035
2.2039966583251953
2.6074321269989014
2.369605779647827
2.392185688018799
2.3291001319885254
2.1954140663146973
2.565584897994995
2.2605769634246826
2.3844785690307617
2.301398992538452
2.4048993587493896
2.382075071334839
2.409677743911743
2.107290267944336
2.616682529449463
2.447589874267578
2.401933193206787
2.2552809715270996
2.1314821243286133
2.6424741744995117
2.3125925064086914
2.361006736755371
2.31160306930542
2.2922258377075195
2.6644036769866943
2.7209789752960205
2.4870731830596924
1.8602256774902344
2.1531639099121094
2.560737133026123
2.357541084289551
2.4157357215881348
2.2991557121276855
2.1527647972106934
2.1936233043670654
2.402785062789917
2.272444725036621
2.239314079284668
2.378804922103882
2.4805819988250732
2.1218819618225098
2.430616855621338
2.4240360260009766
2.1914477348327637
2.047079086303711
2.3776137828826904
2.3378207683563232
2.571603775024414
2.4303011894226074
2.5706653594970703
2.4537758827209473
2.4190449714660645
2.6385293006896973
2.389563798904419
2.434910297393799
2.3072428703308105
2.3641180992126465
2.554252862930298
2.1234021186828613
2.1633241176605225
2.1643128395080566
2.408609390258789
2.3575334548950195
2.3286211490631104
2.4792661666870117
2.5421180725097656
2.1817002296447754
2.5295143127441406
2.699854850769043
2.322819471359253
2.1371970176696777
2.2252063751220703
1.9989722967147827
2.3084681034088135
2.3441619873046875
2.5320045948028564
2.485543727874756
2.2980611324310303
2.2162554264068604
2.1177334785461426
2.343440294265747
