2.637817621231079
2.171082019805908
2.4544596672058105
2.7015602588653564
2.520517587661743
2.643446445465088
2.227644443511963
0.0
0.0
0.0
2.298888683319092
2.1876161098480225
2.5967049598693848
1.985517144203186
1.838919997215271
2.0156524181365967
2.277336359024048
2.3440771102905273
2.2917089462280273
2.3812646865844727
0.0
0.0
0.0
1.7942044734954834
2.51670241355896
0.0
0.0
0.0
0.0
0.0
0.0
0.0
0.0
0.0
0.0
0.0
0.0
0.0
0.0
0.0
0.0
0.0
0.0
0.0
0.0
0.0
0.0
0.0
0.0
0.0
0.0
0.0
0.0
2.014686107635498
0.0
0.0
2.404482841491699
0.0
0.0
2.406848192214966
2.613584518432617
0.0
2.3612608909606934
0.0
0.0
2.0923149585723877
2.2489304542541504
0.0
2.55686092376709
0.0
0.0
2.461601734161377
2.2537174224853516
0.0
2.5240397453308105
2.2903122901916504
1.9940621852874756
2.273037910461426
2.219942092895508
2.2280726432800293
2.2104804515838623
2.2622804641723633
2.2113871574401855
2.4165854454040527
2.4556047916412354
0.0
0.0
2.0303187370300293
0.0
0.0
2.2127487659454346
1.9904593229293823
2.409479856491089
2.1888985633850098
2.238140106201172
1.892075538635254
2.384545087814331
1.6841590404510498
1.747463345527649
1.7133119106292725
1.5509834289550781
0.0
2.120502471923828
2.110100269317627
2.2421350479125977
2.453244924545288
1.9318097829818726
2.444303274154663
2.1428487300872803
2.1872994899749756
2.1212401390075684
2.285614252090454
2.1133227348327637
2.332036256790161
2.544673442840576
1.6893757581710815
2.28662109375
2.493950366973877
1.5804871320724487
2.3713715076446533
1.5720096826553345
2.0782604217529297
1.857970952987671
1.291239857673645
1.4312363862991333
1.8732792139053345
1.6841109991073608
2.207634925842285
2.427483558654785
2.345848560333252
2.2663464546203613
2.3196418285369873
2.5194649696350098
2.2159299850463867
1.979554295539856
2.3329334259033203
2.6823716163635254
2.262722969055176
2.2888753414154053
2.257052421569824
2.453270196914673
2.388044595718384
2.382143259048462
2.8447771072387695
2.3905978202819824
2.57256817817688
2.5335476398468018
2.4426722526550293
2.211721658706665
2.122260093688965
2.1048479080200195
1.7570667266845703
1.9344865083694458
2.282118320465088
2.4548754692077637
1.3752381801605225
1.8565545082092285
2.155705213546753
2.543031692504883
2.093428373336792
2.152905225753784
2.801907777786255
2.8446521759033203
1.8991056680679321
2.414350986480713
0.9452722668647766
2.565870523452759
2.285532236099243
2.5567727088928223
2.3098866939544678
2.410722255706787
2.347890853881836
2.291944742202759
2.4512665271759033
2.1317315101623535
2.116554021835327
2.1310367584228516
2.335261106491089
2.4846603870391846
2.280996799468994
2.3773951530456543
2.587125778198242
1.9118376970291138
1.940954566001892
2.097273588180542
1.8170841932296753
2.2698354721069336
1.9380892515182495
1.7386252880096436
2.6721138954162598
2.7104735374450684
2.5525031089782715
2.157928466796875
2.125624418258667
2.6138031482696533
1.7451516389846802
2.0336318016052246
2.4153261184692383
2.4809036254882812
2.6583707332611084
2.6237542629241943
2.4144773483276367
2.309263229370117
2.55954647064209
2.304546594619751
2.423969268798828
2.4789390563964844
2.4702773094177246
2.54276704788208
2.4885525703430176
2.49631929397583
2.4984302520751953
2.8029747009277344
2.643298387527466
1.6533491611480713
2.5259313583374023
2.579010486602783
2.0361971855163574
2.5061452388763428
2.407684326171875
2.2138209342956543
2.405500888824463
2.560060977935791
