2.1342039108276367
2.458871364593506
0.0
0.0
2.669360399246216
2.1475067138671875
2.490821361541748
0.0
0.0
0.0
1.6466641426086426
2.4689009189605713
0.0
2.3616533279418945
2.4298391342163086
0.0
2.2557218074798584
2.2031257152557373
2.3108253479003906
2.1584761142730713
0.0
0.0
0.0
2.4498131275177
2.2641396522521973
0.0
0.0
0.0
0.0
0.0
0.0
0.0
0.0
0.0
0.0
0.0
0.0
0.0
0.0
0.0
0.0
0.0
0.0
0.0
0.0
0.0
0.0
0.0
0.0
0.0
0.0
0.0
0.0
2.3080477714538574
0.0
0.0
2.327768564224243
0.0
0.0
0.0
2.272965669631958
0.0
2.5317420959472656
0.0
0.0
0.0
0.0
0.0
0.0
0.0
0.0
2.4471487998962402
0.0
0.0
2.3975729942321777
2.4616565704345703
2.582953453063965
2.532038688659668
2.292396068572998
2.269233226776123
2.2800984382629395
2.2956254482269287
2.410954713821411
0.0
0.0
0.0
0.0
2.521670341491699
0.0
0.0
2.4533567428588867
2.548110008239746
2.493098735809326
2.335322856903076
2.2191929817199707
2.509824275970459
2.3160295486450195
2.5413818359375
1.765770673751831
2.1324727535247803
2.26318359375
2.337271213531494
2.4853785037994385
2.4981799125671387
2.4906740188598633
2.3431038856506348
2.3360109329223633
2.458425283432007
2.4632997512817383
2.2872297763824463
2.0622222423553467
1.9468246698379517
2.4163970947265625
1.9588335752487183
2.2700717449188232
2.4164352416992188
2.447554111480713
1.905213475227356
2.5011157989501953
2.578251838684082
1.761519193649292
2.3850255012512207
0.0
2.438971757888794
2.4083168506622314
0.0
0.0
2.661421060562134
2.5855884552001953
1.5093861818313599
1.8579063415527344
2.360222816467285
1.7156776189804077
2.6482553482055664
2.496917963027954
2.525754928588867
2.53409481048584
2.453439235687256
1.9545114040374756
2.38563871383667
2.641810417175293
2.3932647705078125
2.5649352073669434
2.215327739715576
2.356393814086914
2.2333908081054688
2.524610996246338
2.29292368888855
2.444946765899658
2.6596744060516357
2.5778276920318604
2.380614995956421
1.3244415521621704
2.1228628158569336
2.5256426334381104
2.4014832973480225
2.6202611923217773
2.5180046558380127
2.44619083404541
2.6144120693206787
2.3231401443481445
2.6008949279785156
2.5572433471679688
1.1114577054977417
2.471503734588623
2.379730224609375
2.727067232131958
2.603099822998047
2.410372018814087
1.5094099044799805
2.293609380722046
2.69901442527771
2.6025168895721436
2.310411214828491
2.4088258743286133
2.6192359924316406
2.3220016956329346
2.4145779609680176
2.3691534996032715
2.5015316009521484
2.5606865882873535
2.4159483909606934
2.185702323913574
2.384648561477661
2.283547878265381
2.4736199378967285
2.240415573120117
2.4927031993865967
2.419461727142334
2.6859092712402344
2.430574893951416
2.4832234382629395
2.352059841156006
2.4427077770233154
2.5148754119873047
2.4937119483947754
2.345736026763916
1.7930418252944946
2.541929244995117
2.386187791824341
2.2716240882873535
2.031698703765869
2.1712045669555664
2.5412940979003906
2.337256908416748
2.5266082286834717
2.3136959075927734
2.177018642425537
2.56471586227417
2.410834550857544
2.1767592430114746
2.201545476913452
2.512239933013916
2.530388832092285
2.4372942447662354
2.569214344024658
2.7492237091064453
2.465358018875122
2.44281005859375
2.6892294883728027
2.5250871181488037
2.380434036254883
2.5777792930603027
