2.5541982650756836
2.462980031967163
2.4453306198120117
2.465502977371216
2.381770372390747
2.144299030303955
2.4791319370269775
0.0
0.0
0.0
2.5244522094726562
2.2214648723602295
2.503960132598877
2.3038759231567383
2.119959831237793
2.526960849761963
2.6224076747894287
2.2951972484588623
2.111297130584717
2.1326889991760254
0.0
0.0
0.0
2.199338912963867
2.4107511043548584
0.0
0.0
0.0
0.0
0.0
0.0
0.0
0.0
0.0
0.0
0.0
0.0
0.0
0.0
0.0
0.0
0.0
0.0
0.0
0.0
0.0
0.0
0.0
0.0
0.0
0.0
0.0
0.0
2.0724804401397705
0.0
0.0
2.293496608734131
0.0
0.0
2.537458658218384
2.4364027976989746
0.0
2.193763494491577
0.0
0.0
2.4580636024475098
2.457083225250244
0.0
2.381950855255127
0.0
0.0
2.0800998210906982
2.449460983276367
0.0
2.271329402923584
2.327636241912842
2.3654050827026367
2.3783626556396484
2.4324686527252197
2.341245174407959
2.2879555225372314
2.055108070373535
2.465837240219116
2.41084361076355
2.433675527572632
0.0
0.0
2.200986862182617
0.0
0.0
2.218738555908203
2.1717119216918945
2.3928816318511963
2.196354627609253
2.2337806224823
2.1218714714050293
1.903062105178833
2.184157133102417
1.0395972728729248
1.283326268196106
1.8952455520629883
2.599299907684326
2.332655906677246
2.6065292358398438
2.6841988563537598
2.5317883491516113
2.184528112411499
2.363675117492676
1.8024576902389526
2.1493942737579346
1.9424043893814087
1.9110205173492432
2.0947723388671875
2.1785101890563965
1.8603647947311401
1.7679156064987183
1.3805714845657349
2.182067632675171
2.3013017177581787
2.53019118309021
2.1133670806884766
1.9408408403396606
2.020033121109009
2.088043212890625
2.33109188079834
2.181230068206787
2.4938151836395264
1.9858288764953613
2.4028477668762207
2.2834770679473877
1.5938003063201904
2.4033350944519043
2.2843527793884277
2.4378280639648438
2.5185940265655518
2.2195160388946533
2.40167236328125
1.6852874755859375
2.1543612480163574
2.073286771774292
1.9784035682678223
1.888382911682129
2.3633127212524414
2.445040702819824
2.5500361919403076
2.2835023403167725
2.373239517211914
2.2420177459716797
2.5370521545410156
2.386781930923462
2.378779172897339
2.1024951934814453
2.36605167388916
2.3386504650115967
2.3974850177764893
1.9988192319869995
2.740656614303589
2.266252279281616
2.118752956390381
2.469223737716675
2.140859842300415
2.7198753356933594
2.560328245162964
1.940870761871338
2.5084903240203857
2.296563148498535
2.61191463470459
2.3481664657592773
2.428828239440918
2.263731002807617
2.6550467014312744
2.3180975914001465
2.351719617843628
2.552811622619629
2.4088449478149414
2.4941530227661133
2.5214741230010986
2.0852296352386475
2.3561720848083496
2.575366497039795
2.4299707412719727
2.2759311199188232
2.3260347843170166
2.322389841079712
2.461981773376465
2.0898566246032715
2.5376641750335693
2.5202603340148926
1.8703685998916626
2.50772762298584
2.468637466430664
2.6794791221618652
2.4160714149475098
2.0677762031555176
2.4399569034576416
2.370514392852783
2.367483377456665
2.181100845336914
2.0456197261810303
2.4747819900512695
2.610205888748169
2.316119432449341
2.293637990951538
2.2786736488342285
2.2979846000671387
2.4480936527252197
2.480811834335327
2.1161136627197266
2.264293909072876
2.282423973083496
1.7196996212005615
2.3816540241241455
2.348264217376709
2.4112703800201416
2.562352180480957
2.3232779502868652
2.1156833171844482
2.2053065299987793
2.3903160095214844
2.516735076904297
2.400222063064575
1.1293129920959473
2.4169154167175293
