2.602336883544922
2.5597853660583496
2.134326457977295
2.264559507369995
2.3554134368896484
1.6378360986709595
2.453017234802246
0.0
0.0
0.0
2.421009063720703
2.1488723754882812
2.5949528217315674
2.202655076980591
2.4156413078308105
2.0339953899383545
2.4640321731567383
2.6419572830200195
2.3617753982543945
2.1618094444274902
0.0
0.0
0.0
2.0437076091766357
2.4442782402038574
0.0
0.0
0.0
0.0
0.0
0.0
0.0
0.0
0.0
0.0
0.0
0.0
0.0
0.0
0.0
0.0
0.0
0.0
0.0
0.0
0.0
0.0
0.0
0.0
0.0
0.0
0.0
0.0
2.092170000076294
0.0
0.0
2.3029897212982178
0.0
0.0
2.457475185394287
2.3954379558563232
0.0
2.3869006633758545
0.0
0.0
2.3185532093048096
2.438368558883667
0.0
2.3516130447387695
0.0
0.0
1.5597528219223022
2.5411059856414795
0.0
0.9469630122184753
2.0740461349487305
2.2571892738342285
2.117675304412842
2.426058292388916
2.3624191284179688
2.357656955718994
2.3331832885742188
2.2377028465270996
2.2144417762756348
2.222074031829834
0.0
0.0
1.9393644332885742
0.0
0.0
2.3564939498901367
2.2646870613098145
2.3329358100891113
2.3927464485168457
2.427624225616455
2.134024143218994
2.293065071105957
2.364687442779541
1.6129755973815918
1.656749963760376
1.9538246393203735
2.5211682319641113
2.206974744796753
1.840869426727295
1.3229130506515503
1.3574684858322144
1.8164682388305664
2.2106006145477295
1.9732483625411987
1.8952499628067017
2.1859359741210938
1.7682206630706787
1.9984210729599
1.938032865524292
2.414140224456787
1.8304954767227173
2.074511766433716
2.0444161891937256
2.1801915168762207
2.417675256729126
2.3549344539642334
1.941080927848816
2.177356719970703
2.3017711639404297
2.232051372528076
2.198376178741455
2.416834592819214
2.234853982925415
2.0867197513580322
1.3087526559829712
2.162670135498047
2.390293836593628
2.4527156352996826
2.4290645122528076
2.1590819358825684
2.518261671066284
2.607668876647949
2.211573600769043
2.4512317180633545
2.3352854251861572
2.219940185546875
2.425082206726074
2.220729351043701
2.2724552154541016
2.375910758972168
2.0322015285491943
2.0124897956848145
2.4527578353881836
2.2743043899536133
2.360836982727051
2.575366258621216
2.336421012878418
2.231299877166748
2.0476090908050537
2.4017133712768555
2.191307783126831
2.6025338172912598
2.452782154083252
2.4886972904205322
2.2724156379699707
2.4270944595336914
2.523787498474121
2.2289786338806152
2.3249173164367676
2.315547466278076
2.293037176132202
2.587623119354248
2.469508171081543
2.6116607189178467
2.328538179397583
2.638744831085205
2.584556818008423
2.139840602874756
2.4445841312408447
2.4686496257781982
2.3885610103607178
2.3338189125061035
2.125725269317627
2.2041001319885254
2.6522278785705566
2.586839199066162
2.5479583740234375
2.353255271911621
2.0062732696533203
1.9979650974273682
2.173936367034912
2.2221078872680664
2.639113426208496
2.2863190174102783
2.3830792903900146
2.40693998336792
2.55802059173584
2.0789101123809814
2.300931930541992
1.6268436908721924
1.6186237335205078
2.3885278701782227
2.0788722038269043
2.299748420715332
2.502565860748291
2.3176939487457275
2.2979722023010254
2.5240426063537598
2.321633815765381
2.3361332416534424
2.2599940299987793
1.611624836921692
2.3883914947509766
2.4503424167633057
2.280951738357544
2.6286497116088867
2.5504815578460693
2.238863468170166
2.580901622772217
2.5775418281555176
2.3111085891723633
2.51472806930542
2.1330764293670654
2.2315220832824707
2.4349164962768555
2.4577560424804688
2.0733115673065186
2.368502616882324
