3.0838122367858887
3.0688252449035645
3.066274642944336
3.080022096633911
3.0799224376678467
2.3592350482940674
3.0744917392730713
0.0
0.0
0.0
3.0759902000427246
3.0719187259674072
3.0860676765441895
3.0811526775360107
3.0592432022094727
2.876699447631836
3.077594041824341
3.063512086868286
3.0796494483947754
2.4182121753692627
0.0
0.0
0.0
2.6232259273529053
2.892336845397949
0.0
0.0
0.0
0.0
0.0
0.0
0.0
0.0
0.0
0.0
0.0
0.0
0.0
0.0
0.0
0.0
0.0
0.0
0.0
0.0
0.0
0.0
0.0
0.0
0.0
0.0
0.0
0.0
2.647395610809326
0.0
0.0
2.4463837146759033
0.0
0.0
2.287652015686035
0.8849191069602966
0.0
2.1374077796936035
0.0
0.0
2.4838368892669678
2.149554967880249
0.0
2.6023194789886475
0.0
0.0
2.2549800872802734
2.3419904708862305
0.0
1.7964894771575928
2.111152172088623
2.3356552124023438
1.8697586059570312
2.177614688873291
2.3591158390045166
1.9829058647155762
2.36917781829834
2.490630865097046
2.3057827949523926
2.02787184715271
0.0
0.0
2.6212759017944336
0.0
0.0
2.2741432189941406
2.6471734046936035
2.447753667831421
2.1888227462768555
2.2899231910705566
2.517235279083252
2.7251501083374023
2.4841201305389404
2.181541919708252
2.421504020690918
2.3535573482513428
2.5984997749328613
2.534780502319336
1.9890317916870117
2.192754030227661
2.464850902557373
2.254056930541992
2.22942852973938
2.929841995239258
2.9717743396759033
2.8525147438049316
2.91232967376709
2.8165500164031982
3.0525062084198
3.0663397312164307
3.080988645553589
2.976487636566162
3.0484743118286133
2.611494302749634
3.0625338554382324
2.9024336338043213
2.6092529296875
2.6054744720458984
2.9910929203033447
3.08014178276062
3.02066707611084
3.0649807453155518
3.0545284748077393
3.0424184799194336
3.078808546066284
3.0762832164764404
2.6363229751586914
2.6319384574890137
2.6892919540405273
3.027531147003174
3.0901718139648438
3.0808374881744385
2.6319384574890137
3.0944008827209473
3.0785229206085205
3.050468921661377
3.091597080230713
3.0631837844848633
3.0792062282562256
3.0869076251983643
3.0857086181640625
3.0853703022003174
3.0723602771759033
2.705566883087158
3.059326410293579
3.0899863243103027
3.0773677825927734
3.080209732055664
3.076326370239258
3.081148147583008
3.0622336864471436
2.2214035987854004
3.0791378021240234
3.086862802505493
2.676835536956787
2.863464593887329
2.6202337741851807
3.0620179176330566
3.0571484565734863
3.063724994659424
3.0904061794281006
3.0712685585021973
3.0705718994140625
3.058375835418701
2.980860710144043
3.0525686740875244
2.5967960357666016
3.0952353477478027
3.0424909591674805
3.078329086303711
3.0801968574523926
3.0803825855255127
3.0806984901428223
3.085812568664551
3.086758613586426
3.059669017791748
3.089596748352051
3.068157911300659
2.774158000946045
3.0423531532287598
3.0859289169311523
3.053304672241211
3.0723955631256104
3.073728084564209
2.615176200866699
3.019529342651367
3.0961430072784424
2.0338633060455322
3.057875871658325
3.0972492694854736
3.0910451412200928
2.61728572845459
3.076021909713745
3.033067464828491
3.0813941955566406
2.996218681335449
3.0768237113952637
3.0730273723602295
2.9252874851226807
3.06734299659729
3.0657641887664795
3.0636703968048096
3.0778350830078125
3.0760886669158936
3.0794718265533447
2.9177963733673096
2.7119030952453613
3.076331377029419
3.0649101734161377
2.7052557468414307
3.066006898880005
2.9833285808563232
3.0170183181762695
2.9203755855560303
2.860583782196045
2.9684364795684814
2.836557388305664
3.0648627281188965
