-2.0590949058532715
-0.8681409955024719
-1.8881641626358032
-2.6037251949310303
-2.138517141342163
-2.856595039367676
-2.6352734565734863
-1.7985419034957886
-1.9859769344329834
-2.26328706741333
-1.0744582414627075
-2.058590888977051
-1.5799674987792969
-2.406299352645874
-1.5400949716567993
-2.5581538677215576
-1.7125126123428345
-2.3976378440856934
-2.4494476318359375
-2.493962526321411
-1.1582181453704834
-3.227226734161377
-2.2601571083068848
-2.357327938079834
-3.100393056869507
-2.054140567779541
-2.3039450645446777
-2.4095299243927
-1.2518789768218994
-2.1037614345550537
-1.6710189580917358
-2.6129367351531982
-3.532582998275757
-2.0074784755706787
-2.061117172241211
-2.336945056915283
-4.223670482635498
-1.9509687423706055
-2.2528419494628906
-2.4758522510528564
-2.966313123703003
-1.9646716117858887
-1.5045474767684937
-1.811964988708496
-2.0856826305389404
-1.8818037509918213
-1.9892781972885132
-2.656712293624878
-2.194520950317383
-1.6031885147094727
-2.7177326679229736
-1.070786952972412
-3.8949952125549316
-3.4847729206085205
-1.2163963317871094
-1.8983365297317505
-2.1746175289154053
-2.638256072998047
-1.8962475061416626
-2.540238618850708
-2.5868451595306396
-1.506680965423584
-1.9260884523391724
-2.4748992919921875
-2.654400587081909
-1.4619693756103516
-2.9321885108947754
-1.1673882007598877
-2.926590919494629
-2.0267834663391113
-2.1509668827056885
-1.5204888582229614
-1.8521199226379395
-1.7037116289138794
-2.2452392578125
-3.214815139770508
-1.422337293624878
-2.7808752059936523
-2.2060275077819824
-2.157747507095337
-1.7246294021606445
-1.9799621105194092
-2.1609373092651367
-2.22898530960083
-1.6843370199203491
-1.6930967569351196
-3.482074499130249
-2.014915943145752
-1.9636085033416748
-1.9837899208068848
-2.4952142238616943
-1.9706816673278809
-1.8489457368850708
-2.1662468910217285
-2.521973133087158
-1.5674341917037964
-1.2594883441925049
-2.7243399620056152
-2.064545154571533
-2.574734926223755
-2.5341906547546387
-2.3317906856536865
-1.629315972328186
-1.626936674118042
-2.4364259243011475
-1.7656316757202148
-3.524062156677246
-2.073864698410034
-1.647125244140625
-2.2221555709838867
-1.8878154754638672
-2.425788640975952
-1.5650652647018433
-3.078373908996582
-2.945678949356079
-2.451995849609375
-2.2928273677825928
-2.966571807861328
-2.0714149475097656
-2.4724674224853516
-1.5394476652145386
-1.6094696521759033
-2.2723069190979004
-2.327451467514038
-1.9756157398223877
-1.7156881093978882
-1.902093768119812
-2.134953737258911
-1.1451475620269775
-2.000286340713501
-1.6113539934158325
-2.04484224319458
-1.8353474140167236
-1.8792146444320679
-1.5708998441696167
-1.9903972148895264
-1.713113784790039
-3.0146567821502686
-2.821215867996216
-2.398305654525757
-2.04948353767395
-2.5342373847961426
-2.702659845352173
-2.349843978881836
-1.8091593980789185
-2.3507487773895264
-1.342407464981079
-2.3222944736480713
-2.2857375144958496
-1.893113613128662
-1.5889214277267456
-2.15651273727417
-1.3324795961380005
-1.7795017957687378
-1.5801724195480347
-2.201719284057617
-2.589104652404785
-1.4115594625473022
-1.351213812828064
-2.4779179096221924
-2.091552734375
-3.3402535915374756
-2.2144174575805664
-1.6413096189498901
-2.1903514862060547
-3.4078006744384766
-2.4600226879119873
-2.2012860774993896
-1.8841760158538818
-1.2294511795043945
-2.75831937789917
-2.521069049835205
-1.3482835292816162
-2.134416341781616
-1.7746829986572266
-1.5494948625564575
-1.5892010927200317
-2.253370523452759
