-2.8878226280212402
-0.9582340717315674
-2.486522912979126
-3.836354970932007
-2.533928155899048
-3.8395729064941406
-3.878894805908203
-2.130833148956299
-1.8587987422943115
-2.7410733699798584
-1.6444625854492188
-2.354210615158081
-1.8538367748260498
-2.7607333660125732
-2.1254401206970215
-2.5581557750701904
-2.27412486076355
-2.92850399017334
-2.294252634048462
-2.3594839572906494
-1.2166551351547241
-3.51408314704895
-2.5697755813598633
-3.1627602577209473
-2.7957823276519775
-2.3094987869262695
-2.737018346786499
-2.3049063682556152
-1.4211649894714355
-1.9625120162963867
-2.4788506031036377
-3.376149892807007
-6.539593696594238
-2.026506185531616
-1.9561220407485962
-2.257706880569458
-4.309504985809326
-3.216165781021118
-2.2245373725891113
-2.7598979473114014
-4.0620927810668945
-2.689487934112549
-1.855147361755371
-1.3261981010437012
-1.8211488723754883
-2.3448023796081543
-1.645530104637146
-3.188096284866333
-2.8080172538757324
-5.452221393585205
-2.7177326679229736
-1.5721075534820557
-5.164206504821777
-4.0144758224487305
-1.6236388683319092
-2.6699016094207764
-1.9393502473831177
-2.5913171768188477
-1.9889310598373413
-1.6920974254608154
-2.5185253620147705
-1.7007873058319092
-2.5208585262298584
-2.8532180786132812
-3.062058925628662
-2.4009358882904053
-3.786252498626709
-1.3024195432662964
-3.244436740875244
-2.7171006202697754
-3.566389322280884
-1.6818677186965942
-1.9468052387237549
-2.47288179397583
-2.6574504375457764
-3.4497060775756836
-1.380029559135437
-2.5048465728759766
-2.4670605659484863
-2.224726915359497
-1.707840919494629
-2.2960970401763916
-2.527071952819824
-2.28513765335083
-1.7482372522354126
-1.984824538230896
-3.6453685760498047
-1.9584803581237793
-1.9470103979110718
-1.831636667251587
-3.3197672367095947
-2.0046401023864746
-1.9978713989257812
-2.029597282409668
-3.472529172897339
-1.5327801704406738
-1.5646700859069824
-2.1112725734710693
-2.575716018676758
-2.0337109565734863
-3.0104873180389404
-2.210052490234375
-1.9446024894714355
-1.576328992843628
-1.7628775835037231
-1.9378738403320312
-4.415070056915283
-2.7838313579559326
-2.127056360244751
-1.5251567363739014
-2.828451633453369
-2.291550397872925
-1.6650218963623047
-3.381131887435913
-2.904885768890381
-2.4862093925476074
-2.8002865314483643
-3.391942262649536
-2.2791082859039307
-2.4903724193573
-1.7986053228378296
-1.7773470878601074
-1.7803623676300049
-2.201329231262207
-2.23464035987854
-2.879915714263916
-1.902093768119812
-2.22328519821167
-1.2000539302825928
-2.0521388053894043
-1.8922761678695679
-2.135077953338623
-2.1243112087249756
-1.5678179264068604
-1.7767362594604492
-1.8530384302139282
-1.88236665725708
-2.868144989013672
-2.802791118621826
-2.286454677581787
-2.4698970317840576
-1.9785451889038086
-3.051013708114624
-2.990596055984497
-1.9422550201416016
-2.752141237258911
-2.0771355628967285
-2.3230371475219727
-2.9963419437408447
-2.5296225547790527
-2.3079376220703125
-2.1134819984436035
-1.697345495223999
-1.6689215898513794
-1.6276652812957764
-3.1560709476470947
-3.890883445739746
-1.3236656188964844
-1.2275638580322266
-2.567484140396118
-1.9827587604522705
-3.7125113010406494
-2.333800792694092
-1.7565228939056396
-2.323151111602783
-3.2398905754089355
-3.2658326625823975
-2.0868968963623047
-2.1957685947418213
-1.4813963174819946
-2.8547563552856445
-2.9062106609344482
-1.5946239233016968
-2.672710657119751
-2.0124077796936035
-3.54757022857666
-2.1873080730438232
-2.4878876209259033
