-2.8878226280212402
-0.9582340717315674
-2.6101009845733643
-3.821549892425537
-2.533928155899048
-3.9047563076019287
-3.878894805908203
-2.117119073867798
-1.8538923263549805
-2.7236382961273193
-1.409592866897583
-2.3527393341064453
-1.6637855768203735
-2.8765251636505127
-2.2799184322357178
-2.5581538677215576
-2.4621572494506836
-3.013056993484497
-2.2942514419555664
-2.3594837188720703
-1.279836654663086
-3.51408314704895
-2.3964054584503174
-2.626875162124634
-2.7957823276519775
-2.3094987869262695
-2.6622776985168457
-2.311081647872925
-1.4431968927383423
-1.7808148860931396
-2.4788506031036377
-3.384428024291992
-6.539592742919922
-2.0265064239501953
-1.9561220407485962
-2.4950950145721436
-4.309504985809326
-2.0579121112823486
-2.2384190559387207
-2.655672073364258
-4.0620927810668945
-2.689487934112549
-1.6105176210403442
-1.3261981010437012
-1.666396975517273
-2.303286075592041
-1.645530104637146
-3.188096284866333
-2.781362771987915
-1.7128671407699585
-2.7177326679229736
-1.5721073150634766
-5.164206504821777
-4.0144758224487305
-1.5834800004959106
-2.6699016094207764
-2.111253261566162
-2.5792617797851562
-1.9889310598373413
-1.7529436349868774
-2.4918997287750244
-1.8310563564300537
-2.689915418624878
-2.4763052463531494
-3.062058925628662
-2.439483880996704
-3.786252498626709
-1.3240811824798584
-3.2444357872009277
-2.7891764640808105
-3.58553147315979
-1.6846635341644287
-1.9730228185653687
-2.472881555557251
-2.554427146911621
-3.4497053623199463
-1.3401553630828857
-2.504844903945923
-2.44455623626709
-2.2247262001037598
-1.6781005859375
-2.2625486850738525
-2.527071952819824
-2.28513765335083
-1.472756028175354
-1.978670358657837
-3.6453685760498047
-1.9584803581237793
-1.9244111776351929
-1.8196871280670166
-3.2367801666259766
-2.022850275039673
-1.9978713989257812
-1.9601737260818481
-3.445236921310425
-1.7924633026123047
-1.6055231094360352
-2.3856942653656006
-2.569615364074707
-2.3137712478637695
-3.0104875564575195
-2.210052967071533
-1.8576443195343018
-1.6174697875976562
-1.7628775835037231
-1.8883990049362183
-4.415070056915283
-2.7838313579559326
-1.8543813228607178
-1.5251561403274536
-2.7711005210876465
-2.291550636291504
-1.665393352508545
-3.230522871017456
-2.5137226581573486
-2.4862093925476074
-2.8002865314483643
-3.391942262649536
-2.297551393508911
-2.4903724193573
-1.7858139276504517
-1.7484806776046753
-1.8551959991455078
-2.2078356742858887
-2.23464035987854
-2.879915714263916
-1.902093768119812
-2.130829095840454
-1.1451456546783447
-2.034907341003418
-1.995138168334961
-2.071014404296875
-2.134202480316162
-1.54257071018219
-1.8384007215499878
-1.8530384302139282
-1.9837061166763306
-3.0146570205688477
-2.8184962272644043
-2.286454677581787
-2.4698970317840576
-1.8859021663665771
-2.9669339656829834
-2.990596055984497
-1.915869951248169
-2.7209720611572266
-2.077728271484375
-2.278604507446289
-2.4327361583709717
-2.5443661212921143
-1.9387645721435547
-2.1134819984436035
-1.5854560136795044
-1.6906458139419556
-1.6276655197143555
-3.156071186065674
-3.992722988128662
-1.3325610160827637
-1.2474908828735352
-2.567484140396118
-2.0419483184814453
-3.7125113010406494
-2.333800792694092
-1.7565228939056396
-2.343214988708496
-3.5175540447235107
-2.61257266998291
-2.0868968963623047
-2.1957690715789795
-1.5733747482299805
-2.7575573921203613
-2.6613001823425293
-1.389612078666687
-2.6939291954040527
-2.0124080181121826
-2.4032094478607178
-2.1873080730438232
-2.487088203430176
