-1.9398250579833984
-1.0550683736801147
-1.945611834526062
-4.012098789215088
-2.4322431087493896
-2.9305567741394043
-3.274895191192627
-1.9081703424453735
-2.532255172729492
-1.883998155593872
-1.102756381034851
-1.6036560535430908
-1.7381614446640015
-2.636644124984741
-1.5225229263305664
-2.5581538677215576
-1.8813759088516235
-2.425503969192505
-2.803825616836548
-2.1853861808776855
-1.4212344884872437
-3.3163154125213623
-1.7530996799468994
-2.3610785007476807
-2.3972721099853516
-2.054140567779541
-2.430727005004883
-2.409435749053955
-1.1451882123947144
-2.437962532043457
-1.671019196510315
-2.83160400390625
-3.28322696685791
-2.007479429244995
-2.2487785816192627
-2.1979408264160156
-3.722799062728882
-1.9295281171798706
-2.1875064373016357
-2.3453986644744873
-3.0140702724456787
-1.9646716117858887
-1.6896640062332153
-1.7861148118972778
-1.6328645944595337
-1.9260305166244507
-1.645530104637146
-3.0818116664886475
-2.2783708572387695
-1.4777766466140747
-2.7177326679229736
-1.1409339904785156
-3.5795974731445312
-3.2933106422424316
-1.7788788080215454
-1.9657031297683716
-1.9602839946746826
-2.6249916553497314
-2.0567281246185303
-2.540238618850708
-2.5076725482940674
-1.619910478591919
-1.93708074092865
-2.548755645751953
-2.6464133262634277
-1.9074435234069824
-3.0875260829925537
-1.0547693967819214
-3.0595593452453613
-2.1773688793182373
-2.7058563232421875
-2.3290657997131348
-1.969957709312439
-1.912239670753479
-2.1760215759277344
-2.884230375289917
-1.792838454246521
-2.780874252319336
-2.6249632835388184
-2.135619640350342
-1.805668592453003
-1.8398892879486084
-2.470992088317871
-2.22898530960083
-1.4872491359710693
-1.8737742900848389
-3.482074499130249
-2.023829221725464
-2.1998236179351807
-2.343641757965088
-2.4952142238616943
-2.342646598815918
-1.860469937324524
-1.8846707344055176
-2.565885543823242
-1.5524543523788452
-1.5588436126708984
-2.1771349906921387
-2.339477062225342
-2.2937417030334473
-2.330238103866577
-2.195237398147583
-1.4751478433609009
-1.580161690711975
-1.7628782987594604
-1.7656316757202148
-3.556811809539795
-1.2090543508529663
-1.764683723449707
-2.0171144008636475
-2.1203694343566895
-2.425790309906006
-1.5970747470855713
-3.1718833446502686
-2.658247947692871
-1.4308733940124512
-2.907822847366333
-2.93141508102417
-2.1006860733032227
-2.388620138168335
-1.6279727220535278
-1.5871809720993042
-1.8398122787475586
-2.334977626800537
-1.8990488052368164
-1.7156881093978882
-1.8396769762039185
-1.7889485359191895
-1.1254255771636963
-1.9488396644592285
-1.3435527086257935
-2.04484224319458
-2.0930838584899902
-1.4838379621505737
-1.5494431257247925
-2.128783941268921
-1.8193312883377075
-2.782642364501953
-2.589326858520508
-1.959596037864685
-2.1876659393310547
-2.0399396419525146
-2.8513553142547607
-2.313486099243164
-1.8091591596603394
-2.236477851867676
-1.3424072265625
-1.7575241327285767
-2.4873876571655273
-1.938031792640686
-1.7364059686660767
-2.059776782989502
-1.3455413579940796
-1.8331215381622314
-1.580173134803772
-2.172030210494995
-3.016045331954956
-1.4001799821853638
-1.2975852489471436
-2.372478723526001
-2.010651111602783
-3.60909104347229
-2.355656385421753
-1.6181665658950806
-2.058140754699707
-4.499336242675781
-2.6935908794403076
-2.01762318611145
-1.8873881101608276
-1.5504964590072632
-2.378312110900879
-2.526658296585083
-1.3923760652542114
-2.1171727180480957
-1.8923183679580688
-1.7568978071212769
-1.8462340831756592
-1.9917231798171997
