-2.4189577102661133
-1.0550683736801147
-2.408195972442627
-3.1998839378356934
-2.76046085357666
-3.0026955604553223
-3.6618237495422363
-1.7414391040802002
-1.7872062921524048
-2.688174247741699
-1.2833569049835205
-1.5595229864120483
-1.4682992696762085
-3.095736265182495
-1.6145367622375488
-2.5581538677215576
-2.0837771892547607
-2.723811388015747
-2.505437135696411
-2.3594837188720703
-0.9327592253684998
-3.7996785640716553
-4.0705671310424805
-2.0343971252441406
-2.3955745697021484
-2.399786949157715
-3.003451347351074
-2.4095306396484375
-1.2426892518997192
-2.422227144241333
-1.6710196733474731
-2.7292239665985107
-3.539093494415283
-2.007479429244995
-2.094646453857422
-2.254056692123413
-3.6565213203430176
-2.122215747833252
-2.144653558731079
-2.5747385025024414
-3.044928789138794
-2.1915340423583984
-1.6868574619293213
-1.7008470296859741
-1.78619384765625
-1.8843108415603638
-1.9892781972885132
-2.9578094482421875
-2.2783713340759277
-1.5957794189453125
-2.7177326679229736
-1.1287176609039307
-4.243420124053955
-3.2933106422424316
-1.2542524337768555
-2.538233518600464
-2.458585500717163
-2.656273603439331
-1.9193394184112549
-2.2853329181671143
-2.5934016704559326
-2.075181722640991
-1.854588508605957
-2.1270365715026855
-2.338878631591797
-2.122704029083252
-3.4371767044067383
-1.1501049995422363
-2.8553318977355957
-2.599987030029297
-2.62976336479187
-1.8562593460083008
-1.9653247594833374
-2.179049491882324
-2.465721845626831
-3.182283401489258
-1.4978129863739014
-2.633509874343872
-2.344376564025879
-2.9397025108337402
-1.8642679452896118
-1.8984049558639526
-2.65488338470459
-2.091843843460083
-2.020786762237549
-2.053584337234497
-3.673246145248413
-2.1312904357910156
-2.0604629516601562
-2.0532162189483643
-1.9209675788879395
-2.1149039268493652
-2.3484034538269043
-1.8969327211380005
-2.6019229888916016
-3.034440279006958
-1.5004242658615112
-2.4993724822998047
-2.006875514984131
-3.640920639038086
-3.7328670024871826
-2.495173215866089
-1.736143708229065
-1.580161690711975
-1.7628782987594604
-1.4701173305511475
-4.232675552368164
-1.2090543508529663
-2.047086477279663
-2.122730016708374
-2.1800644397735596
-2.425790309906006
-1.5744178295135498
-3.4496567249298096
-2.658247947692871
-1.4308733940124512
-2.907822847366333
-2.4535670280456543
-2.197532892227173
-2.388620138168335
-1.7930080890655518
-1.6425992250442505
-2.1183769702911377
-2.2129194736480713
-1.8990488052368164
-1.7156881093978882
-1.902093768119812
-2.134953737258911
-1.2502343654632568
-2.123490571975708
-1.775450587272644
-2.04484224319458
-1.8353474140167236
-1.678310751914978
-1.6592458486557007
-2.1308529376983643
-2.133528470993042
-3.0146567821502686
-2.5713424682617188
-2.5581212043762207
-2.2454445362091064
-2.1663339138031006
-2.634336471557617
-2.8620781898498535
-1.809159755706787
-2.6700472831726074
-1.6808644533157349
-1.5390064716339111
-2.6894588470458984
-1.7101061344146729
-1.568081021308899
-2.059776782989502
-1.429473638534546
-1.80156409740448
-1.5801723003387451
-3.204726457595825
-3.3818156719207764
-1.4069528579711914
-1.384352207183838
-2.3614702224731445
-2.575916290283203
-3.60909104347229
-2.4509005546569824
-1.6811022758483887
-2.3845391273498535
-4.852505207061768
-2.7154200077056885
-2.01762318611145
-1.7418022155761719
-1.3086680173873901
-2.364691734313965
-3.365403890609741
-1.3059673309326172
-2.542698860168457
-1.8339498043060303
-1.5494939088821411
-1.8869092464447021
-2.272830009460449
