-2.399509906768799
-1.0462154150009155
-2.0910634994506836
-3.431230306625366
-2.217332124710083
-3.096250057220459
-3.1831231117248535
-1.6346408128738403
-2.5258655548095703
-2.3167896270751953
-1.3213735818862915
-2.134816884994507
-1.6104482412338257
-2.1469619274139404
-1.6907262802124023
-2.5581557750701904
-1.9890693426132202
-2.757364273071289
-2.6466710567474365
-2.3594837188720703
-0.911629319190979
-3.1201655864715576
-2.188614845275879
-2.2622289657592773
-2.5363199710845947
-2.629744052886963
-2.459932565689087
-2.343384265899658
-1.465120792388916
-2.6337947845458984
-1.9340105056762695
-2.5254199504852295
-3.0509910583496094
-1.9871571063995361
-2.4249322414398193
-2.588320016860962
-4.777194499969482
-2.6168301105499268
-2.234078884124756
-2.7149786949157715
-2.7673699855804443
-1.7713286876678467
-2.353426456451416
-1.7648078203201294
-1.7861939668655396
-2.1988139152526855
-1.6455291509628296
-3.338813304901123
-2.2757086753845215
-1.8887890577316284
-2.7177326679229736
-1.1083660125732422
-3.837106466293335
-3.2086946964263916
-1.483937382698059
-2.3266966342926025
-2.538898229598999
-2.619863986968994
-2.216010332107544
-2.6786835193634033
-2.5240204334259033
-1.9477659463882446
-2.3777732849121094
-2.246076822280884
-2.5387508869171143
-2.5613467693328857
-3.148770809173584
-1.7794909477233887
-3.0074069499969482
-2.4273064136505127
-2.601583242416382
-2.050875186920166
-2.6843605041503906
-1.8696818351745605
-2.5406508445739746
-3.4167304039001465
-1.5707494020462036
-2.9305639266967773
-2.850996732711792
-2.55332088470459
-2.110595703125
-2.7121002674102783
-2.4521379470825195
-2.256067991256714
-2.1999809741973877
-1.9140324592590332
-3.667424201965332
-2.364223003387451
-1.9444128274917603
-1.8931142091751099
-1.9873908758163452
-2.1500308513641357
-2.0435967445373535
-2.0125350952148438
-3.494645833969116
-1.4524050951004028
-1.4741047620773315
-2.3994123935699463
-2.458789825439453
-2.3913991451263428
-2.6774935722351074
-2.3002817630767822
-1.9570519924163818
-1.7581173181533813
-2.4364259243011475
-1.7685247659683228
-4.467365264892578
-2.0996546745300293
-1.8365598917007446
-1.984165906906128
-2.4617018699645996
-2.425790309906006
-1.675394892692566
-3.4496567249298096
-2.658247947692871
-1.7834054231643677
-2.459325075149536
-3.129179000854492
-1.969596266746521
-2.4724674224853516
-1.6638628244400024
-1.6772609949111938
-2.6316096782684326
-1.9009759426116943
-2.0209059715270996
-1.7156881093978882
-1.902093768119812
-2.1247894763946533
-2.079725980758667
-2.3654890060424805
-1.3230516910552979
-2.084362268447876
-2.0719635486602783
-2.160203695297241
-1.6733943223953247
-2.545430898666382
-2.4110336303710938
-3.0146567821502686
-2.846107244491577
-2.253849506378174
-2.5706865787506104
-2.4578258991241455
-2.3186049461364746
-2.2723541259765625
-1.953385353088379
-2.2638936042785645
-1.6559793949127197
-1.562390685081482
-2.186995506286621
-1.9355802536010742
-1.8610310554504395
-1.9791847467422485
-1.3090977668762207
-1.7711418867111206
-1.4320496320724487
-2.1110870838165283
-2.0280208587646484
-1.5099388360977173
-2.1022727489471436
-2.575462818145752
-1.9697437286376953
-3.6204299926757812
-2.6127262115478516
-1.674221396446228
-2.043808937072754
-4.535131931304932
-2.6935908794403076
-2.8666329383850098
-2.053185224533081
-1.4351505041122437
-2.6577141284942627
-2.9521515369415283
-1.4121812582015991
-2.545449733734131
-1.9376670122146606
-1.7622889280319214
-1.6607534885406494
-2.2052431106567383
