-1.9510799646377563
-1.0778251886367798
-2.783468008041382
-2.5491204261779785
-2.4170825481414795
-3.03363299369812
-3.4187419414520264
-1.8774577379226685
-2.7938199043273926
-2.181091070175171
-1.5324172973632812
-1.4837056398391724
-1.5136581659317017
-2.404716968536377
-1.9230841398239136
-2.5544021129608154
-1.9163247346878052
-2.6866376399993896
-2.697469472885132
-2.453524589538574
-1.02899968624115
-3.1496124267578125
-2.0482351779937744
-2.238954782485962
-2.5348622798919678
-1.950671911239624
-2.7482004165649414
-2.4095299243927
-1.3905181884765625
-2.474538803100586
-1.9213452339172363
-2.4370172023773193
-3.119143486022949
-1.9871571063995361
-1.8661890029907227
-2.2342426776885986
-4.498655796051025
-2.540065050125122
-2.160630702972412
-2.4972002506256104
-2.6298537254333496
-2.9791648387908936
-2.009146213531494
-1.5654795169830322
-1.792564868927002
-2.2528932094573975
-1.743713617324829
-3.0224337577819824
-2.8393027782440186
-2.231159210205078
-2.7177326679229736
-1.2180806398391724
-3.4347434043884277
-4.355133056640625
-1.7443606853485107
-3.169412851333618
-2.3895795345306396
-2.5547401905059814
-2.1175243854522705
-2.405909538269043
-2.348525047302246
-1.890282392501831
-2.0483455657958984
-1.923203945159912
-2.26823091506958
-2.343653917312622
-3.2645301818847656
-1.2271320819854736
-3.1132209300994873
-2.406993865966797
-2.4569876194000244
-1.957688331604004
-2.328442096710205
-2.1538338661193848
-3.0534989833831787
-3.201000928878784
-1.663647174835205
-2.7888073921203613
-2.289505958557129
-2.631300687789917
-1.8587069511413574
-2.0839695930480957
-2.3911280632019043
-2.0440099239349365
-2.5194530487060547
-2.298135995864868
-2.676785707473755
-2.103245258331299
-2.0729637145996094
-1.8569071292877197
-1.9873908758163452
-1.9764435291290283
-1.958531141281128
-1.8642358779907227
-3.0605926513671875
-1.4668445587158203
-1.4183751344680786
-2.259445905685425
-2.7888505458831787
-2.154369592666626
-2.431683301925659
-2.1332383155822754
-1.6714637279510498
-1.758497953414917
-1.7628782987594604
-1.7986170053482056
-3.7916791439056396
-1.7139016389846802
-1.9352409839630127
-1.7180259227752686
-2.207322597503662
-2.585291624069214
-1.2940661907196045
-3.541396379470825
-2.945678949356079
-1.6584577560424805
-2.8002865314483643
-3.0601603984832764
-2.2653069496154785
-2.6014482975006104
-1.571185827255249
-1.624526023864746
-2.190272092819214
-2.6139092445373535
-2.245223045349121
-1.715687870979309
-1.8924424648284912
-1.8023737668991089
-1.0430318117141724
-2.0970520973205566
-1.5723044872283936
-2.0743346214294434
-2.376039743423462
-1.574425458908081
-1.8834599256515503
-2.1111679077148438
-2.1885526180267334
-2.782641887664795
-2.728971242904663
-2.0199105739593506
-2.1460072994232178
-2.2178375720977783
-2.9514572620391846
-2.925459384918213
-1.6358802318572998
-2.5823848247528076
-1.9077845811843872
-1.9369937181472778
-2.4388461112976074
-2.3164713382720947
-1.6124584674835205
-2.0176756381988525
-1.3220791816711426
-1.7077085971832275
-1.580173134803772
-2.276331901550293
-2.364419937133789
-1.7472457885742188
-1.1284923553466797
-2.4779183864593506
-1.9737272262573242
-3.676950216293335
-2.079617977142334
-1.6900886297225952
-2.1026127338409424
-2.511441707611084
-2.7154200077056885
-2.4170191287994385
-1.9909554719924927
-1.3118064403533936
-2.7239999771118164
-2.1671414375305176
-1.2661467790603638
-2.538950204849243
-1.8275799751281738
-1.806053638458252
-2.3538737297058105
-2.249781608581543
