-2.0590949058532715
-1.0995742082595825
-2.3827457427978516
-2.221372604370117
-2.0462698936462402
-2.9920969009399414
-3.6618237495422363
-1.7558940649032593
-2.2494421005249023
-2.1956918239593506
-1.1128677129745483
-1.60365629196167
-1.6752334833145142
-2.958207130432129
-1.5225229263305664
-2.5581557750701904
-2.26904296875
-2.5771331787109375
-2.2040562629699707
-2.3594837188720703
-1.2347567081451416
-3.7553179264068604
-2.6895971298217773
-2.3610785007476807
-2.3615095615386963
-2.701882839202881
-2.1569933891296387
-2.2773990631103516
-1.307485818862915
-2.151895046234131
-1.9356632232666016
-3.1783363819122314
-2.620715856552124
-2.1183972358703613
-1.8391188383102417
-2.158998727798462
-3.6245367527008057
-1.9094605445861816
-2.5051822662353516
-2.4867029190063477
-2.377761125564575
-2.022393226623535
-1.7660478353500366
-1.8273351192474365
-1.737152099609375
-1.65512216091156
-1.9892781972885132
-3.0461959838867188
-2.1236698627471924
-1.521338701248169
-2.7177326679229736
-1.261192798614502
-3.8949952125549316
-3.6231236457824707
-1.1271040439605713
-2.7553153038024902
-2.4345571994781494
-2.583998918533325
-1.58697509765625
-2.1885414123535156
-2.555321216583252
-1.8950337171554565
-1.904314398765564
-1.800978183746338
-2.870907783508301
-2.144904613494873
-3.6664860248565674
-1.0438510179519653
-3.134254217147827
-2.047934055328369
-2.707695960998535
-2.024885654449463
-2.001856803894043
-2.0565712451934814
-2.333681583404541
-3.073923349380493
-1.2998169660568237
-3.2135560512542725
-2.2024707794189453
-2.222977638244629
-1.7543752193450928
-1.8164687156677246
-2.1609373092651367
-2.1136834621429443
-1.6307003498077393
-2.4268312454223633
-2.453118324279785
-2.014915943145752
-2.150195598602295
-1.9196412563323975
-2.4952142238616943
-2.196611166000366
-2.1310179233551025
-2.2195043563842773
-2.6019229888916016
-1.6588903665542603
-1.253300428390503
-2.050534963607788
-2.240638017654419
-3.015615940093994
-2.534191131591797
-2.462289571762085
-1.3799664974212646
-1.6269372701644897
-1.7628782987594604
-1.7656316757202148
-4.532873153686523
-1.2090543508529663
-1.849553108215332
-1.8711974620819092
-2.131835699081421
-2.5852904319763184
-1.5893510580062866
-3.214021921157837
-2.658247947692871
-1.6498576402664185
-2.6910998821258545
-2.8741440773010254
-2.097607135772705
-2.4724674224853516
-1.821126103401184
-1.5799285173416138
-2.1888110637664795
-2.024397850036621
-2.0001537799835205
-1.7156881093978882
-1.8396769762039185
-2.134953737258911
-1.1451475620269775
-1.7243279218673706
-1.232835292816162
-2.04484224319458
-1.8669054508209229
-1.4694911241531372
-1.5001709461212158
-2.0838661193847656
-1.59446382522583
-3.0146570205688477
-3.0551068782806396
-2.340513229370117
-2.401733160018921
-2.617523670196533
-2.6119487285614014
-2.9214184284210205
-1.8091591596603394
-2.3598856925964355
-1.3566726446151733
-1.7989577054977417
-2.2819414138793945
-1.576720118522644
-1.725024700164795
-2.059776782989502
-1.4342373609542847
-1.983716368675232
-1.5801727771759033
-2.419935703277588
-2.392472267150879
-1.4314584732055664
-1.3180989027023315
-2.5570054054260254
-2.23056960105896
-3.3402535915374756
-2.321911573410034
-1.967778205871582
-2.864088773727417
-2.9063560962677
-2.6935911178588867
-2.0646684169769287
-1.7771682739257812
-1.1976032257080078
-2.676084041595459
-2.4698524475097656
-1.3770108222961426
-2.1478171348571777
-1.807356595993042
-1.7568975687026978
-1.3858904838562012
-2.2113659381866455
