-1.80615234375
-1.0550683736801147
-2.08394455909729
-2.4151883125305176
-2.5411412715911865
-3.9333953857421875
-3.0189502239227295
-1.6712102890014648
-2.8030781745910645
-2.8700942993164062
-1.329945683479309
-2.4471402168273926
-1.9628573656082153
-2.3851189613342285
-1.658469319343567
-2.5581552982330322
-2.401059865951538
-2.432281494140625
-2.7295033931732178
-2.453524589538574
-1.125893473625183
-3.4471323490142822
-2.8354926109313965
-2.087325096130371
-2.466012477874756
-3.379624843597412
-2.616513967514038
-2.446904182434082
-1.3253564834594727
-2.839146852493286
-1.926376461982727
-3.0762221813201904
-3.064887762069702
-1.9935352802276611
-2.442786931991577
-2.702486991882324
-4.551205158233643
-2.4920148849487305
-2.175837516784668
-3.199399709701538
-3.4001286029815674
-2.949390172958374
-2.7413694858551025
-1.8305983543395996
-2.082742214202881
-1.8892053365707397
-1.6455291509628296
-3.755497932434082
-2.762263059616089
-1.4672785997390747
-2.7177326679229736
-1.4131206274032593
-3.8768653869628906
-3.4286954402923584
-1.4573283195495605
-2.945406198501587
-2.797534704208374
-2.8253259658813477
-2.176635980606079
-2.647343635559082
-2.840261697769165
-2.132197380065918
-1.9465948343276978
-2.388140916824341
-2.87855863571167
-2.2347300052642822
-3.6764793395996094
-1.386562705039978
-2.9901294708251953
-2.192885160446167
-2.485523223876953
-2.1544764041900635
-2.1218292713165283
-2.5278449058532715
-2.975430488586426
-2.953017234802246
-1.7008495330810547
-2.8665771484375
-2.2064123153686523
-2.7176363468170166
-2.0746333599090576
-2.1064095497131348
-2.987194538116455
-2.3739521503448486
-1.9406603574752808
-2.2839713096618652
-2.449906587600708
-2.03143048286438
-2.0324466228485107
-2.8019754886627197
-2.180304527282715
-2.216524124145508
-2.7055563926696777
-2.0338120460510254
-3.1164488792419434
-1.7811424732208252
-1.368058204650879
-2.4602928161621094
-2.348170042037964
-2.387279510498047
-2.6855244636535645
-3.4131429195404053
-1.7104783058166504
-1.8092563152313232
-1.7628782987594604
-1.5424935817718506
-4.110669136047363
-1.6631324291229248
-2.768589735031128
-2.323206663131714
-2.676100492477417
-2.425790309906006
-1.4478321075439453
-3.541396141052246
-3.8790578842163086
-2.5550694465637207
-3.797300338745117
-2.37675142288208
-3.2436020374298096
-2.5462889671325684
-1.587523341178894
-1.6118887662887573
-1.8760555982589722
-2.3295023441314697
-2.32817006111145
-1.7156881093978882
-2.8905415534973145
-1.8264551162719727
-1.5995863676071167
-2.2890236377716064
-1.4864380359649658
-2.044842004776001
-2.9221303462982178
-1.8812059164047241
-1.9238271713256836
-2.2997114658355713
-2.490827798843384
-3.499640464782715
-3.0906379222869873
-2.7130801677703857
-2.4292514324188232
-1.7086926698684692
-2.7225921154022217
-2.418865442276001
-1.6963233947753906
-2.68717360496521
-1.3486249446868896
-1.6856348514556885
-2.487494945526123
-2.2592525482177734
-2.0791356563568115
-2.2207906246185303
-1.3323860168457031
-1.6140936613082886
-2.3947641849517822
-2.9739019870758057
-3.237060308456421
-2.0768136978149414
-1.4727116823196411
-2.3212783336639404
-1.965890645980835
-3.60909104347229
-2.012336492538452
-2.1644115447998047
-2.3628110885620117
-4.512044429779053
-2.61257266998291
-2.374727487564087
-2.3747105598449707
-1.4057084321975708
-3.3441162109375
-2.5190181732177734
-1.264656901359558
-2.7818593978881836
-2.082235336303711
-1.827239990234375
-1.9374829530715942
-2.1555464267730713
