-3.777416706085205
-1.1603285074234009
-2.0159904956817627
-3.3284056186676025
-2.9552760124206543
-4.637964725494385
-4.1330342292785645
-1.8378933668136597
-2.0792124271392822
-3.519705057144165
-1.237159252166748
-1.5373139381408691
-1.8732578754425049
-2.8495805263519287
-1.8071860074996948
-2.5581557750701904
-2.323127031326294
-2.612647771835327
-2.6760640144348145
-3.0092310905456543
-1.7462021112442017
-4.210818290710449
-4.063839912414551
-2.034397602081299
-4.119420051574707
-4.124143123626709
-2.153116464614868
-2.4140915870666504
-1.6290395259857178
-3.771601438522339
-2.481299638748169
-3.270277261734009
-6.480716705322266
-2.4170796871185303
-3.09226131439209
-2.3561923503875732
-6.1395721435546875
-2.8645172119140625
-3.013798236846924
-3.6419427394866943
-4.1151018142700195
-1.8597030639648438
-4.607243537902832
-2.000640392303467
-2.145059823989868
-2.044019937515259
-1.645530104637146
-5.268802642822266
-2.445573568344116
-1.8913997411727905
-2.7177326679229736
-1.1287175416946411
-5.576521873474121
-4.915048122406006
-1.621861457824707
-3.4243929386138916
-2.9496233463287354
-3.7730836868286133
-1.771506905555725
-3.6330175399780273
-4.341648578643799
-2.7207319736480713
-1.8054769039154053
-4.021422386169434
-4.357741832733154
-2.4727983474731445
-3.912167549133301
-1.3003262281417847
-3.020437717437744
-2.1659648418426514
-3.6380341053009033
-2.1316263675689697
-2.4612433910369873
-3.308155059814453
-2.392172336578369
-3.9459640979766846
-1.536010503768921
-2.938978910446167
-2.7964487075805664
-4.085826873779297
-2.371699571609497
-1.8481435775756836
-3.3194267749786377
-2.3033764362335205
-1.5259909629821777
-2.9651551246643066
-2.555269241333008
-2.023829460144043
-2.891022205352783
-3.341747283935547
-2.914407730102539
-2.0010194778442383
-2.628732204437256
-2.407165050506592
-3.250810146331787
-2.8779687881469727
-1.8643430471420288
-3.7594923973083496
-3.46093487739563
-3.6417033672332764
-3.34529447555542
-3.9962215423583984
-1.883579134941101
-1.955841064453125
-2.056607246398926
-1.814936876296997
-4.602203845977783
-3.000147581100464
-3.9877421855926514
-2.791667938232422
-2.1203694343566895
-2.4780795574188232
-2.2149059772491455
-5.607233047485352
-5.475737571716309
-1.4308733940124512
-6.854952812194824
-3.034313440322876
-3.6985225677490234
-2.617110252380371
-1.5914913415908813
-1.9481332302093506
-1.8810456991195679
-3.1057772636413574
-2.2605557441711426
-3.921466112136841
-3.519678831100464
-1.978946566581726
-1.1777039766311646
-2.1952435970306396
-1.7411762475967407
-2.04484224319458
-2.410461664199829
-1.864493727684021
-1.6283148527145386
-2.9226229190826416
-2.923548460006714
-5.916494846343994
-2.9898788928985596
-3.069293737411499
-3.102543830871582
-3.214918613433838
-2.824246406555176
-1.970567226409912
-1.8873679637908936
-2.2113287448883057
-1.689225435256958
-3.0575625896453857
-3.1422202587127686
-2.411444902420044
-1.927554965019226
-2.3556742668151855
-1.511865258216858
-1.7832913398742676
-3.4660327434539795
-2.8533666133880615
-4.235606670379639
-1.397552728652954
-1.3389759063720703
-2.8898932933807373
-2.817803144454956
-2.7970662117004395
-2.6845438480377197
-3.111342191696167
-3.021137237548828
-3.4961795806884766
-2.4600226879119873
-2.243666887283325
-2.1839826107025146
-1.8834186792373657
-3.46311092376709
-4.800270080566406
-1.6201688051223755
-2.1533823013305664
-2.732163906097412
-2.2767274379730225
-2.888984441757202
-2.158703565597534
