-1.80615234375
-0.9945278763771057
-2.0880088806152344
-4.275041580200195
-2.5159354209899902
-3.3963072299957275
-3.444486379623413
-1.6346410512924194
-2.2421913146972656
-2.345560312271118
-1.421413540840149
-1.5373144149780273
-1.6515300273895264
-2.7060253620147705
-1.632665991783142
-2.5581538677215576
-1.839289665222168
-2.9067368507385254
-2.582821846008301
-2.1853861808776855
-2.4005019664764404
-3.159806728363037
-2.657653331756592
-2.162771701812744
-2.5378355979919434
-2.459045171737671
-2.3209075927734375
-2.4095306396484375
-1.6300835609436035
-2.633793592453003
-1.6515676975250244
-2.399048089981079
-3.2860777378082275
-2.007479429244995
-2.414094924926758
-2.250231981277466
-3.708223342895508
-1.975710153579712
-1.96285080909729
-2.818162441253662
-3.0631470680236816
-1.964672565460205
-1.419816493988037
-1.7699317932128906
-1.7861939668655396
-1.786413311958313
-1.989277958869934
-3.4548232555389404
-2.3342320919036865
-1.6251384019851685
-2.7177326679229736
-1.070786952972412
-4.694979190826416
-3.163681745529175
-1.6757266521453857
-2.245572805404663
-2.298612594604492
-2.6966309547424316
-1.723936915397644
-2.405909538269043
-2.700218677520752
-1.8163424730300903
-1.9735220670700073
-2.4615139961242676
-2.7193217277526855
-2.3244497776031494
-3.4687366485595703
-1.451413869857788
-3.372638702392578
-2.398829936981201
-3.4211373329162598
-1.824628233909607
-2.172213554382324
-2.224351167678833
-2.5735955238342285
-3.0750229358673096
-1.444807767868042
-2.780874252319336
-2.6098365783691406
-2.1048049926757812
-1.7880645990371704
-1.8415422439575195
-2.7764217853546143
-2.1136834621429443
-1.5396697521209717
-2.1297171115875244
-3.482074499130249
-2.014915943145752
-2.043612241744995
-2.2059326171875
-1.9209675788879395
-2.2281224727630615
-1.7457815408706665
-1.8997873067855835
-3.06149959564209
-1.425241231918335
-1.7630451917648315
-2.0291059017181396
-2.1813764572143555
-2.7054500579833984
-2.5341906547546387
-2.225578784942627
-1.9027055501937866
-1.5801613330841064
-1.7628782987594604
-1.7656316757202148
-3.6652979850769043
-2.0996546745300293
-1.9121153354644775
-1.8125921487808228
-2.1203694343566895
-2.425790309906006
-1.391172170639038
-3.161952018737793
-2.658247947692871
-1.6437406539916992
-2.907822847366333
-3.128302574157715
-2.0434017181396484
-2.4724674224853516
-1.621304988861084
-1.9004511833190918
-1.7583022117614746
-2.2632808685302734
-1.8990488052368164
-1.7156881093978882
-1.9463618993759155
-2.134953737258911
-1.7842031717300415
-2.106342315673828
-2.2203900814056396
-2.04484224319458
-1.555704116821289
-2.1880288124084473
-1.495078206062317
-1.9227360486984253
-1.898730754852295
-3.0146567821502686
-2.3920371532440186
-2.328831195831299
-2.232471227645874
-2.2018442153930664
-2.6976733207702637
-1.9705665111541748
-1.809159278869629
-2.3658454418182373
-1.6122499704360962
-2.111393451690674
-2.270322322845459
-2.214921712875366
-1.8589378595352173
-2.059776782989502
-1.4807671308517456
-2.0166046619415283
-1.819838523864746
-2.0455596446990967
-1.8785243034362793
-1.2718764543533325
-2.132671356201172
-2.287609577178955
-1.9915332794189453
-3.60909104347229
-2.410656213760376
-1.7565233707427979
-2.063384771347046
-4.551002025604248
-2.7154219150543213
-2.047752618789673
-1.9295991659164429
-1.8328773975372314
-2.453803062438965
-2.632148265838623
-1.223201036453247
-2.2888662815093994
-1.6678434610366821
-1.5494948625564575
-1.8388772010803223
-2.4402878284454346
