-3.0419764518737793
-1.0550683736801147
-2.178020477294922
-4.915356159210205
-4.144059658050537
-4.223442554473877
-3.2006726264953613
-1.7308515310287476
-2.8255667686462402
-4.629840850830078
-1.2325457334518433
-1.5987902879714966
-3.1110286712646484
-2.820054769515991
-1.3934926986694336
-2.5581557750701904
-2.0922420024871826
-2.5721237659454346
-2.8553667068481445
-2.1853864192962646
-1.060375690460205
-4.030884742736816
-4.321440696716309
-2.162771463394165
-4.153420925140381
-4.028271675109863
-2.5195021629333496
-2.2773990631103516
-1.1555731296539307
-4.074711322784424
-2.9300005435943604
-3.1392526626586914
-5.535311698913574
-2.721386671066284
-1.967835783958435
-2.3561923503875732
-5.447360038757324
-3.163516044616699
-3.90221905708313
-3.403966188430786
-3.742777109146118
-2.024034023284912
-3.147129774093628
-3.14888596534729
-2.214566230773926
-3.176137924194336
-1.6455291509628296
-4.277258396148682
-2.445573568344116
-1.7500046491622925
-2.7177326679229736
-1.142357349395752
-6.002509593963623
-5.055519104003906
-3.201084613800049
-3.2772340774536133
-3.115170478820801
-4.744453430175781
-3.819934368133545
-4.0451226234436035
-4.430509090423584
-2.1557018756866455
-1.9214446544647217
-3.4201295375823975
-3.390890121459961
-2.124333620071411
-3.669846534729004
-1.1491806507110596
-2.9846768379211426
-2.3615939617156982
-4.7063703536987305
-3.0406930446624756
-2.536740779876709
-2.6193525791168213
-2.4615352153778076
-3.7180702686309814
-2.85134220123291
-2.6647980213165283
-3.074188709259033
-3.083468198776245
-3.035273551940918
-1.9399892091751099
-3.2577719688415527
-2.091844320297241
-1.500462293624878
-3.1693811416625977
-3.541163444519043
-2.373588800430298
-4.4458770751953125
-4.837404251098633
-3.2689244747161865
-2.122361660003662
-3.0375890731811523
-2.038647174835205
-2.834568738937378
-2.4614996910095215
-2.29459547996521
-4.326903820037842
-3.049137592315674
-4.053812026977539
-3.6206464767456055
-3.319154739379883
-2.1762101650238037
-2.507443904876709
-3.506272792816162
-1.7656316757202148
-4.818734645843506
-2.905961513519287
-4.424137592315674
-2.164731979370117
-2.112307071685791
-2.443164110183716
-1.9324078559875488
-5.230064868927002
-4.631481170654297
-1.5804470777511597
-4.946224212646484
-3.390099287033081
-3.2607762813568115
-2.5836005210876465
-1.7955795526504517
-1.5005333423614502
-2.0068304538726807
-2.2806923389434814
-1.8990478515625
-4.939194679260254
-5.662432670593262
-2.134953737258911
-1.2658250331878662
-2.5022389888763428
-1.878775954246521
-2.04484224319458
-1.772381067276001
-2.1027770042419434
-1.4621882438659668
-3.77099609375
-2.7858784198760986
-5.105253219604492
-3.1597471237182617
-3.483048677444458
-2.5512492656707764
-4.002833366394043
-2.619605541229248
-2.000549077987671
-1.682133436203003
-2.2736010551452637
-1.5586073398590088
-2.4094607830047607
-3.2394564151763916
-1.7101058959960938
-3.436573028564453
-2.7070443630218506
-1.4457287788391113
-1.804866909980774
-3.0223565101623535
-3.2344858646392822
-4.232636451721191
-1.4369792938232422
-1.4041613340377808
-4.210094928741455
-1.9653886556625366
-3.915825843811035
-4.418015003204346
-2.5788257122039795
-3.8870675563812256
-3.655010938644409
-2.7154219150543213
-2.2155568599700928
-1.914668321609497
-1.3038051128387451
-3.9974029064178467
-4.265235424041748
-1.693938970565796
-2.43672513961792
-2.1442344188690186
-3.0054476261138916
-3.486325740814209
-2.253370761871338
