-2.0590949058532715
-1.0550683736801147
-2.3166308403015137
-3.155093193054199
-2.085153818130493
-3.302112340927124
-3.556436777114868
-1.885741949081421
-1.8123470544815063
-2.327692985534668
-1.197383999824524
-2.0657479763031006
-1.7352367639541626
-2.3972268104553223
-1.540095329284668
-2.5581557750701904
-1.8202100992202759
-2.46293306350708
-2.4150230884552
-2.3594837188720703
-1.0772892236709595
-3.2660224437713623
-1.8571959733963013
-2.3610785007476807
-3.065760612487793
-2.2426366806030273
-2.5939483642578125
-2.4095306396484375
-1.4834771156311035
-2.4379611015319824
-1.6710196733474731
-2.420841693878174
-3.119143486022949
-2.007479429244995
-2.104501962661743
-2.1260969638824463
-3.734290599822998
-1.9711495637893677
-1.9163464307785034
-2.5178680419921875
-2.9670186042785645
-2.022393226623535
-1.8958547115325928
-1.675189733505249
-2.085554599761963
-1.7864140272140503
-1.645530104637146
-3.06425142288208
-2.2783708572387695
-1.8521791696548462
-2.7177326679229736
-1.070786952972412
-3.7958357334136963
-2.993379831314087
-1.2169609069824219
-2.085034132003784
-2.185319185256958
-2.5839993953704834
-1.8107110261917114
-2.540239095687866
-2.639496326446533
-1.8971742391586304
-1.8820980787277222
-2.4748992919921875
-2.6581850051879883
-1.6628351211547852
-3.78908371925354
-1.120663046836853
-3.1235439777374268
-2.494187593460083
-2.5980257987976074
-1.9673693180084229
-1.826393485069275
-1.851466417312622
-2.2747600078582764
-2.8668017387390137
-1.4126534461975098
-2.7808752059936523
-2.461599111557007
-2.153871536254883
-1.862191915512085
-2.3633339405059814
-2.5073347091674805
-2.148712396621704
-1.1750051975250244
-1.8813998699188232
-2.5799741744995117
-2.014915943145752
-2.1049628257751465
-2.090884208679199
-2.637760877609253
-1.8584452867507935
-1.7389976978302002
-2.0238873958587646
-2.4373676776885986
-1.8546664714813232
-1.5580525398254395
-2.290675640106201
-2.2764105796813965
-2.4463672637939453
-2.6939845085144043
-2.268059730529785
-1.6524295806884766
-1.6269375085830688
-1.7628782987594604
-1.7656316757202148
-3.3354694843292236
-1.6693129539489746
-1.8321491479873657
-2.1434102058410645
-2.1203696727752686
-2.425788640975952
-1.649317979812622
-3.2131197452545166
-2.658247947692871
-1.6437406539916992
-2.907822847366333
-2.4146125316619873
-2.040727138519287
-2.4724674224853516
-1.6628880500793457
-1.526998519897461
-2.0391194820404053
-2.1780343055725098
-1.8990488052368164
-1.7156881093978882
-1.902093768119812
-2.134953737258911
-1.1451475620269775
-2.1592154502868652
-1.7747752666473389
-2.04484224319458
-1.835347056388855
-1.4488998651504517
-1.5001709461212158
-2.0299932956695557
-1.7579127550125122
-3.0146570205688477
-2.1657443046569824
-2.280320405960083
-2.4929184913635254
-2.2706985473632812
-2.833040237426758
-1.9705668687820435
-1.809159755706787
-2.29913330078125
-1.4736571311950684
-1.8580060005187988
-2.5360021591186523
-2.0690267086029053
-1.7362030744552612
-2.079923152923584
-1.5019304752349854
-1.9703810214996338
-2.1231582164764404
-2.276331663131714
-2.9413299560546875
-1.2635860443115234
-1.351213812828064
-2.287609577178955
-1.8318690061569214
-3.60909104347229
-2.701723575592041
-1.660449743270874
-2.2303409576416016
-4.654134750366211
-2.7154219150543213
-2.017622947692871
-1.9102461338043213
-1.3927754163742065
-3.326244354248047
-3.180962562561035
-1.4039371013641357
-2.201507091522217
-1.6814210414886475
-1.5901613235473633
-1.7792021036148071
-2.220517873764038
