-2.355614185333252
-0.9514167904853821
-2.5343234539031982
-2.532557487487793
-2.4170825481414795
-3.20084547996521
-3.4219651222229004
-1.9086276292800903
-2.248777389526367
-2.2526443004608154
-1.6030887365341187
-2.0973823070526123
-1.5230616331100464
-2.288771867752075
-2.3369758129119873
-2.5581557750701904
-2.1881263256073
-2.7408130168914795
-2.3393661975860596
-2.40037202835083
-1.0500305891036987
-3.0893657207489014
-2.177030086517334
-2.729504108428955
-2.412466049194336
-2.1366994380950928
-2.663360118865967
-2.34594988822937
-1.4158246517181396
-2.7674448490142822
-2.0007693767547607
-2.4654808044433594
-2.9659647941589355
-2.0074784755706787
-2.452364683151245
-2.2069501876831055
-4.790926933288574
-2.01920223236084
-2.5686557292938232
-2.420795202255249
-2.8641650676727295
-3.1079535484313965
-1.9424797296524048
-1.5462018251419067
-1.880627155303955
-1.9083400964736938
-1.6468149423599243
-3.967146396636963
-2.6166627407073975
-1.850464940071106
-2.7593724727630615
-1.2194459438323975
-3.779236316680908
-4.273377418518066
-1.6307265758514404
-2.257455825805664
-2.0204741954803467
-2.635502815246582
-1.763339638710022
-2.34407114982605
-2.903986692428589
-2.042121410369873
-1.9484574794769287
-2.196685791015625
-2.373076915740967
-1.950303316116333
-3.6628470420837402
-1.238532543182373
-3.276564836502075
-2.6917314529418945
-2.411079168319702
-1.6437782049179077
-2.368865966796875
-2.3400309085845947
-2.8186540603637695
-3.06447434425354
-1.5610015392303467
-2.750640869140625
-2.983262300491333
-2.319547176361084
-1.5459345579147339
-2.1851463317871094
-2.421461343765259
-2.04400897026062
-2.336303234100342
-1.9607150554656982
-3.6670191287994385
-2.4799041748046875
-2.2488884925842285
-2.0263357162475586
-3.0057637691497803
-2.120918035507202
-1.7524137496948242
-1.9644181728363037
-3.4349725246429443
-1.4210268259048462
-1.2234779596328735
-2.100163698196411
-2.2206194400787354
-2.190615653991699
-3.988539695739746
-2.2430574893951416
-1.774705410003662
-1.5801613330841064
-1.7628782987594604
-1.5713025331497192
-3.8221724033355713
-1.325053334236145
-2.1394402980804443
-1.989928960800171
-2.1980795860290527
-2.5852911472320557
-1.8078795671463013
-3.6347968578338623
-3.0651535987854004
-2.0162501335144043
-2.84856915473938
-3.3034746646881104
-2.4481120109558105
-2.4549057483673096
-1.5729687213897705
-1.682368278503418
-2.1487505435943604
-2.3945653438568115
-2.0619149208068848
-1.7156881093978882
-2.0602617263793945
-2.202651023864746
-1.1403040885925293
-1.9983655214309692
-1.4421062469482422
-2.2423222064971924
-2.6611812114715576
-1.702746868133545
-1.6990026235580444
-2.5092575550079346
-1.872048258781433
-3.3710427284240723
-3.0969769954681396
-2.1058404445648193
-2.2514467239379883
-2.114175319671631
-2.9277472496032715
-2.512899398803711
-1.9968582391738892
-2.8822615146636963
-1.7283543348312378
-1.6590150594711304
-2.2573654651641846
-2.5903894901275635
-1.8225382566452026
-2.175588607788086
-1.5876407623291016
-1.8386510610580444
-1.5929439067840576
-2.5171449184417725
-2.312893867492676
-1.4554393291473389
-1.1259766817092896
-2.4902732372283936
-2.0789833068847656
-3.649792194366455
-2.05648136138916
-1.614329218864441
-2.3112926483154297
-3.9019978046417236
-2.61257266998291
-1.9823977947235107
-1.7550853490829468
-1.2536633014678955
-2.7418417930603027
-2.185701847076416
-1.395577311515808
-2.4405884742736816
-1.838800072669983
-1.7478232383728027
-1.7555198669433594
-2.319755792617798
