-2.0590949058532715
-1.1369510889053345
-2.123124837875366
-2.393130302429199
-2.4170830249786377
-3.1789052486419678
-3.444486379623413
-1.9466358423233032
-2.6130518913269043
-2.3030216693878174
-1.2400645017623901
-1.6666239500045776
-1.569808006286621
-2.6630191802978516
-1.5225229263305664
-2.4299159049987793
-1.9216159582138062
-2.2777841091156006
-2.7077105045318604
-2.1853861808776855
-3.061237096786499
-3.7481300830841064
-3.117644786834717
-2.162771701812744
-3.181121349334717
-2.629744052886963
-2.706244945526123
-2.4095306396484375
-2.8228137493133545
-2.6760733127593994
-1.8121120929718018
-2.6500144004821777
-3.4745984077453613
-2.169607162475586
-2.149350166320801
-2.3263795375823975
-3.7342898845672607
-2.419374465942383
-2.8353776931762695
-2.951226234436035
-3.0467472076416016
-2.024033546447754
-1.6557074785232544
-1.8749327659606934
-1.8771281242370605
-1.7872865200042725
-1.8875432014465332
-3.920701026916504
-1.816605567932129
-1.7064732313156128
-2.742598533630371
-1.070786952972412
-3.327070713043213
-3.1636831760406494
-1.4359092712402344
-2.314765691757202
-2.170785903930664
-2.555513858795166
-1.8607275485992432
-2.6786844730377197
-3.0327634811401367
-1.797377109527588
-1.999110460281372
-2.223587989807129
-2.666788101196289
-2.175957441329956
-3.080745220184326
-2.817809581756592
-2.6367909908294678
-2.465789318084717
-2.8334617614746094
-2.050421953201294
-2.37308406829834
-2.087571144104004
-2.1965785026550293
-2.9541752338409424
-1.494786024093628
-2.7808752059936523
-2.8697891235351562
-2.1048049926757812
-1.9105408191680908
-2.459602117538452
-2.1609373092651367
-2.254544496536255
-1.6811556816101074
-1.9908370971679688
-3.541163444519043
-2.014915943145752
-2.0570387840270996
-2.1355910301208496
-1.9209675788879395
-2.4238126277923584
-1.8144676685333252
-1.7118582725524902
-2.4373676776885986
-1.6406601667404175
-3.2244713306427
-2.932765245437622
-2.2956020832061768
-3.4125568866729736
-2.7324135303497314
-2.4655117988586426
-2.2888975143432617
-1.7622578144073486
-1.7628782987594604
-1.7656316757202148
-4.075765609741211
-1.6693129539489746
-1.787136197090149
-2.1489295959472656
-2.249032974243164
-2.425788640975952
-1.833379864692688
-3.5203397274017334
-2.658247947692871
-1.7265337705612183
-2.907822847366333
-3.177628993988037
-2.3022592067718506
-2.388620138168335
-1.7223711013793945
-2.906536102294922
-2.3677279949188232
-2.07234525680542
-1.8990488052368164
-1.7156881093978882
-1.8396769762039185
-2.1795856952667236
-2.9671123027801514
-2.510374069213867
-2.0241596698760986
-2.1062960624694824
-1.8669058084487915
-3.5594265460968018
-1.5544381141662598
-2.5755114555358887
-2.1860597133636475
-3.0146567821502686
-2.3920371532440186
-2.132673501968384
-2.399336338043213
-2.617523670196533
-2.7222259044647217
-1.9705665111541748
-1.9751302003860474
-2.3598861694335938
-1.4288355112075806
-2.6536073684692383
-2.270322322845459
-2.8022501468658447
-1.4245314598083496
-2.2596170902252197
-2.242985486984253
-3.732264280319214
-2.1231584548950195
-2.419935703277588
-2.8145337104797363
-1.263586163520813
-3.090965747833252
-2.287609577178955
-2.070477247238159
-4.079647541046143
-2.701723575592041
-1.8025199174880981
-2.4134254455566406
-3.6570675373077393
-2.6792027950286865
-2.0591793060302734
-1.9213323593139648
-3.1189818382263184
-2.6680920124053955
-3.1033644676208496
-2.2429871559143066
-2.501971483230591
-1.50505793094635
-1.549494981765747
-1.883017897605896
-2.220517873764038
