-2.33980131149292
-0.9963769316673279
-2.9623546600341797
-3.3952796459198
-2.6085851192474365
-4.65362548828125
-3.4247829914093018
-1.8963913917541504
-2.954118251800537
-2.872527837753296
-1.5023339986801147
-1.9132680892944336
-2.2326903343200684
-3.171318292617798
-1.4566166400909424
-2.5581557750701904
-3.2491559982299805
-2.7140283584594727
-2.869300365447998
-2.359483480453491
-1.166049599647522
-4.19525146484375
-3.224701166152954
-2.0400631427764893
-2.3300135135650635
-2.736469030380249
-2.7923786640167236
-2.4095299243927
-2.2821524143218994
-2.3842625617980957
-2.5692412853240967
-2.720646381378174
-5.104856967926025
-2.0074784755706787
-2.4047653675079346
-3.043196439743042
-4.608388900756836
-3.224214792251587
-2.6838719844818115
-3.8282134532928467
-4.051982402801514
-2.80876088142395
-4.637406826019287
-2.097594976425171
-2.031748056411743
-2.1117470264434814
-2.2762770652770996
-4.461061954498291
-2.2783708572387695
-1.587788462638855
-2.7177326679229736
-1.070786952972412
-4.341788291931152
-3.563974142074585
-2.0961596965789795
-3.8126959800720215
-3.807706356048584
-3.486632823944092
-3.16398286819458
-3.1988472938537598
-2.5579564571380615
-2.1859207153320312
-2.3103840351104736
-3.3035428524017334
-2.8547825813293457
-2.1002984046936035
-3.7029104232788086
-1.5256632566452026
-3.6120035648345947
-3.801103115081787
-3.497917652130127
-2.5979113578796387
-2.992936849594116
-3.1476824283599854
-3.416956901550293
-3.3755295276641846
-1.474411964416504
-3.177396059036255
-3.179788827896118
-3.495710611343384
-2.513934373855591
-3.17313814163208
-2.7518086433410645
-2.148712635040283
-2.671799659729004
-2.897744655609131
-3.518768787384033
-2.131290912628174
-2.1998236179351807
-2.2523248195648193
-2.211970329284668
-2.571563720703125
-2.9010367393493652
-3.3676254749298096
-2.6607470512390137
-2.063713312149048
-2.0928220748901367
-3.671717643737793
-2.5958664417266846
-2.7513325214385986
-2.937243700027466
-4.652631759643555
-2.3171823024749756
-2.4566497802734375
-1.9716637134552002
-1.7883214950561523
-4.308300971984863
-1.8028113842010498
-2.8090765476226807
-2.582841396331787
-2.1409943103790283
-2.425790309906006
-2.7807626724243164
-5.1930718421936035
-3.037464141845703
-1.5629340410232544
-3.4683244228363037
-2.9906961917877197
-3.1756856441497803
-3.5092530250549316
-2.1159307956695557
-2.507068157196045
-2.268568515777588
-3.197479248046875
-2.8085217475891113
-2.455073833465576
-1.902093768119812
-2.134953737258911
-1.3610620498657227
-2.2094554901123047
-1.5399450063705444
-2.04484224319458
-2.319959878921509
-2.3720126152038574
-1.9121918678283691
-3.0162672996520996
-2.0993258953094482
-4.043491363525391
-3.128676414489746
-2.197157382965088
-3.167309045791626
-2.231860876083374
-3.258000612258911
-2.273974895477295
-2.258357524871826
-2.670046806335449
-1.687422275543213
-2.909693717956543
-3.6440303325653076
-2.7884533405303955
-2.337388038635254
-2.657487630844116
-1.4312824010849
-1.9625450372695923
-2.0580546855926514
-2.9350101947784424
-3.4022319316864014
-2.5589218139648438
-1.6647588014602661
-3.2765798568725586
-2.393756866455078
-4.321529865264893
-3.751026153564453
-2.7682788372039795
-2.2766757011413574
-3.886331558227539
-2.7154219150543213
-2.737107276916504
-2.36130952835083
-2.3601887226104736
-4.171265602111816
-3.4684462547302246
-1.4498345851898193
-2.256150960922241
-2.293555736541748
-2.214160442352295
-2.005589485168457
-2.3976070880889893
