0.9999998807907104
0.9929602742195129
0.9789284467697144
0.9219509363174438
0.9808294773101807
0.9260714054107666
0.9827936291694641
0.9535053372383118
0.9741058945655823
0.9424654841423035
0.9782162308692932
0.9488033652305603
0.9677990078926086
0.9457541108131409
0.9728790521621704
0.9999998807907104
0.973720133304596
0.9561641812324524
0.9207448363304138
0.9335102438926697
0.95480877161026
0.9232771396636963
0.9276163578033447
0.9589821696281433
0.9347294569015503
0.9397224187850952
0.9632411003112793
1.0000001192092896
0.9473070502281189
0.9375309348106384
0.9493605494499207
0.9166997075080872
0.9360524415969849
0.992035448551178
0.9537095427513123
0.9232375025749207
0.9479649662971497
0.9767105579376221
0.9281776547431946
0.9359292387962341
0.9239407181739807
0.9812315106391907
0.9616036415100098
0.9815099835395813
0.9683384895324707
0.971752405166626
0.990182101726532
0.9402735829353333
0.974206805229187
0.9637652635574341
1.0
0.9949100613594055
0.9180599451065063
0.9498384594917297
0.9864704608917236
0.9694777131080627
0.9424418807029724
0.9337058663368225
0.9803202748298645
0.9662435054779053
0.9145491719245911
0.9615321159362793
0.9527568221092224
0.9108588099479675
0.9372243285179138
0.9686725735664368
0.9236754179000854
0.9741669297218323
0.9152423143386841
0.9383939504623413
0.9302704930305481
0.9635322690010071
0.9480408430099487
0.9702337980270386
0.9365911483764648
0.9308822751045227
0.9739047884941101
0.958463191986084
0.9567780494689941
0.9720153212547302
0.9685713648796082
0.9409713745117188
0.9760767221450806
0.9690214395523071
0.9489108920097351
0.9588897824287415
0.9614664912223816
1.0
0.9730362296104431
0.967400312423706
0.9502559900283813
0.9768246412277222
0.9572448134422302
0.946345865726471
0.9590065479278564
0.9724662899971008
0.9595181345939636
0.9501059651374817
0.9242858290672302
0.9148169755935669
0.9911775588989258
0.966284453868866
0.9370108842849731
0.9944896697998047
0.9788800477981567
0.9723334908485413
0.9161278009414673
0.9440374374389648
0.9620054960250854
0.9604305624961853
0.9481475353240967
0.9373863935470581
0.9636520743370056
0.9776468276977539
0.9177714586257935
0.9359304308891296
0.9491972923278809
0.9667585492134094
0.9365463256835938
0.9632351994514465
0.9736266136169434
0.9446357488632202
0.9304622411727905
0.9450549483299255
0.9867831468582153
0.9999997615814209
1.000000238418579
0.9683070778846741
0.9655775427818298
0.9606424570083618
0.9572730660438538
0.9735357165336609
0.985072135925293
0.9468933343887329
0.9694521427154541
0.938876211643219
0.9675106406211853
0.953994631767273
0.9312677979469299
0.9650626182556152
0.934245228767395
0.9475099444389343
0.9441970586776733
0.980160117149353
1.0000001192092896
0.9630470275878906
0.9808348417282104
0.9247341156005859
0.9376909136772156
0.9577952027320862
0.949478805065155
0.9674725532531738
0.9613575339317322
0.9278156757354736
0.9857395887374878
0.9342790842056274
0.9494167566299438
0.9824828505516052
0.9676423072814941
0.9166578054428101
0.937802255153656
0.9226551651954651
0.9628217220306396
0.9776219129562378
0.9243893027305603
0.9125769138336182
0.9999998211860657
0.9602911472320557
0.9838048219680786
0.9645370841026306
0.9328802227973938
0.9363322854042053
0.9517627358436584
0.9582607746124268
0.9338427186012268
0.9792019128799438
0.9647864699363708
0.9619544148445129
