0.9277536869049072
0.98305344581604
0.9251610636711121
0.8898457288742065
0.9702406525611877
0.9055389761924744
0.9552416801452637
0.9210196733474731
0.9350394010543823
0.8972423672676086
0.9412819147109985
0.9307685494422913
0.913590133190155
0.9110249280929565
0.9421252608299255
0.9999998807907104
0.9338089227676392
0.9228532910346985
0.9203502535820007
0.9365354776382446
0.952570378780365
0.8933930397033691
0.8961614370346069
0.9451400637626648
0.9366704821586609
0.9084439873695374
0.9276185035705566
0.9934273958206177
0.9280291199684143
0.9269599914550781
0.9527973532676697
0.9093790054321289
0.8757916688919067
0.9800225496292114
0.9600383043289185
0.9316487908363342
0.9414223432540894
0.9302859902381897
0.9360726475715637
0.8907492160797119
0.8743282556533813
0.9347691535949707
0.9182519316673279
0.9858156442642212
0.9644683599472046
0.9277777671813965
0.9999999403953552
0.9350084662437439
0.928590714931488
0.0
1.0
0.9323342442512512
0.9067352414131165
0.9513185620307922
0.9574766755104065
0.9504538774490356
0.9509875774383545
0.9557491540908813
0.952072262763977
0.9997375011444092
0.9272037148475647
0.9444975256919861
0.9155875444412231
0.9114223718643188
0.9226543307304382
0.9216054081916809
0.9312180876731873
0.9550531506538391
0.9191611409187317
0.9141480922698975
0.9123542904853821
0.9280054569244385
0.9440244436264038
0.9460290670394897
0.9144838452339172
0.9452725052833557
0.9703420996665955
0.9693130254745483
0.9170839190483093
0.9475657343864441
0.9488656520843506
0.9250964522361755
0.9513252377510071
0.9774428009986877
0.9422804713249207
0.9299949407577515
0.9516820311546326
0.9961501955986023
0.9578800797462463
0.9542450308799744
0.9341691732406616
0.9409214854240417
0.9625400304794312
0.9605758786201477
0.8976554870605469
0.9556826949119568
0.9203145503997803
0.9190566539764404
0.9172506332397461
0.9058747887611389
0.9473458528518677
0.9709303379058838
0.9308897256851196
0.9901190400123596
1.0
0.9380423426628113
0.8922514319419861
0.9126862287521362
0.9097740650177002
0.967787504196167
0.9156714081764221
0.9861982464790344
0.9210159778594971
0.9430797100067139
0.9231886267662048
0.926654040813446
0.980514645576477
0.9227715730667114
0.9032927751541138
0.9702028632164001
0.9287671446800232
0.9226521849632263
0.9361047744750977
0.9392316341400146
0.948722243309021
0.9399888515472412
1.0000001192092896
0.95814448595047
0.95694899559021
0.9297438859939575
0.9345625042915344
0.9519727826118469
0.9515770673751831
0.9341936111450195
0.945590078830719
0.9452528357505798
0.9273672699928284
0.952006995677948
0.9189174771308899
0.979224681854248
0.9300986528396606
0.9557082653045654
0.9105716943740845
0.9373356103897095
0.9758169651031494
0.9225477576255798
0.931643545627594
0.8870242834091187
0.8862497806549072
0.941071629524231
0.9389892220497131
0.9556041359901428
0.9271709322929382
0.9396542310714722
0.9792656302452087
0.9062372446060181
0.9038918018341064
0.9630047082901001
0.9585393667221069
0.9352532625198364
0.9170929789543152
0.9210041761398315
0.9435319900512695
0.9692355990409851
0.9204502701759338
0.936816930770874
0.9211306571960449
0.9469240307807922
0.9463812112808228
0.934605598449707
0.8985267877578735
0.8885551691055298
0.9055465459823608
0.9126787185668945
0.9385880827903748
0.9441528916358948
0.9501552581787109
0.9289222955703735
