0.9277536869049072
0.98305344581604
0.9255472421646118
0.8840720653533936
0.9702406525611877
0.9021392464637756
0.9552416801452637
0.9249849319458008
0.9355059266090393
0.8977478742599487
0.9523346424102783
0.9279490113258362
0.9558597803115845
0.9101388454437256
0.9405245184898376
0.9999998807907104
0.9294854402542114
0.9232693314552307
0.9203502535820007
0.9365354776382446
0.9520983099937439
0.8933930397033691
0.9236951470375061
0.9542885422706604
0.9366704821586609
0.9084438681602478
0.9553377032279968
0.9999999403953552
0.9172254800796509
0.9436234831809998
0.9527973532676697
0.9115449786186218
0.8757916688919067
0.9800225496292114
0.9600383043289185
0.9289336204528809
0.9414223432540894
0.9661637544631958
0.9322529435157776
0.902346134185791
0.8743282556533813
0.9347691535949707
0.9331464171409607
0.9858155846595764
0.971362292766571
0.9462907910346985
0.9999999403953552
0.9350084662437439
0.9518624544143677
0.9502237439155579
1.0
0.9323342442512512
0.9067352414131165
0.9513185620307922
0.962934136390686
0.9504538774490356
0.945469081401825
0.9564090967178345
0.952072262763977
0.9775081872940063
0.9282741546630859
0.9508166313171387
0.9142388105392456
0.9048133492469788
0.9226543307304382
0.9246354103088379
0.9312180876731873
0.9572888612747192
0.9191611409187317
0.9196944832801819
0.9164171814918518
0.9462535381317139
0.9448984861373901
0.9460290670394897
0.9262316226959229
0.9452725052833557
0.9751526713371277
0.9693130254745483
0.9208004474639893
0.9475657343864441
0.9597259759902954
0.9242518544197083
0.9513252377510071
0.9774428009986877
0.9546098113059998
0.9294822216033936
0.9516820311546326
0.9961501955986023
0.9622632265090942
0.9603928923606873
0.9367820024490356
0.9532636404037476
0.9625400304794312
0.967731773853302
0.8994870781898499
0.9617683291435242
0.9188817143440247
0.9236562252044678
0.9202645421028137
0.9140581488609314
0.9473457932472229
0.9709303379058838
0.9395513534545898
0.9873640537261963
1.0
0.9425312876701355
0.8922514319419861
0.9126862287521362
0.9253429174423218
0.967787504196167
0.9162684679031372
0.9861981868743896
0.921946108341217
0.9867691397666931
0.9172602295875549
0.926654040813446
0.980514645576477
0.9227715730667114
0.9052395820617676
0.9702027440071106
0.9295041561126709
0.9219384789466858
0.9416002035140991
0.9431992769241333
0.9487223029136658
0.9399888515472412
1.000000238418579
0.9698062539100647
0.9593785405158997
0.9419230222702026
0.9526157379150391
0.9512035846710205
0.9429522156715393
0.9373798370361328
0.9596124291419983
0.9452527761459351
0.9396304488182068
0.9539945125579834
0.9211440682411194
0.979224681854248
0.9300986528396606
0.9743505716323853
0.9320984482765198
0.9373356699943542
0.9912174940109253
0.9472099542617798
0.9234666228294373
0.887081503868103
0.9102190136909485
0.9424178600311279
0.9617450833320618
0.9556041359901428
0.9299050569534302
0.947478711605072
0.9792656302452087
0.9062371850013733
0.8996903300285339
0.9662733674049377
0.9609906077384949
0.9352533221244812
0.9198671579360962
0.9210041761398315
0.9435319900512695
0.9692355990409851
0.9153323769569397
0.9145463705062866
0.979535698890686
0.9469240307807922
0.9463812112808228
0.9199737310409546
0.9003453850746155
0.8868693709373474
0.9225900769233704
0.9340168833732605
0.9385880827903748
0.9684267640113831
0.9501552581787109
0.9395387768745422
