0.9760729670524597
0.9767335057258606
0.9612085819244385
0.8878180980682373
0.9806057214736938
0.9027802348136902
0.9491932392120361
0.9424351453781128
0.9596088528633118
0.9404945373535156
0.9794087409973145
0.9833370447158813
0.9631457328796387
0.9124584197998047
0.980128288269043
0.9999998807907104
0.9668753147125244
0.943272590637207
0.918390154838562
1.0
0.9561594128608704
0.9020377397537231
0.9493467807769775
0.9685837030410767
0.9624301195144653
0.9397223591804504
0.9673963785171509
0.9887177348136902
0.962579071521759
0.9120376110076904
0.9493606090545654
0.9096448421478271
0.9204272627830505
0.992035448551178
0.9237469434738159
0.9454042315483093
0.91472327709198
0.9797157645225525
0.9271793365478516
0.924140214920044
0.9210110306739807
0.9812313914299011
0.9466039538383484
0.9744170308113098
0.9472293853759766
0.9494513869285583
1.0
0.9134986400604248
0.9519292712211609
0.9800049066543579
1.0
0.9860715270042419
0.914679229259491
0.9393608570098877
0.9426456093788147
0.9668780565261841
0.9458167552947998
0.9337968826293945
0.9326595664024353
0.9662435054779053
0.9291639924049377
0.9576807022094727
0.949837327003479
0.9129851460456848
0.9494490027427673
0.9596311450004578
0.9308813214302063
0.9819213151931763
0.927895724773407
0.948029637336731
0.908417820930481
0.9295970797538757
0.9364444017410278
0.954298198223114
0.9450511932373047
0.9297246336936951
0.9638863205909729
0.9584632515907288
0.9329974055290222
0.9591546654701233
0.9688457250595093
0.9445632696151733
0.957350492477417
0.9690214395523071
0.9750193357467651
0.9423526525497437
0.9614664912223816
0.9556739330291748
0.9308883547782898
0.9440777897834778
0.9502559900283813
0.9619808197021484
0.9349462389945984
0.9760562181472778
0.9854304194450378
0.9461172819137573
0.9408454298973083
0.9272352457046509
0.9039010405540466
0.9407825469970703
0.9694226980209351
0.9690980315208435
0.9593937993049622
0.9979832172393799
1.0
0.972333550453186
0.918672502040863
0.9904288649559021
0.9252591133117676
0.9663591980934143
0.9692826867103577
0.9373863935470581
0.9735576510429382
0.9866231679916382
0.8955525755882263
0.9975589513778687
0.9845536947250366
0.963140070438385
0.9125412702560425
0.9623781442642212
0.9628454446792603
0.9435691237449646
0.9486345648765564
0.9441311955451965
0.9958838224411011
0.9999997615814209
0.9978094696998596
0.9890820384025574
0.9674573540687561
0.9612452387809753
0.9650656580924988
0.9735357165336609
0.9510889053344727
0.9538209438323975
0.9714834094047546
0.9368295669555664
0.9705687165260315
0.953016996383667
0.9503575563430786
0.952038049697876
0.9455402493476868
0.9345170259475708
0.9309113621711731
0.9705154895782471
1.0000001192092896
0.966002345085144
0.9808348417282104
0.9407198429107666
0.9197523593902588
0.9605708718299866
0.9248261451721191
0.974698007106781
0.9619625210762024
0.9249725937843323
0.9857395887374878
0.9233681559562683
0.9015917181968689
0.9870041608810425
0.9654611349105835
0.9553714394569397
0.9407240152359009
0.908769428730011
0.9646403193473816
0.9513435959815979
0.930263340473175
0.8853768706321716
0.978719174861908
0.9628666639328003
0.9855243563652039
0.9464802742004395
0.9319903254508972
0.9161086678504944
0.958448588848114
0.9624024629592896
0.954096794128418
0.9851469993591309
0.9365575909614563
0.9622048735618591
