0.9709005355834961
0.9767335057258606
0.9482685327529907
0.9084760546684265
0.9435425400733948
0.8946856260299683
0.946853518486023
0.9633005857467651
0.9729050397872925
0.9277997612953186
0.9735134243965149
0.9841739535331726
0.9535595178604126
0.899520754814148
0.9711028337478638
0.9999998807907104
0.9442380666732788
0.9301348328590393
0.9121512174606323
0.9365354776382446
0.9633368253707886
0.9083768725395203
0.8781365752220154
0.9859253168106079
0.9732574820518494
0.9192407727241516
0.9345664381980896
1.0000001192092896
0.9619364142417908
0.9117717146873474
0.9493606686592102
0.8939527869224548
0.9138940572738647
0.992035448551178
0.9552220106124878
0.9440240263938904
0.9285560250282288
0.9623532891273499
0.9251806139945984
0.9115209579467773
0.9170106053352356
0.9646579623222351
0.9377514719963074
0.9862117767333984
0.9777325391769409
0.9519613981246948
0.990182101726532
0.920029878616333
0.9519292712211609
0.959149181842804
1.0
0.9900295734405518
0.9319910407066345
0.9393608570098877
0.971934974193573
0.909368634223938
0.937014639377594
0.9304276704788208
0.9261237978935242
0.961347758769989
0.9244273900985718
0.952224850654602
0.946617603302002
0.9087560772895813
0.9496604800224304
0.9532096982002258
0.9231433272361755
0.9781073331832886
0.9268326163291931
0.9248221516609192
0.910217821598053
0.935468316078186
0.9307956695556641
0.9167704582214355
0.9424947500228882
0.9543306827545166
0.9608504176139832
0.9544718861579895
0.9366686344146729
0.9278841018676758
0.9572261571884155
0.9454926252365112
0.9056646823883057
0.9702723622322083
0.9094765782356262
0.9074527025222778
0.9546157121658325
0.9770712852478027
0.9811400771141052
0.9476426839828491
0.9884343147277832
0.9643988013267517
0.9274682998657227
0.9747546315193176
0.9789324402809143
0.9393136501312256
0.9503685832023621
0.9460242986679077
0.9341059923171997
0.8863435387611389
0.9343334436416626
0.9233716130256653
0.9558641314506531
0.9979832172393799
1.0
0.9918845295906067
0.9070554375648499
0.9904289245605469
0.9147569537162781
0.9692063331604004
0.9668969511985779
0.9373863935470581
0.9629529714584351
0.9475829005241394
0.8955525755882263
0.9975589513778687
0.9845536947250366
0.9390590786933899
0.91339510679245
0.9623781442642212
0.9607644081115723
0.9426183700561523
0.9557671546936035
0.9456272721290588
0.9958838224411011
0.9999997615814209
1.000000238418579
0.9683070778846741
0.9638656973838806
0.9611055254936218
0.9643144011497498
0.9735357165336609
0.985072135925293
0.9520635008811951
0.9579258561134338
0.9472865462303162
0.967667818069458
0.953994631767273
0.9509921073913574
0.9735074043273926
0.94419264793396
0.9582180380821228
0.9203125238418579
0.9127627015113831
1.0000001192092896
0.9444474577903748
0.9517167806625366
0.9356359243392944
0.9155710935592651
0.9626407623291016
0.9533875584602356
0.974698007106781
0.9569371342658997
0.9333199262619019
0.9857395887374878
0.953648030757904
0.9191055297851562
0.9867964386940002
0.9633470177650452
0.9404672980308533
0.9280261397361755
0.908769428730011
0.9197997450828552
0.9542906284332275
0.9211171865463257
0.862466037273407
1.0
0.9628666043281555
0.9900871515274048
0.9629256129264832
0.9144800901412964
0.887212336063385
0.959113359451294
0.9400478601455688
0.9572160840034485
0.9792019128799438
0.9465125203132629
0.9677907824516296
