0.9597066044807434
0.9647008180618286
0.9610871076583862
0.8959125876426697
0.9746865630149841
0.9184036254882812
0.9537642002105713
0.9610582590103149
0.9510052800178528
0.9222505688667297
0.9525385499000549
0.94098299741745
0.9589517116546631
0.9258571863174438
0.9547503590583801
0.9999998807907104
0.9446915984153748
0.930895984172821
0.9261829257011414
0.9365354776382446
0.978326141834259
0.9113098382949829
0.9428721070289612
0.9442891478538513
0.9573786854743958
0.9296526908874512
0.9384486675262451
0.9738219380378723
0.9454568028450012
0.9280756115913391
0.9776537418365479
0.9215592741966248
0.9291772842407227
0.976678192615509
0.9433401226997375
0.9453821778297424
0.9033666849136353
0.9287662506103516
0.9260250926017761
0.9121368527412415
0.91896653175354
0.9644091129302979
0.9316931962966919
0.9535364508628845
0.9777325391769409
0.9609965085983276
0.9999999403953552
0.9229245781898499
0.9721263647079468
0.9586363434791565
1.0
0.9881864786148071
0.8927701115608215
0.9484081864356995
0.9654459357261658
0.9571815729141235
0.9253883361816406
0.9577126502990723
0.9577693939208984
0.9231396913528442
0.9324827194213867
0.9369348287582397
0.9172163605690002
0.9077041149139404
0.9251334071159363
0.9261179566383362
0.9060864448547363
0.9484953284263611
0.8982798457145691
0.9251832962036133
0.9203752875328064
0.9350249767303467
0.9274020791053772
0.9478296041488647
0.9263356328010559
0.9245486855506897
0.9640180468559265
0.9636398553848267
0.9387190341949463
0.9470505714416504
0.9478102922439575
0.9189603328704834
0.9152415990829468
0.9738172888755798
0.8908662796020508
0.9365056753158569
0.951641857624054
0.9690073132514954
0.9839768409729004
0.9601871371269226
0.9766145348548889
0.9439956545829773
0.9442387819290161
0.9531033635139465
0.9105848670005798
0.9665447473526001
0.9389546513557434
0.9401723742485046
0.9214543104171753
0.926762044429779
0.9583747982978821
0.9581383466720581
0.9362782835960388
0.9727997779846191
0.9788800477981567
0.9716981053352356
0.8814107775688171
0.944434404373169
0.9344597458839417
0.9664949774742126
0.928339421749115
0.9373865127563477
0.9599311351776123
0.9475829005241394
0.8955525755882263
0.9764041900634766
0.9716994166374207
0.9106846451759338
0.9230499863624573
0.9632352590560913
0.9462291598320007
0.9418619871139526
0.9373735785484314
0.9689888954162598
0.9862792491912842
0.9999997615814209
1.000000238418579
0.9681002497673035
0.9449805021286011
0.9549091458320618
0.9539681077003479
0.9617980718612671
0.9701619744300842
0.941270112991333
0.9368202090263367
0.9187626242637634
0.9268411993980408
0.953994631767273
0.9285815954208374
0.9559386372566223
0.9212783575057983
0.9477180242538452
0.9229913353919983
0.9750542044639587
0.9921421408653259
0.966151237487793
0.9612369537353516
0.9230034351348877
0.9458945989608765
0.9538649916648865
0.9603274464607239
0.954216480255127
0.9595354199409485
0.9240541458129883
0.9849944710731506
0.9579268097877502
0.9419583082199097
0.9667649269104004
0.9380422234535217
0.9532061219215393
0.9334279298782349
0.9107276201248169
0.9359660148620605
0.9782017469406128
0.9373103380203247
0.8659390807151794
0.978719174861908
0.9584285616874695
0.9624751210212708
0.954454243183136
0.9156326651573181
0.9194505214691162
0.9448403716087341
0.9221534729003906
0.9432957768440247
0.9626029133796692
0.96234130859375
0.9559955596923828
