0.988895058631897
0.9585869312286377
0.9171943664550781
0.8907696604728699
0.975455105304718
0.9116352796554565
0.9235839247703552
0.9465598464012146
0.9171492457389832
0.9072677493095398
0.9384475946426392
0.981070339679718
0.9582339525222778
0.9213985800743103
0.9519389867782593
0.9834191799163818
0.9395402669906616
0.927570641040802
0.9143394231796265
0.9623851180076599
0.9473056197166443
0.9024917483329773
0.9305945634841919
0.9441047310829163
0.9460567831993103
0.9302977919578552
0.9263599514961243
1.000000238418579
0.9354457259178162
0.9185482859611511
0.9733061790466309
0.9057492613792419
0.9263172149658203
0.976678192615509
0.9598277807235718
0.958334743976593
0.9243633151054382
0.9286102056503296
0.937050998210907
0.9158588647842407
0.9323782920837402
0.9063194990158081
0.9215410947799683
0.9851894974708557
0.9708583950996399
0.9506651759147644
0.9704757332801819
0.9230248928070068
0.9487013816833496
0.9315525889396667
1.0
0.9772793054580688
0.9122011661529541
0.9310077428817749
0.9531794190406799
0.923704206943512
0.9215174913406372
0.9408218264579773
0.9608653783798218
0.9202155470848083
0.9328176379203796
0.9288679361343384
0.9291124939918518
0.9070761203765869
0.9549399614334106
0.9406350255012512
0.9221497178077698
0.9701080322265625
0.9056879878044128
0.93053138256073
0.9141159653663635
0.9119760394096375
0.91982102394104
0.9111368060112
0.9033658504486084
0.9219791293144226
0.9483742713928223
0.9520882964134216
0.9316326975822449
0.930549144744873
0.9526807069778442
0.9145291447639465
0.9141137003898621
0.9830248951911926
0.8897479772567749
0.9234870672225952
0.9807840585708618
0.9769609570503235
0.9627022743225098
0.9437235593795776
0.9766145348548889
0.9466276168823242
0.9269713163375854
0.9413734078407288
0.914872407913208
0.9636831283569336
0.9515227675437927
0.9217734932899475
0.8998842835426331
0.9273966550827026
0.9584375023841858
0.9504572153091431
0.9437145590782166
0.9940739870071411
1.0
0.9695560336112976
0.8876150846481323
0.963388204574585
0.9330956339836121
0.9388779997825623
0.9642779231071472
0.9311991930007935
0.9386893510818481
0.9618731141090393
0.9177714586257935
0.970231831073761
0.980514645576477
0.9141330718994141
0.8983240127563477
0.9202947616577148
0.9574500322341919
0.9446133971214294
0.9460862278938293
0.9439598917961121
0.9334608912467957
0.9999997615814209
0.9947917461395264
0.9845833778381348
0.9605004191398621
0.9336298704147339
0.9606038928031921
0.9795292615890503
0.9179388284683228
0.9422356486320496
0.930456817150116
0.9321613311767578
0.9235107898712158
0.9530169367790222
0.9357376098632812
0.9537193179130554
0.9480730295181274
0.9657216668128967
0.9110076427459717
0.9235848784446716
0.9999998807907104
0.9417378902435303
0.9278430342674255
0.9279826879501343
0.9403337836265564
0.9248075485229492
0.9618788361549377
0.9370224475860596
0.9648062586784363
0.9345489740371704
0.9857395887374878
0.9458320736885071
0.9351539611816406
0.9689843654632568
0.9636104106903076
0.9166578054428101
0.9479692578315735
0.8948595523834229
0.9606702923774719
0.9488083720207214
0.9232146739959717
0.9416681528091431
1.0
0.9466602802276611
0.9513090252876282
0.9587451815605164
0.9189714193344116
0.9019461870193481
0.9432746767997742
0.9142306447029114
0.9478323459625244
0.9603183269500732
0.9266474843025208
0.9662339687347412
