0.9999998807907104
0.969472348690033
0.954972505569458
0.9360109567642212
0.9965035915374756
0.9261398315429688
0.946853518486023
0.9637128710746765
0.957768976688385
0.9323864579200745
0.9697918891906738
0.9833370447158813
0.9342635869979858
0.9141355156898499
0.980128288269043
0.9999998807907104
0.9453643560409546
0.9478284120559692
0.9309749007225037
0.9365354776382446
0.9515466690063477
0.8920047283172607
0.9199768900871277
0.9685838222503662
0.9601893424987793
0.9340677857398987
0.9609477519989014
0.9999997615814209
0.9488722085952759
0.922980010509491
0.9769746661186218
0.9073954820632935
0.9724711179733276
0.9817420244216919
0.9545509815216064
0.9493638873100281
0.9215640425682068
0.9672432541847229
0.9360895156860352
0.9183141589164734
0.9480203986167908
0.9784151911735535
0.9397990703582764
0.9656381607055664
0.9751867651939392
0.9904109239578247
0.990182101726532
0.9229065179824829
0.9771988987922668
0.9749454259872437
1.0
0.9746110439300537
0.9180599451065063
0.9526342153549194
0.9892905354499817
0.925319492816925
0.9509669542312622
0.9360641241073608
0.9918768405914307
0.9741595387458801
0.92263263463974
0.9450628161430359
0.9423121809959412
0.9350792169570923
0.9352399110794067
0.9483867883682251
0.9131040573120117
0.9814238548278809
0.91282057762146
0.9346639513969421
0.9159159660339355
0.9394181966781616
0.9445153474807739
0.9374750852584839
0.9420527219772339
0.9152068495750427
0.9842674136161804
0.9618216753005981
0.9656457304954529
0.9511920809745789
0.9746265411376953
0.9401690363883972
0.9760767221450806
0.9823600649833679
0.9528266787528992
0.9193052649497986
1.0
1.0
0.9098096489906311
0.9512274861335754
0.9502559900283813
0.9708649516105652
0.9324246048927307
0.9345930814743042
0.9789324402809143
0.9556165933609009
0.9631013870239258
0.9521575570106506
0.9048969149589539
0.9185764193534851
0.9911775588989258
0.9567484855651855
0.9602158069610596
0.9944896697998047
1.0
0.972333550453186
0.8946904540061951
0.9904289245605469
0.9258883595466614
0.9673349261283875
0.9680152535438538
0.9311992526054382
0.966490626335144
0.9923696517944336
0.8955525755882263
0.993371307849884
0.9598026275634766
0.9662002325057983
0.9221398830413818
0.9632351994514465
0.9292290210723877
0.934986412525177
0.9417494535446167
0.9313596487045288
0.9670090079307556
0.9999997615814209
0.9978094696998596
0.9683070778846741
0.9655775427818298
0.9736945629119873
0.9725261330604553
0.9735357165336609
0.9803885221481323
0.9540808796882629
0.9782353043556213
0.9404031038284302
0.9643521904945374
0.9539945721626282
0.945158839225769
0.9426846504211426
0.933603048324585
0.9492737650871277
0.9171425700187683
0.9222584962844849
1.0000001192092896
0.948562502861023
0.9837617874145508
0.9367038011550903
0.946875810623169
0.9673386812210083
0.9597792029380798
0.974698007106781
0.9496493339538574
0.9312949180603027
0.9857395887374878
0.9548790454864502
0.9413155317306519
0.9788320064544678
0.9660107493400574
0.9682579636573792
0.9413164258003235
0.9226551651954651
0.9476230144500732
0.9664687514305115
0.9218617677688599
0.9616990685462952
0.978719174861908
0.9628678560256958
0.9826465845108032
0.9581915140151978
0.9226235151290894
0.9165195226669312
0.9528111815452576
0.9488772749900818
0.9504328966140747
0.9851469993591309
0.9968905448913574
0.9730612635612488
