1.0
0.9767335057258606
0.953743040561676
0.9053331613540649
0.9365999102592468
0.8871734142303467
0.9378435015678406
0.9633323550224304
0.9320976734161377
0.8903274536132812
0.9300639629364014
0.9419949054718018
0.925443172454834
0.8881875872612
0.9680531620979309
0.9999998807907104
0.9332952499389648
0.926270604133606
0.9075677394866943
0.9623851180076599
0.9549060463905334
0.9032489657402039
0.886093020439148
0.9729290008544922
0.9400067329406738
0.8718451261520386
0.9297579526901245
0.9688931107521057
0.9466185569763184
0.8952152729034424
0.9741029143333435
0.8923778533935547
0.9203333854675293
0.9761172533035278
0.9326979517936707
0.9450646042823792
0.9067385792732239
0.9072139263153076
0.9460017681121826
0.8823410868644714
0.9076257348060608
0.9452367424964905
0.8973538279533386
0.9373247027397156
0.9657267928123474
0.9632323980331421
0.9999999403953552
0.9087724685668945
0.950420081615448
0.9404438138008118
1.0
0.9667551517486572
0.8944054245948792
0.9321172833442688
0.9735407829284668
0.9030494093894958
0.886599600315094
0.9506258368492126
0.9530377984046936
0.9247857332229614
0.9075841307640076
0.9240697026252747
0.9335029721260071
0.8907051682472229
0.9054558277130127
0.9391383528709412
0.9054054021835327
0.9626014828681946
0.933376133441925
0.925853967666626
0.912308931350708
0.9164528250694275
0.9219834208488464
0.9030891060829163
0.9141132831573486
0.934094250202179
0.9514252543449402
0.9192053079605103
0.9400790333747864
0.9290849566459656
0.9292925596237183
0.9318488240242004
0.900761067867279
0.9795001745223999
0.9451586008071899
0.9190477132797241
0.9740944504737854
0.9401896595954895
0.9713499546051025
0.9149641394615173
0.9654189348220825
0.9518222212791443
0.9271101951599121
0.9217752814292908
0.9252615571022034
0.9380148649215698
0.9574565291404724
0.8915492296218872
0.9243274331092834
0.8945938348770142
0.947439432144165
0.9207763671875
0.9512820243835449
0.969438910484314
1.0
0.9800735712051392
0.8723809123039246
0.9729606509208679
0.8909684419631958
0.910383403301239
0.9246914982795715
0.9373865127563477
0.9632452726364136
0.9618731141090393
0.8548446893692017
0.9132370352745056
0.9064643979072571
0.9309439063072205
0.8751845359802246
0.9609549045562744
0.9577680230140686
0.9374821186065674
0.9425162672996521
0.9384003281593323
0.9209907054901123
0.9999997615814209
0.9370827078819275
0.9683337807655334
0.9464752674102783
0.9278990626335144
0.9622172713279724
0.9735357165336609
0.9085572957992554
0.9363871812820435
0.9350171685218811
0.924191951751709
0.9101926684379578
0.8933948874473572
0.9287649989128113
0.9252910017967224
0.9396454095840454
0.9784144759178162
0.9158696532249451
0.9768701195716858
0.9606715440750122
0.9459267258644104
0.9679195880889893
0.9224109649658203
0.9319210052490234
0.9275650382041931
0.926391065120697
0.9339373707771301
0.9518762826919556
0.9352967143058777
0.9127731323242188
0.9018566012382507
0.8986621499061584
0.9523122310638428
0.9469836950302124
0.97188401222229
0.9378643035888672
0.9087693691253662
0.9687179923057556
0.9573996663093567
0.9188833832740784
0.8695182800292969
0.979535698890686
0.9522406458854675
0.9271187782287598
0.9509907364845276
0.904657244682312
0.897761881351471
0.9581385254859924
0.9209530353546143
0.9289494156837463
0.9587904214859009
0.9217944145202637
0.9644767045974731
