0.8967981934547424
0.9678717255592346
0.9834974408149719
0.8944138288497925
0.9322383403778076
0.8513378500938416
0.8998337984085083
0.9222596883773804
0.9367802739143372
0.8812693357467651
0.9767221808433533
0.9856016039848328
0.9000732898712158
0.9027069807052612
0.9666929244995117
0.9999998807907104
0.9351437091827393
0.9393910765647888
0.9254046082496643
0.872138500213623
0.9341537952423096
0.8828900456428528
0.8711395859718323
0.9859253764152527
0.8821167945861816
0.894955575466156
0.9619697332382202
0.9645374417304993
0.9334044456481934
0.8848109841346741
0.9415715932846069
0.9000986218452454
0.8443093299865723
0.9221018552780151
0.8870400786399841
0.9449617862701416
0.8702539801597595
0.9183207750320435
0.8981553912162781
0.8985286951065063
0.8662457466125488
0.9740570187568665
0.8580281138420105
0.9323405027389526
0.9048665761947632
0.9630173444747925
0.9999999403953552
0.8824079036712646
0.9676476120948792
0.9617105722427368
1.0
0.9900295734405518
0.8998124003410339
0.9215357303619385
0.9138945937156677
0.8907819390296936
0.9073724746704102
0.8954479098320007
0.963240385055542
0.9227401614189148
0.8647003769874573
0.8843486309051514
0.9392485618591309
0.8690299391746521
0.895291805267334
0.9381251931190491
0.8603249788284302
0.9698134064674377
0.9166338443756104
0.9253538250923157
0.8996539115905762
0.9089314937591553
0.9275079965591431
0.8814876079559326
0.9416990280151367
0.8941162824630737
0.9535326361656189
0.9264471530914307
0.9211984276771545
0.8875730633735657
0.9146374464035034
0.9390586614608765
0.9205214977264404
0.9539759755134583
0.9432522058486938
0.8852230906486511
0.9890749454498291
0.9556739926338196
0.890866756439209
0.8982006907463074
0.9304222464561462
0.9684456586837769
0.9190167188644409
0.910169780254364
0.9238945245742798
0.9152835607528687
0.9246917963027954
0.8610443472862244
0.8692622184753418
0.8736181259155273
0.9158175587654114
0.8839566707611084
0.942943274974823
0.9089186191558838
0.9507929086685181
0.9665735363960266
0.9102909564971924
0.9139645099639893
0.8306033611297607
0.9136166572570801
0.9692826867103577
0.9196784496307373
0.8910074234008789
0.8793278932571411
0.8481824994087219
0.9975589513778687
0.8488936424255371
0.9389635920524597
0.889315128326416
0.9210059642791748
0.9421260952949524
0.9212063550949097
0.9404627084732056
0.9184699654579163
0.939546525478363
0.9215503931045532
0.9243957996368408
0.9724271297454834
0.9612625241279602
0.9006547927856445
0.9648885130882263
0.9735355973243713
0.9137436151504517
0.9466992616653442
0.9601635932922363
0.8752302527427673
0.8895096778869629
0.8514575362205505
0.9018766283988953
0.9020997285842896
0.8742420673370361
0.9204386472702026
0.9154044985771179
0.9874359369277954
0.9485388398170471
0.9685982465744019
0.9645819664001465
0.8864941596984863
0.8830500245094299
0.9035663604736328
0.906871497631073
0.9063615202903748
0.9586194753646851
0.9193770885467529
0.8895812630653381
0.9297851324081421
0.8718719482421875
0.9566603899002075
0.9636492729187012
0.9358586668968201
0.9085019826889038
0.9269047379493713
0.897408127784729
0.8644171953201294
0.90379798412323
0.8959200382232666
0.9999998807907104
0.9493175745010376
0.9087114334106445
0.9290666580200195
0.8856541514396667
0.8585948944091797
0.9457641839981079
0.9302888512611389
0.8915464282035828
0.9414416551589966
0.9124987721443176
0.963379979133606
