1.0
0.9734418988227844
0.963783323764801
0.8839805722236633
0.9741725325584412
0.9165525436401367
0.93658047914505
0.9610583186149597
0.960473358631134
0.934093177318573
0.973507285118103
0.985601544380188
0.9573558568954468
0.9359166622161865
0.9780827164649963
0.9999998807907104
0.9536699056625366
0.9550527930259705
0.9470707774162292
0.9999999403953552
0.9328144192695618
0.9055805802345276
0.9253280162811279
0.970504641532898
0.9527890086174011
0.9239304065704346
0.9665664434432983
1.0000001192092896
0.9501484036445618
0.9280756115913391
0.9520348310470581
0.9219957590103149
0.9464117884635925
0.9920353889465332
0.9168623089790344
0.9437847137451172
0.9326611161231995
0.9607820510864258
0.9369376301765442
0.915821373462677
0.9178808331489563
0.9812313318252563
0.9467245936393738
0.9555647969245911
0.9777325391769409
0.9747308492660522
0.990182101726532
0.9162809252738953
0.9622324109077454
0.9604029655456543
1.0000001192092896
0.9949100613594055
0.9002206325531006
0.948358416557312
0.9719086289405823
0.9593511819839478
0.9504634141921997
0.9359114766120911
0.988551139831543
0.9202156066894531
0.920183002948761
0.9491726756095886
0.9405422210693359
0.9134870171546936
0.9364894032478333
0.9311445951461792
0.9206835031509399
0.9695053100585938
0.9209340214729309
0.9284932017326355
0.9128221273422241
0.9308362007141113
0.9518406987190247
0.9393278956413269
0.9443681836128235
0.9389535784721375
0.9734447598457336
0.958463191986084
0.9321526288986206
0.9766048789024353
0.977752685546875
0.939764142036438
0.9408849477767944
0.9823600649833679
0.9606719613075256
0.9457417130470276
0.9614666104316711
1.0
0.9785503149032593
0.950342059135437
0.9884343147277832
0.9624791741371155
0.9640523791313171
0.971642255783081
0.9255396127700806
0.9708877205848694
0.9302770495414734
0.9383953809738159
0.9304582476615906
0.9119262099266052
0.9911775588989258
0.971057653427124
0.9377791285514832
0.9979832172393799
1.0
0.9723334908485413
0.9143924117088318
0.944434404373169
0.9329061508178711
0.9717007279396057
0.9692826867103577
0.9373863935470581
0.9704633355140686
0.9746754765510559
0.8955525159835815
0.9872487783432007
0.9845536947250366
0.9256003499031067
0.9225060343742371
0.9632351994514465
0.959092378616333
0.9402944445610046
0.9607745409011841
0.9490073323249817
0.9958838224411011
0.9999997615814209
0.9852988719940186
0.9683070778846741
0.9514577984809875
0.9607391953468323
0.939579427242279
0.9735357165336609
0.9861780405044556
0.9378467202186584
0.9796410202980042
0.9356288909912109
0.9667499661445618
0.953994631767273
0.9665762186050415
0.9819928407669067
0.9349066615104675
0.9657031893730164
0.9340854287147522
0.987436056137085
1.0000001192092896
0.9836989641189575
0.9609802961349487
0.9309884309768677
0.9441799521446228
0.9491206407546997
0.9585602879524231
0.974698007106781
0.9518257975578308
0.9253010749816895
0.9750462174415588
0.9298786520957947
0.9584228992462158
0.9919767379760742
0.9513669013977051
0.9742677807807922
0.9418046474456787
0.908769428730011
0.9519901275634766
0.9692355990409851
0.9340862035751343
0.8822171688079834
1.0
0.9581547379493713
0.9755860567092896
0.9391474723815918
0.9317644238471985
0.9141857624053955
0.9637416005134583
0.9451906085014343
0.9563585519790649
0.9792019128799438
0.980624258518219
0.9542785286903381
