0.9249494671821594
0.9767335057258606
0.9556050300598145
0.872921884059906
0.8930380344390869
0.8842076063156128
0.9340174794197083
0.9650053977966309
0.9469922780990601
0.8699198961257935
0.9805595278739929
0.9830468893051147
0.9109012484550476
0.899940550327301
0.9744079113006592
0.9999998807907104
0.9404155015945435
0.9513136148452759
0.8743000626564026
1.0
0.9587103128433228
0.8952521085739136
0.8592290878295898
0.970504641532898
0.9179902076721191
0.8819886445999146
0.9564658403396606
0.9999997615814209
0.9625434279441833
0.8603284358978271
0.9481546878814697
0.9034079313278198
0.8650224804878235
0.9184890985488892
0.9507886171340942
0.9449617862701416
0.8714885711669922
0.8928458094596863
0.890162467956543
0.8836484551429749
0.8798199892044067
0.9801767468452454
0.908625066280365
0.8898396492004395
0.9629536271095276
0.9026010632514954
1.0
0.8873257637023926
0.9676476120948792
0.9433871507644653
1.0
0.9839756488800049
0.8769607543945312
0.8586463332176208
0.9002780318260193
0.8903573155403137
0.9081808924674988
0.8618314266204834
0.8982850313186646
0.9031468033790588
0.8754076361656189
0.9395009875297546
0.9578606486320496
0.8818908929824829
0.8917040824890137
0.9304741621017456
0.9085243344306946
0.9750946760177612
0.9191071391105652
0.9311394095420837
0.8728310465812683
0.8988900780677795
0.9281347393989563
0.8976851105690002
0.935786247253418
0.9183000326156616
0.8666788339614868
0.952601969242096
0.9192914962768555
0.9352608919143677
0.8837811946868896
0.9347161054611206
0.8819363117218018
0.9702723622322083
0.9419318437576294
0.8931760787963867
0.9563609957695007
0.9807562232017517
0.8548710942268372
0.8536158204078674
0.9135292172431946
0.9651491641998291
0.9014889597892761
0.9396249651908875
0.9102533459663391
0.9283634424209595
0.927168607711792
0.8746955990791321
0.8953317403793335
0.8644507527351379
0.9234916567802429
0.9176620841026306
0.9274503588676453
0.9147013425827026
0.889641523361206
0.972333550453186
0.8823025226593018
0.9128392338752747
0.8294757008552551
0.9515615105628967
0.9645647406578064
0.9574416279792786
0.9228633046150208
0.8745427131652832
0.8400486707687378
0.9886296391487122
0.8564375042915344
0.9574936032295227
0.8691774606704712
0.9485030174255371
0.9350761771202087
0.9410282969474792
0.9488315582275391
0.9478339552879333
0.9958838224411011
0.9409118294715881
0.8393391370773315
0.9683070778846741
0.9626696109771729
0.9124584794044495
0.9582067131996155
0.9735355973243713
0.968604564666748
0.9338787198066711
0.9740645289421082
0.8694561719894409
0.8959158062934875
0.9016115665435791
0.9113373756408691
0.9358041882514954
0.9270713925361633
0.8827284574508667
0.9242204427719116
0.9844169616699219
0.9945067763328552
0.9659689664840698
0.9748263955116272
0.9102516770362854
0.8910601139068604
0.9626407623291016
0.8844386339187622
0.9078922271728516
0.9631438255310059
0.9240810871124268
0.9033339619636536
0.9427832365036011
0.8760911226272583
0.9855223894119263
0.9644433259963989
0.9147842526435852
0.9423665404319763
0.8911429047584534
0.8519771099090576
0.9386845827102661
0.8681182265281677
0.8767287731170654
1.0
0.9575120210647583
0.9698742032051086
0.9608941674232483
0.8727818727493286
0.873956561088562
0.933347225189209
0.9520998597145081
0.9447484016418457
0.9406464099884033
0.8650217056274414
0.9619544148445129
