0.9999998807907104
0.9767335057258606
0.9711106419563293
0.920635998249054
0.9942496418952942
0.9172839522361755
0.9372224807739258
0.9454798698425293
0.9796637892723083
0.9390783309936523
0.9692878127098083
0.9487670660018921
0.9440590739250183
0.9377824664115906
0.9728790521621704
0.9999998807907104
0.975155234336853
0.9535316824913025
0.9294737577438354
0.9365354776382446
0.9477545022964478
0.9007101058959961
0.9494197964668274
0.9685837030410767
0.9265841245651245
0.9348129034042358
0.9509018063545227
1.0000001192092896
0.9395083785057068
0.9120376110076904
0.9493605494499207
0.9263565540313721
0.9263172149658203
0.992035448551178
0.9374790787696838
0.949945867061615
0.9324268102645874
0.9540343880653381
0.9363610744476318
0.935704231262207
0.9232929944992065
0.9784152507781982
0.925842821598053
0.987178385257721
0.9686663746833801
0.9747308492660522
1.0
0.9436511397361755
0.9519292712211609
0.9639301896095276
1.0
0.9949100613594055
0.9134768843650818
0.9548330307006836
0.979134738445282
0.9637029767036438
0.9327349662780762
0.9360641241073608
0.9756497144699097
0.9662435054779053
0.9376848936080933
0.9473775029182434
0.9578432440757751
0.9108588099479675
0.9405084252357483
0.9721144437789917
0.9144553542137146
0.9792908430099487
0.9099844694137573
0.9436565041542053
0.9195134043693542
0.9640899896621704
0.9537108540534973
0.962385356426239
0.9386880397796631
0.9326565861701965
0.97520911693573
0.9584632515907288
0.9501097798347473
0.952387809753418
0.9759930372238159
0.93632972240448
0.9524498581886292
0.9836477637290955
0.9757884740829468
0.9253599047660828
0.9906692504882812
1.0
0.9860475659370422
0.9402453899383545
0.9498946666717529
0.9887593984603882
0.958856463432312
0.9601088166236877
0.9999998807907104
0.9462530612945557
0.9462595582008362
0.9431852102279663
0.9155867695808411
0.9276323318481445
0.9560953974723816
0.9711958765983582
0.9446159601211548
0.9944896697998047
1.0
0.972333550453186
0.9113636612892151
0.9538070559501648
0.9461612105369568
0.9635018706321716
0.9692826867103577
0.9373863935470581
0.9522191882133484
0.992374062538147
0.8955525755882263
0.9872488379478455
0.9845536947250366
0.9783157706260681
0.9206398725509644
0.9632351994514465
0.9561057686805725
0.9522770643234253
0.9429752826690674
0.9280914068222046
0.9958838224411011
0.9999997615814209
1.000000238418579
0.9683070778846741
0.9655775427818298
0.9625188112258911
0.9641672372817993
0.9735357165336609
0.985072135925293
0.9522528052330017
0.9782353043556213
0.9455613493919373
0.9537610411643982
0.953994631767273
0.9718215465545654
0.9551494717597961
0.9230879545211792
0.9523611664772034
0.9131527543067932
0.987436056137085
1.0000001192092896
0.9622400403022766
0.9829705357551575
0.9178658723831177
0.9230676889419556
0.950476884841919
0.9678246378898621
0.9606385231018066
0.9470670223236084
0.9238468408584595
0.9722597002983093
0.9458320736885071
0.9266109466552734
0.9944880604743958
0.9676423072814941
0.9742677807807922
0.9416697025299072
0.908769428730011
0.9579982161521912
0.9581229090690613
0.9245430827140808
0.8570104837417603
1.0
0.9628666639328003
0.9638504385948181
0.9520418047904968
0.904487133026123
0.9357471466064453
0.9494830369949341
0.9508235454559326
0.9531932473182678
0.9919586181640625
0.9886406660079956
0.9577308893203735
