0.9603189826011658
0.9846696257591248
0.9521232843399048
0.9017890095710754
0.9754550457000732
0.894280731678009
0.9284504652023315
0.9281505942344666
0.922688364982605
0.8984473347663879
0.9561015963554382
0.9271886348724365
0.9434424638748169
0.9143798351287842
0.9257858395576477
0.9999998807907104
0.9319323301315308
0.924236536026001
0.9049591422080994
0.9575481414794922
0.9564645886421204
0.9087200164794922
0.9317427277565002
0.9478015303611755
0.9657208919525146
0.9249780178070068
0.9557888507843018
0.9695218801498413
0.9444064497947693
0.9059996604919434
0.9701890349388123
0.9207254648208618
0.9323397278785706
0.992035448551178
0.9467106461524963
0.9360116124153137
0.9436267018318176
0.9501724243164062
0.9280362725257874
0.9335905313491821
0.9254277348518372
0.9387511610984802
0.9117777943611145
0.9855591058731079
0.9704976677894592
0.9677256345748901
0.989195704460144
0.9079266786575317
0.9565053582191467
0.9441738724708557
0.9858947396278381
0.9777469038963318
0.9027250409126282
0.9471262693405151
0.9565339088439941
0.909511923789978
0.9413725733757019
0.9438303709030151
0.9686365127563477
0.9328702688217163
0.9231837391853333
0.9404616951942444
0.9391614198684692
0.8859903216362
0.9290989637374878
0.9436218738555908
0.8981755971908569
0.9629650115966797
0.916064441204071
0.9178523421287537
0.916834831237793
0.9489519000053406
0.9258379340171814
0.9120915532112122
0.9346479773521423
0.9268105626106262
0.9677507877349854
0.9497331380844116
0.9243465065956116
0.9475522637367249
0.9559380412101746
0.9330248236656189
0.9111147522926331
0.9830248951911926
0.9056366086006165
0.9315328598022461
0.9405583143234253
0.9455360770225525
0.9603123664855957
0.9582455158233643
0.9382607340812683
0.9563716053962708
0.9411612153053284
0.9543792605400085
0.8979418277740479
0.9597523212432861
0.9510799050331116
0.9460505843162537
0.9296995997428894
0.9223634004592896
0.9026510715484619
0.9243517518043518
0.9435991644859314
0.9979832172393799
1.0
0.9850448966026306
0.9038761854171753
0.9721049666404724
0.9094976186752319
0.9341862201690674
0.921980619430542
0.9311992526054382
0.913924515247345
0.9556978940963745
0.9025452733039856
0.9324938654899597
0.9495418667793274
0.9172361493110657
0.9067165851593018
0.9640991687774658
0.9527349472045898
0.931129515171051
0.9247457385063171
0.931905210018158
0.9484410285949707
0.9999997615814209
0.9725661277770996
0.9640246033668518
0.96103435754776
0.9570140242576599
0.9526272416114807
0.9383814334869385
0.933334231376648
0.9337378144264221
0.9341827630996704
0.9249165654182434
0.9464564323425293
0.9779149889945984
0.9223984479904175
0.9520108103752136
0.946111261844635
0.9622511863708496
0.9144246578216553
0.9578084349632263
0.9165940284729004
0.9481014609336853
0.960798978805542
0.9338800311088562
0.9363946318626404
0.9203830361366272
0.9400287866592407
0.9491666555404663
0.9380104541778564
0.9307150840759277
0.9639082551002502
0.92477947473526
0.9297738671302795
0.966636061668396
0.959232747554779
0.9082643985748291
0.9491084218025208
0.9214164018630981
0.9577307105064392
0.9735191464424133
0.9250984191894531
0.8817862868309021
0.979535698890686
0.9383543133735657
0.9693025946617126
0.9540198445320129
0.9276076555252075
0.9092115163803101
0.9431012272834778
0.9285202622413635
0.9473949074745178
0.9638751745223999
0.9326817393302917
0.9488453269004822
