1.0
0.9517533779144287
0.9626365900039673
0.9208171367645264
0.975455105304718
0.9122321009635925
0.9365805387496948
0.9481902122497559
0.9418445825576782
0.9156873822212219
0.9673210978507996
0.9671585559844971
0.9661360383033752
0.937368631362915
0.980128288269043
0.982058048248291
0.9699629545211792
0.9534770250320435
0.9229663014411926
1.0
0.8891410231590271
0.9088661670684814
0.9130265712738037
0.9705047011375427
0.926574170589447
0.9296528100967407
0.9445551633834839
1.000000238418579
0.9088022112846375
0.9224065542221069
0.9654103517532349
0.927638053894043
0.949059009552002
0.9433103203773499
0.9461101293563843
0.9404557347297668
0.9324268102645874
0.9383128881454468
0.9135157465934753
0.9226015210151672
0.927993655204773
0.9801767468452454
0.9337385892868042
0.929308295249939
0.9585617184638977
0.9803651571273804
0.9661538600921631
0.9073837995529175
0.9657489061355591
0.9599032998085022
0.9605284333229065
0.9949100613594055
0.9391921162605286
0.9483585953712463
0.9643612504005432
0.9464821815490723
0.9458062648773193
0.9471108913421631
0.9717200994491577
0.9231395721435547
0.9009312391281128
0.9459052085876465
0.9331578016281128
0.9093788862228394
0.9385389685630798
0.9518849849700928
0.9365105628967285
0.9322662353515625
0.9637199640274048
0.9348170161247253
0.9214107394218445
0.9429135322570801
0.938421368598938
0.9463146328926086
0.9312685132026672
0.943885326385498
0.9623814821243286
0.958463191986084
0.9452587366104126
0.9766049385070801
0.9607939720153809
0.9248950481414795
0.9760767817497253
0.9582980871200562
0.9202073812484741
0.9475536942481995
0.956360936164856
1.0
0.9713972806930542
0.9501428008079529
0.9884343147277832
0.9339673519134521
0.9544070959091187
0.9351174831390381
0.9999999403953552
0.9617310166358948
0.8849616050720215
0.9309200644493103
0.922886312007904
0.8922246098518372
0.9594243764877319
0.9478356838226318
0.9230296015739441
0.9533203840255737
1.0
0.9723334312438965
0.897981584072113
0.9538071155548096
0.9499562382698059
0.9645669460296631
0.9548625946044922
0.9373865127563477
0.9376747012138367
0.9664414525032043
0.8955528736114502
0.9640451669692993
0.9845536947250366
0.9171082377433777
0.9170512557029724
0.9623781442642212
0.943662166595459
0.9057219624519348
0.9293015599250793
0.9509727358818054
0.9958838224411011
0.9999998807907104
0.997809648513794
0.941499650478363
0.9304825663566589
0.9140556454658508
0.9475215077400208
0.9607419967651367
0.9803885817527771
0.9163485765457153
0.9641481637954712
0.9212732315063477
0.9365480542182922
0.9539945125579834
0.9665762186050415
0.9768074750900269
0.9243428707122803
0.9492737054824829
0.917404055595398
0.9874359369277954
0.9606738090515137
0.9485624432563782
0.956727921962738
0.9079846143722534
0.944179892539978
0.9322479963302612
0.9693067073822021
0.9464998245239258
0.9249387979507446
0.8688098788261414
0.9722597599029541
0.9548790454864502
0.9322611093521118
0.9944880604743958
0.9304176568984985
0.9742677807807922
0.9482846260070801
0.8946614861488342
0.9579982161521912
0.9301335215568542
0.9320128560066223
0.8946171998977661
0.9363008737564087
0.9474690556526184
0.974605143070221
0.8963775634765625
0.9431625008583069
0.9180434346199036
0.9302109479904175
0.9237583875656128
0.9662578701972961
0.9792019128799438
0.9709871411323547
0.9577308893203735
