0.9835950136184692
0.9741904735565186
0.9392393827438354
0.9180371761322021
0.980639636516571
0.8741995096206665
0.9225199818611145
0.952995240688324
0.9273132085800171
0.9096254706382751
0.9688243269920349
0.9434263110160828
0.9100658297538757
0.9068760871887207
0.970780074596405
0.9999998807907104
0.936966598033905
0.938839852809906
0.8886357545852661
0.9365354776382446
0.9715300798416138
0.8936408758163452
0.881162703037262
0.9800398945808411
0.971802830696106
0.8894531726837158
0.9408280253410339
1.0000001192092896
0.9126432538032532
0.8939434289932251
0.9580726027488708
0.9108838438987732
0.9039521217346191
0.992035448551178
0.9279890060424805
0.9430832862854004
0.8861912488937378
0.8712981343269348
0.9090802073478699
0.8910927772521973
0.9020220041275024
0.9078877568244934
0.8532031774520874
0.939629077911377
0.9433901309967041
0.952843427658081
0.9538018107414246
0.9059956669807434
0.9519292712211609
0.964573860168457
1.0
0.9949100613594055
0.8959621787071228
0.9238302111625671
0.945264995098114
0.8617986440658569
0.8951385617256165
0.9281014204025269
0.9622606039047241
0.8978877663612366
0.9132147431373596
0.931273877620697
0.9387073516845703
0.9043814539909363
0.9188738465309143
0.9487751126289368
0.9089221358299255
0.9610630869865417
0.9197975993156433
0.8999972343444824
0.894601583480835
0.918120801448822
0.9013113975524902
0.9087990522384644
0.902851402759552
0.9117134809494019
0.9632850885391235
0.9065180420875549
0.8955821990966797
0.8815274834632874
0.9434482455253601
0.912411093711853
0.9338805079460144
0.9836477637290955
0.9266021847724915
0.9039815664291382
0.9407662153244019
0.9770712852478027
0.9308883547782898
0.9215787649154663
0.9561598896980286
0.9500419497489929
0.946692168712616
0.9268088936805725
0.9587328433990479
0.9484745860099792
0.9216253161430359
0.8680381774902344
0.8920744061470032
0.894771158695221
0.9571576714515686
0.8494666218757629
0.9492962956428528
0.9582400321960449
0.9385896921157837
0.9617745876312256
0.9131180047988892
0.971726655960083
0.9011494517326355
0.9461053609848022
0.9581587910652161
0.9373863935470581
0.8984461426734924
0.8873242139816284
0.9061750769615173
0.978852391242981
0.8915006518363953
0.9667302370071411
0.8749107122421265
0.8770433068275452
0.9575642347335815
0.9203306436538696
0.9191696047782898
0.9147565364837646
0.9575889110565186
0.9793755412101746
1.0000001192092896
0.9683070778846741
0.9577890038490295
0.9358315467834473
0.9660494923591614
0.9735355973243713
0.9569380283355713
0.9458202123641968
0.9699838757514954
0.8957046270370483
0.9319395422935486
0.9036551117897034
0.9278753399848938
0.9147053360939026
0.8995740413665771
0.9711735248565674
0.933459460735321
0.977321445941925
0.9459866881370544
0.9444474577903748
0.9641540050506592
0.8941371440887451
0.8852248787879944
0.9366514682769775
0.9111247658729553
0.9306783676147461
0.9648300409317017
0.9157134294509888
0.9192878603935242
0.9092968106269836
0.8973444104194641
0.9458067417144775
0.9531756639480591
0.8715949058532715
0.9183844923973083
0.8759304285049438
0.9172403812408447
0.9199662208557129
0.93004310131073
0.8840858340263367
1.0
0.95020991563797
0.9341886639595032
0.9122458696365356
0.8926025629043579
0.8939123153686523
0.9542838335037231
0.942699670791626
0.9258373975753784
0.9488791823387146
0.9061253070831299
0.9651895761489868
