0.9994970560073853
0.9993639588356018
0.9994072914123535
0.8734018206596375
0.9994346499443054
0.9994490742683411
0.9994889497756958
0.9993352293968201
0.999430239200592
0.9991106390953064
0.9993962049484253
0.999430239200592
0.9994662404060364
0.0014589880593121052
0.9989888072013855
0.9924895763397217
0.9992316961288452
0.999527096748352
0.0018553099362179637
0.9994723200798035
0.9994938373565674
0.9994801878929138
0.9994924068450928
0.9994366765022278
0.9995008707046509
0.9987903237342834
0.9989207983016968
0.9994783997535706
0.9994267225265503
0.9994794726371765
0.9995211362838745
0.9914469420909882
0.9988063275814056
0.9301364719867706
0.9994513690471649
0.9857754409313202
0.9977505803108215
0.999285489320755
0.9797222316265106
0.9992509484291077
0.999503493309021
0.9993634223937988
0.9977522492408752
0.9875313937664032
0.9976002275943756
0.9993509352207184
0.49979644797349465
0.49978905237003346
0.9945679008960724
0.9975813925266266
0.9993346929550171
0.9993723034858704
0.9994099140167236
0.9466488659381866
0.9988027513027191
0.9994821846485138
0.9995161890983582
0.9995115995407104
0.9991540610790253
0.4963169406091765
0.9991551836331686
0.9993572433789571
0.999487042427063
0.9993973771731058
0.9993407130241394
0.9993114074071249
0.9994543592135111
0.6449578184013566
0.9974516034126282
0.9990610877672831
0.9989969531695048
0.9990691343943278
0.340926063247025
0.6669367935974151
0.9992825190226237
0.9994577368100485
0.9450605114301046
0.9995084404945374
0.7753432989120483
0.9993836482365926
0.998611589272817
0.9994966387748718
0.9991326928138733
0.9994657238324484
0.9994362990061442
0.9995009303092957
0.9994012514750162
0.9990287025769552
0.9994584123293558
0.999506930510203
0.9983009248971939
0.9989222139120102
0.750274409132544
0.9987955391407013
0.802584033459425
0.9991451799869537
0.7490084940218367
0.7495973580007558
0.9992312043905258
0.7556584286503494
0.9936323463916779
0.2504845376970479
0.9993622303009033
0.7508737192256376
0.9994810074567795
0.9993753731250763
0.9993384778499603
0.9993406385183334
0.4998084774151721
0.49976341986439365
0.9992912709712982
0.7497105146685499
0.749482532914044
0.9994627982378006
0.9991124421358109
0.9904561638832092
0.9989982694387436
0.9985437840223312
0.9972556531429291
0.9991299510002136
0.9993582129478454
0.9994637846946717
0.9993156313896179
0.9994060397148132
0.7987474107649177
0.8019482469186187
0.9988337397575379
0.9982312083244324
0.8010558966547251
0.999159824848175
0.9994719862937927
0.9994417786598205
0.9992202758789063
0.9976753115653991
0.9984456896781921
0.9994369745254517
0.9981451034545898
0.8002461610361934
0.9993147730827332
0.9994495391845704
0.9992779493331909
0.9993990302085877
0.9994427561759949
0.9991561293601989
0.9994093775749207
0.9993167996406556
0.9986358284950256
0.7908819489181041
0.7113134860992432
0.8413971662521362
0.0020971789490431547
5.6336692068725824e-05
0.9732608199119568
0.9995012283325195
0.00010511035361560062
0.9989959597587585
0.00010829442908288911
0.00027670449344441295
5.6935157772386447e-05
0.9984715580940247
0.004907076712697744
4.197718226350844e-05
4.2530984501354396e-05
0.9655454754829407
0.00012938869986101054
0.49892929122870555
9.169153418042697e-05
0.00013084314377920236
5.4259959142655134e-05
3.938755253329873e-05
0.003776261379243806
7.981725684658159e-05
0.00018112913494405802
3.844096318061929e-05
0.0044842923525720835
0.0005112393773742951
0.03189728065626696
0.24501777556724846
0.04256338470925888
0.1611068562294046
0.003965205124889811
0.029146219186562423
0.29255768076594296
0.3351236535248366
0.00014962652251900485
0.0001873957019900748
0.0010396070235098402
0.34626941379974596
0.3333024455556976
6.419077787237863e-05
0.4102780365307505
0.0008153103262884542
0.33421022665667505
0.0002696270476008067
0.00024873170514183585
4.5329308704822324e-05
0.23682217009536544
7.835070118744625e-05
0.0002210940847362508
0.5274453955935314
0.00683574378490448
8.535215965821408e-05
0.0012371691809676122
0.24768772929746774
0.0003125839730273583
0.02271886388734856
0.00010578189721854869
0.24576039308158215
0.3985391733935103
0.004119558686943492
6.815646047471091e-05
0.19998047393164597
7.267531254910864e-05
0.00013045228697592393
0.31984767825051674
5.06661155668553e-05
0.07794065155321732
0.0044611686636926605
0.590890909882728
4.725496910396032e-05
0.37612020153319464
0.003979339197394438
0.0006676903387415223
