0.9994242191314697
0.0035597439855337143
0.00022442963381763548
0.999461829662323
0.9994280934333801
0.999494194984436
0.9994889497756958
0.00018716622435022146
0.9993458390235901
0.9991106390953064
0.9805892705917358
0.9995006322860718
0.9978783130645752
0.0001489938294980675
0.9987667798995972
0.9986261129379272
3.482186730252579e-05
0.999528169631958
0.002188710728660226
0.0023418720811605453
0.9994729161262512
0.9995155334472656
0.9994924068450928
5.3531231969827786e-05
0.9995008707046509
0.9988055229187012
0.0008998497505672276
0.9994893074035645
0.9992395639419556
0.9994673132896423
0.9993976652622223
0.5005747063551098
0.9993667304515839
0.5038969754241407
0.4997911178998038
0.4997761149897997
0.9993286430835724
0.9993180334568024
0.4087900687009096
0.9992509484291077
0.9995329976081848
0.9993180632591248
0.9994544982910156
0.99029940366745
0.9966722428798676
0.9993820190429688
0.49979644797349465
0.49978589384045335
7.171157994889654e-05
0.501654413761571
0.49968937037374417
0.4997946773546573
0.49965331660132506
0.5551901124417782
0.9988027513027191
0.9994821846485138
0.004626214729796629
0.9995115995407104
0.9992954730987549
0.9968688189983368
0.9993637204170227
0.3333010188289336
0.6665469077415764
0.6674151533128073
0.9811545610427856
0.6665953173845386
0.6664864597260021
0.666158473068208
0.3332149688794743
0.6653678749862593
0.6663869949406944
0.3344943793490529
0.33594484937687713
0.6663045490956089
0.6663589944425136
0.6664235485174382
0.6663653933598349
0.9995131095250448
0.6625519468410251
0.0003844379195167373
0.3338532893176307
0.6663384637916655
0.6665174625037859
0.6663571753839884
0.3331738595746477
0.6669184764226278
0.9993963440259298
0.3334091462408348
0.3343074933315317
0.33328558683327475
0.7122004322463908
0.9992668479681015
0.7495271037814746
0.7498469587881118
0.8654473572969437
0.7540486906655133
0.2501421018350811
0.4998019679751451
0.24989281115267659
0.2557689271088748
0.9923021644353867
0.2543772975768661
0.7689477354288101
0.9994940161705017
0.9994937479496002
0.4997691306798515
0.9924294650554657
0.3041702960472321
0.27625226358213695
0.2650047035122043
0.9993590414524078
0.7496778662098222
0.5000025545778044
0.7512424788437784
0.9990646839141846
0.5262120887637138
0.7483481449635292
0.9985885918140411
0.9684628397226334
0.4998760089147254
0.9993621230125427
0.7996054976712912
0.786142542399466
0.5996487536620407
0.5714096169598634
0.6037341088987886
0.7996969762723893
0.5997054159175604
0.6011491265147925
0.9990872144699097
0.7995481058736914
0.400395858547563
0.7994210562792432
0.0008811621417407877
0.00011699733586283401
0.9988730072975158
0.9839848518371582
0.6000828441203339
0.7995603306546399
0.5998463467571128
0.7999161607585847
0.99252290725708
0.7940010490921849
0.7994195517661865
0.7996268289221916
0.999233627319336
0.799242295291333
0.7992544885521056
0.00014048104640096426
4.950340007781051e-05
5.955498636467382e-05
0.00013066061364952475
8.472454646835104e-05
0.9995104074478149
6.574446888407692e-05
3.627411206252873e-05
5.764367961091921e-05
9.225576650351286e-05
4.7261681174859405e-05
0.9985814094543457
3.851431392831728e-05
4.3462496250867844e-05
3.515824573696591e-05
3.944250238419045e-05
5.0020387789118104e-05
6.238179412321188e-05
4.3925876525463536e-05
9.42811748245731e-05
5.1908182285842486e-05
4.896871359960642e-05
4.700496901932638e-05
5.558321936405264e-05
4.2173136534984224e-05
4.2241164919687435e-05
3.9273629226954654e-05
0.49965145663009025
4.547901335172355e-05
4.304559115553275e-05
3.973072064885249e-05
4.757389372874362e-05
4.2899120065461226e-05
0.0002871752646266638
4.098361387150362e-05
4.028684270451777e-05
0.00010495914102648385
7.544625744534035e-05
0.00017161209689220414
7.21767391951289e-05
6.548534414226499e-05
5.018062195934666e-05
4.3230336207974083e-05
3.828762176757058e-05
7.981805538292974e-05
8.858417550072772e-05
4.559157150652027e-05
4.691687809099676e-05
0.00011307744807709241
3.8308644434437156e-05
3.947868935938459e-05
5.442962446977617e-05
0.00014710835512232734
0.00011300429287075531
4.829594399780035e-05
4.510415510594612e-05
0.00020636619501601672
5.225244694884168e-05
7.338930481637362e-05
5.718351440009428e-05
0.00012546723810373804
5.168686984688975e-05
9.129451354965568e-05
0.00013889658730477096
5.414613915490918e-05
4.012846475234255e-05
6.916067432030104e-05
4.2443077836651356e-05
3.879474024870433e-05
4.897913750028238e-05
4.8178229189943525e-05
6.426066465792246e-05
4.741772499983199e-05
0.0021019880849053154
4.5935474918223915e-05
