0.9994756579399109
0.9992291927337646
0.9994930028915405
0.9994482398033142
0.9994346499443054
0.9992545247077942
0.9994889497756958
6.195376045070589e-05
0.999430239200592
0.9993977546691895
0.9995331764221191
0.9995043277740479
0.9978783130645752
0.9992382526397705
0.9992172718048096
0.9986261129379272
0.9994096755981445
0.999528169631958
0.0013960173819214106
0.000808440672699362
0.9994729161262512
0.03408561646938324
0.9994977712631226
0.9988417029380798
0.9995008707046509
0.9991604089736938
0.9991870522499084
0.9994893074035645
0.9992395639419556
0.9994673132896423
0.9995296597480774
0.5068893525749445
0.9992336332798004
0.5001563231344335
0.9994305372238159
0.9660248756408691
0.9965847432613373
0.999292254447937
0.5407137908041477
0.9992509484291077
0.9995329976081848
0.9993180632591248
0.9994817078113556
0.9964886009693146
0.977808952331543
0.9992818236351013
0.49979644797349465
0.49978589384045335
0.9151537716388702
0.9985666275024414
0.9994920194149017
0.9993407130241394
0.9993956983089447
0.5283311251550913
0.9989036619663239
0.9994292557239532
0.9993814527988434
0.9994914829730988
0.999280720949173
0.6152399182319641
0.6741838231682777
0.9992526173591614
0.6665469077415764
0.9992366830507914
0.9993520776430765
0.9993417263031006
0.9981573621431986
0.6660643273777774
0.9995171229044596
0.6641289957442496
0.9936235944430033
0.999408503373464
0.9932613968849182
0.9964187145233154
0.9994922876358032
0.8408699035644531
0.999003012975057
0.9994982679684957
0.9989217321077982
0.6663246787478178
0.8012781242529551
0.9995057781537374
0.9990257819493612
0.6663571753839884
0.6656575154896321
0.9992935657501221
0.9994413057963053
0.9832831621170044
0.9995074272155762
0.9994993805885315
0.7486543154300307
0.7497446772467811
0.999470129609108
0.7495824317011284
0.8815611153841019
0.7527842547278851
0.7495731174258253
0.9994543045759201
0.9993002712726593
0.7578375237062573
0.9989874958992004
0.9922920614480972
0.7495207298061359
0.9994842112064362
0.9994850754737854
0.4997487780137817
0.9991622567176819
0.7621314851567149
0.49977390018011647
0.49976577264351363
0.9994320422410965
0.5065158833167516
0.7557340855710208
0.9994828850030899
0.7492021897360246
0.537388292952528
0.999134361743927
0.9949085861444473
0.9989840239286423
0.9990596175193787
0.9994639039039612
0.9987442016601562
0.9984080910682678
0.999463152885437
0.6552362948656082
0.9982761740684509
0.7995005410397426
0.7995765364961699
0.757715903659846
0.9991081237792969
0.9994537115097046
0.5997600481918198
0.5979014557153277
0.7499012878528447
0.5795903145859483
0.9974803686141968
0.7987435289840505
0.6116719481535255
0.799197978281154
0.9994864821434021
0.7981320393912028
0.804402619600296
0.998177683353424
0.9972697973251343
0.7996188457065727
0.9992942810058594
0.7978573441192566
0.7991830489925633
0.999365508556366
8.107217581709847e-05
0.014168116264045238
0.9945768117904663
0.03219899907708168
0.9995144605636597
0.9995083808898926
0.9995012283325195
0.004380726255476475
0.9987731575965881
0.9991017580032349
0.9984620809555054
8.620107109891251e-05
0.004242878407239914
0.00034132253495045006
0.9279708564281464
0.500546676281374
0.49804641655646265
0.9992628991603851
0.999249279499054
0.9818267524242401
0.001524091960163787
0.9501719176769257
0.9267922937870026
0.00898019003761874
0.005367519523133524
3.896356065524742e-05
0.9988252222537994
0.5050335740670562
3.895468944392633e-05
0.3617383512840509
0.9732961058616638
0.6691680727526546
0.34072444529738277
0.005677083342258508
0.0005531943352252711
0.332477670943869
0.31439075494805974
0.6639824695885181
0.33321838482879684
0.3332210354650063
0.6661818791762926
0.6671904630493373
0.33315833267139777
0.9534950256347656
0.5728181253352886
0.49985451744305465
0.744348972250009
0.2512023047420371
3.810145608440507e-05
5.3309291615732946e-05
0.25774337409529835
0.21193926920022932
0.7096873783084447
0.5622230476074037
0.4795987634715857
0.33999199798563495
0.2657938731590548
0.4906911884500005
0.503538405373547
0.42786306351117676
0.29563643556830355
0.48228028777812143
0.0024756727390922604
0.20015134644636418
0.18653686755205853
0.18000001410982805
0.380787772302574
0.0001002633769530803
0.5991839346694178
0.797306001814286
0.2701770830928581
0.3701246531869401
0.3889393695193576
0.19899588087646408
