0.9994756579399109
0.002633837517350912
0.999483585357666
0.9993370175361633
0.9994280934333801
0.9992637038230896
0.9854292273521423
0.14207953214645386
6.075171768316068e-05
0.9991106390953064
0.9935021996498108
0.9995006322860718
0.9994271993637085
7.141029345802963e-05
0.9985504746437073
0.9464529156684875
0.9994162321090698
0.999527096748352
0.002188710728660226
0.010875769890844822
0.9994729161262512
0.9994844198226929
0.9995090961456299
5.33219390490558e-05
0.9995008707046509
0.0006684475229121745
0.9992008805274963
0.00023649654758628458
0.9788700342178345
0.9994673132896423
0.9994097948074341
0.7868188917636871
0.9993667304515839
0.4998109461957938
0.4997861571591784
0.0011626177583821118
0.9984803795814514
0.999285489320755
0.5404686443507671
0.999300628900528
0.9995321035385132
0.9993180632591248
0.9994859397411346
0.9869085252285004
0.6451455354690552
0.9992634356021881
0.4998287540001911
0.4998493326638709
0.9445067942142487
0.9961097240447998
0.9994697570800781
0.49971282987462473
4.4683987653115764e-05
0.9995216727256775
0.9990997612476349
0.9994727075099945
0.002989040338434279
0.9995055496692657
0.9991117417812347
0.9968688189983368
0.6698499176030358
0.6663817588584303
0.6664908415502092
0.9993297855059305
0.9995079239209493
0.6664816767636997
0.6664936279412359
0.3330519411404869
0.3333218481493532
0.6643429324030876
0.6663777174301989
0.9992393056551615
0.022970043868554058
0.665335447100612
0.6663601816265631
0.6658986548039442
0.33341101270828705
0.6680902835602561
0.6621456253924407
0.6636362305531899
0.333201989884401
0.6663405757717555
0.3336619700033528
0.6673017734816918
0.6646813645008175
0.9993744691212972
0.9994215170542399
0.3330782978130931
0.9995028177897135
0.001818620348785771
0.6906484137507505
0.7974514178931713
0.9994124472141266
0.7496208654838483
0.9655699282884598
0.7562454394064844
0.25064188781652774
0.7496205005154479
0.7496029755675409
0.5104385553022439
0.49914360716138617
0.6911876571648463
0.49971298276977905
0.9994795322418213
0.9994820058345795
0.7495499472497613
0.7465322496009321
0.5027784738631453
0.2769686705478307
0.26473869388246385
0.9993726313114166
0.7495600098336581
0.9978405982255936
0.9994982033967972
0.9991124421358109
0.4733507985401957
0.9989982694387436
0.759358175098896
0.24992405661123485
0.7496413627377478
0.8006185552105307
0.3998489492645604
0.809825099259615
0.000537525417166762
0.40029358901083467
0.2035842648911057
0.9990953087806702
0.9992083549499512
0.4013339937169803
0.9990872144699097
0.7995893328305101
0.39969574795250085
0.7993797300245206
0.599563104340632
0.3999523180013057
0.8000894050579518
0.9963392853736878
0.6002189644961617
0.7995775496987335
0.999472439289093
0.40008433729963144
0.9993550658226014
0.7995695413737849
0.9992672801017761
0.7995920561930688
0.9985060572624207
0.7802718766048201
0.7992608326487243
0.00012269950821064413
0.9994899034500122
0.9991655349731445
0.999497652053833
0.0027732050511986017
0.9995104074478149
9.353649511467665e-05
4.180304676992819e-05
0.0001156717844423838
0.9990930557250977
0.9989808201789856
0.011609705165028572
0.9994103908538818
3.969650424551219e-05
0.99950110912323
3.80236997443717e-05
5.7184162869816646e-05
5.987594158796128e-05
4.91456867166562e-05
0.00011744167568394914
4.954711766913533e-05
0.5436302535235882
0.5001069768622983
0.9990068674087524
0.9994490444660187
0.9994420111179352
0.9995303153991699
0.002435358357615769
4.862811147177126e-05
0.9995356202125549
0.9843424161275228
4.684941935314176e-05
4.3047297367593274e-05
0.0001458063731358076
0.9995195070902506
0.99951700369517
0.9995259443918864
0.00022115876587728658
0.9993813037872314
0.0008103150479049267
0.0007993892516727404
0.00018548688240116462
4.3256301675379895e-05
0.9052006204922994
0.3194923025196961
0.24995111863972852
4.8863636038731784e-05
5.7670647038321476e-05
0.00028220750573382247
0.99905064702034
0.999517410993576
0.9994561523199081
0.9983044266700745
0.2502619018559926
0.5011706994409906
0.7510191677138209
0.4018800978210493
6.574608778464608e-05
0.0002894921308325138
0.7507658846443519
0.9990675926208497
6.624754532822408e-05
0.00011497723608044907
0.0007295919000171125
6.114706266089343e-05
0.08774404815849265
3.9294166344916445e-05
4.7981210809666666e-05
0.9872117638587952
4.206158919259906e-05
4.467420658329502e-05
4.133746333536692e-05
0.7996980375610292
0.8442671924829483
0.3998317811638117
