0.9994756579399109
0.9994792342185974
0.0006650332943536341
0.9385393857955933
0.9994280934333801
0.9994921684265137
0.9994819760322571
0.9994687438011169
0.999430239200592
0.9994902610778809
0.9995342493057251
0.9995043277740479
0.9994822144508362
0.9967800974845886
0.998396098613739
0.9894428253173828
0.7140285968780518
0.999527096748352
0.002188710728660226
3.8611990021308884e-05
0.9995050430297852
0.9994739890098572
0.9994924068450928
0.9992058873176575
0.999492883682251
0.9989966750144958
0.9991870522499084
0.9994893074035645
0.9946787357330322
0.9994707703590393
0.00018900678333011456
0.4912488880327146
0.5003991328412667
0.45728003407566575
0.9994518458843231
0.9075574576854706
0.9978174567222595
0.9994209408760071
0.8409716784954071
0.9993657767772675
0.9995318651199341
0.9989128112792969
0.9987386763095856
0.4969226269167848
0.9990634918212891
0.9993509352207184
0.4997736034420086
0.49983976705698296
0.4822261908047949
8.026133946259506e-05
0.9991622567176819
0.9993571937084198
0.9994254410266876
0.9964403212070465
0.0007159458909882233
0.9994727075099945
0.0035655240062624216
0.999518096446991
0.9729967415332794
0.9848232865333557
0.6614236340319621
0.4223659604479811
0.9504854281743368
0.9991484880447388
0.99927818775177
0.9993310968081156
0.8973104556401571
0.3331333655163083
0.9799111485481262
0.32811718185742694
0.9995279709498087
0.9991085926691691
0.4114624560267354
0.6669693124325325
0.9993509451548258
0.6661338215841776
0.4782602737347285
0.9994218548138937
0.9754684170087179
0.6658380188588732
0.8750022451082865
0.9994895458221436
0.9980651140213013
0.6663689686101861
0.9992378950119019
0.6656441308781117
0.9993874430656433
0.9991377592086792
0.9994698365529379
0.9994619687398275
0.5166197058279067
0.4995700133540595
0.7367952999193221
0.9934288561344147
0.8997039198875427
0.24971334452129668
0.00014745559201401193
0.7496571426891023
0.0033463641439084313
0.9994987547397614
0.27930911904695677
0.7402505835889315
0.25016862636312
0.5005870471795788
0.9993883967399597
0.24907117833936354
0.4995779573246182
0.9993854463100433
0.000138728955789702
0.49974357332212094
0.9977177679538727
0.25172612499682145
0.5128982783853644
0.7505163089372218
0.6391169979442566
0.4994023833387473
0.49910850316973665
0.9920579046010971
0.4990328007706921
0.24995211231089343
0.9993134021759034
0.9991410970687866
0.6076530409947736
0.8539423048496246
0.6000406490820751
0.5976310971680505
0.9984467506408692
0.7966469700681046
0.6346286622807383
0.5963286926744331
0.5996862903193687
0.19974809941777494
0.601366374391364
0.4182009572039533
0.6126516244461527
0.6063282630842878
0.7989551812410355
0.9994020581245422
0.9989463090896606
0.20208309469890082
0.8051928251981735
0.798692145026871
0.490313358604908
0.999167549610138
0.9194814205169678
0.7998353883158416
0.59946596772279
0.5946784510975703
0.999365508556366
0.0003298610681667924
0.0004799585440196097
8.617821731604636e-05
0.0001630419137654826
0.9995207786560059
0.9995167255401611
0.9994044303894043
0.9986120462417603
0.78919917345047
0.8706902861595154
0.9989967942237854
6.81144229019992e-05
0.9993172883987427
3.427136834943667e-05
0.00011712679224729072
0.9994935095310211
0.4957312436290522
0.00025287563039455563
0.5190409831702709
0.001180558092528372
0.02571867304504849
0.501282059121877
0.27343543100869283
0.0002544843137002317
0.0025608852829464013
0.48773396590513585
0.9961049258708954
0.0002918151021731319
4.120779340155423e-05
4.2882946824344494e-05
0.3103606181709135
0.6653601084835827
0.0314079700037837
0.0046309601978767505
0.0007141513378883246
0.33297459334911156
0.39197451745470363
0.000723314594021455
0.011773718853267686
0.008847424534906168
0.34570417395298136
0.3795142015903063
3.9608283259440213e-05
0.6640876684396062
0.48920386056670395
0.5049666364284349
0.14851730887312442
0.0066348517439109855
0.2462441937341282
0.001390544317473541
0.0012007430113953887
0.14385448367829667
0.39943910731926735
0.37700340393803344
0.24678536439205345
0.0010851896995518473
4.973724207957275e-05
0.0026172506923103356
0.29579248081608966
0.4000526461401023
0.19570787693664898
0.00010820569514180534
0.7875198782232473
0.06238772289361805
0.18598544509804923
0.03730035652260995
0.0006933070901141037
0.1838214661962411
0.3723652446336928
0.3987596171864425
0.17204210061754566
0.11627185686229495
0.6821174658834934
0.1301220310750068
