0.9993976354598999
0.9991764426231384
0.9829058647155762
0.00011140506830997765
0.02029627189040184
0.9994237422943115
0.9994889497756958
9.289658919442445e-05
0.9994668364524841
0.9994420409202576
0.9995288848876953
0.015622545033693314
0.00013787926582153887
0.9753971695899963
0.9987319111824036
0.9981977343559265
0.9994290471076965
0.9994713664054871
0.006559816654771566
0.0008657292928546667
7.889082189649343e-05
0.9802111983299255
0.9991845488548279
0.9991125464439392
0.99950110912323
0.999188244342804
0.9993021488189697
0.9994893074035645
0.9991710186004639
0.9994433522224426
0.5149886896833777
0.000295416044536978
0.9990534782409668
0.49982931323029334
0.9994543492794037
0.708406537771225
0.9911059439182281
0.9986625611782074
0.9638922214508057
0.9986900091171265
0.9994383454322815
0.9993180632591248
0.9964968264102936
0.9975965023040771
0.9934621751308441
0.9993031322956085
0.4997799966022285
0.49978905237003346
0.9985787272453308
0.9984493553638458
0.9994083046913147
0.999374508857727
0.9994299113750458
0.980881541967392
0.9988777041435242
0.9994799792766571
0.9995098114013672
0.9994910061359406
0.999267041683197
0.9873138964176178
0.999467114607493
0.9994884729385376
0.9978235363960266
0.9989578127861023
0.9990309675534567
0.999367356300354
0.9936222632726034
0.9879540403683981
0.9994973937670389
0.9982057809829712
0.9988175630569458
0.9993131558100382
0.9994327823321024
0.9952731132507324
0.9994477232297262
0.9993834892908732
0.9924184481302897
0.9994101921717325
0.9959993958473206
0.9991658727327982
0.3465204266164316
0.001033866040719052
0.9992320934931437
0.9994638562202454
0.9973364671071371
0.9994271794954935
0.9993779261906942
0.9989632566769918
3.987663997880494e-05
0.9388573964436849
0.9983148872852325
0.999420091509819
0.9985271096229553
0.9990368634462357
0.2653592742399269
0.49983587617680314
0.7496071737332386
0.9994088411331177
0.9975544512271881
0.9995003491640091
0.9929602146148682
0.9995073527097702
0.9993410408496857
0.999440386891365
0.9994969516992569
0.9993159025907516
0.49900987410455855
0.9983605742454529
0.49975025835374254
0.49971959542926925
0.9992741644382477
0.7493791698943824
0.9995076805353165
0.9991962909698486
0.9986457526683807
0.9990105330944061
0.9988923072814941
0.7520855045877397
0.998821958899498
0.9981697052717209
0.9988698720932007
0.9994427680969238
0.9994181513786315
0.9991684794425965
0.9994182705879211
0.9994265794754028
0.4000933304283535
0.4100576821860159
0.9987664580345154
0.9988379597663879
0.9991887331008911
0.7994853011230589
0.5994446771830553
0.9993555426597596
0.9941084384918213
0.7217043824493885
0.9978148460388183
0.9993909955024719
0.9989302635192872
0.9994638562202454
0.998064124584198
0.9992069363594055
0.603424948360771
0.9939023852348328
0.9993248581886292
0.9992995500564575
0.9977367043495178
0.9986756086349488
0.999396562576294
0.9376260042190552
0.9304233193397522
0.9993560910224915
0.9984074234962463
0.055309608578681946
0.9991021156311035
0.9992192983627319
0.9987668991088867
0.9994264841079712
0.9993708729743958
0.9983285069465637
0.999153733253479
0.02705560065805912
0.9993579983711243
0.9989868998527527
0.9995044767856598
0.9994741678237915
0.9994352161884308
0.5364749133586884
0.9988283216953278
0.875255286693573
0.9988616704940796
0.9983985424041748
0.9969409108161926
0.9986172020435333
0.9929500222206116
0.9993675947189331
0.996528834104538
0.9984916746616364
0.9762396812438965
0.9994151989618937
0.9992995659510294
0.9883452653884888
0.9953154921531677
0.998304009437561
0.955485204855601
0.9962279995282491
0.9753679633140564
0.9985243082046509
0.9982990423838297
0.998589277267456
0.9984426498413086
0.82957657178243
0.9977925618489584
0.996264636516571
0.9989895075559616
0.99943807721138
0.9992792457342148
0.7599702682346106
0.9881037026643753
0.9976295977830887
0.9985067248344421
0.9777995645999908
0.9206164926290512
0.8760334998369217
0.9994540959596634
0.9975394308567047
0.9384108185768127
0.9940769374370575
0.9967087268829345
0.9661632895469665
0.9825651168823242
0.999254024028778
0.998935604095459
0.9991441607475281
0.9918651819229126
0.9991444230079651
0.9942359924316406
0.9963607788085938
0.9975248336791992
0.9991916418075562
0.9948310256004333
0.8097068876028061
0.9945639491081237
