0.9994261264801025
0.9994409680366516
0.0005649228114634752
5.000552846468054e-05
0.9990953207015991
0.9994490742683411
0.9043687582015991
0.9993233680725098
0.9907089471817017
0.9993516802787781
0.9994057416915894
0.9982965588569641
0.9978633522987366
0.9938720464706421
0.9990580677986145
0.9986261129379272
3.54799376509618e-05
0.9729782938957214
0.007653254549950361
0.000253348087426275
0.9995050430297852
0.9995155334472656
0.9994124174118042
0.9992058873176575
0.9984636306762695
0.999256432056427
0.9980698227882385
0.978314220905304
0.9893990755081177
0.994168758392334
0.9994117319583893
0.9773827493190765
0.9955810904502869
0.6211516112089157
0.999475359916687
0.9214622378349304
0.9962761104106903
0.9984638392925262
0.9936597943305969
0.999300628900528
0.9994699656963348
0.9991891980171204
0.9958545565605164
0.9859797954559326
0.9988398551940918
0.9993552565574646
0.4879311820241128
0.46927403981135285
0.998736709356308
0.9978820979595184
0.9994784891605377
0.9986529648303986
0.49978437464960734
0.9870703816413879
0.9992489516735077
0.9994715750217438
0.9994634389877319
0.9995148777961731
0.9989182353019714
0.9935603141784668
0.9993458390235901
0.9896864692370096
0.6991013834873835
0.9984356959660848
0.9994254310925802
0.9992871681849161
0.9944273432095846
0.9520622491836548
0.9995025396347046
0.7308848599592844
0.5173080414533615
0.9988963802655538
0.6708200623591741
0.9992720286051432
0.9990516106287638
0.998943010965983
0.0019302291135924559
0.9994953672091166
0.6635131853884862
0.9984520475069681
0.999265710512797
0.9993983507156372
0.9949647386868795
0.6663176288190394
0.6663300075039539
0.999515692392985
0.9994069735209147
0.9991882840792338
0.9877233306566874
0.98909991979599
0.9981324225664139
0.9991844296455383
0.750332931347657
0.9987349957227707
0.9951991736888885
0.9990021139383316
0.999492734670639
0.9993492364883423
0.5008522605494363
0.9994904100894928
0.9975028783082962
0.9994937628507614
0.9991989880800247
0.9171736240386963
0.9234756231307983
0.7489105342392577
0.9990038573741913
0.9990671426057816
0.49976596215492464
0.4996934872051497
0.9987814575433731
0.7461944037349895
0.9962171763181686
0.9994629174470901
0.9986318498849869
0.749424220121
0.9986995607614517
0.9989905953407288
0.9988928139209747
0.9992611259222031
0.9992355227470398
0.9993084311485291
0.9992176771163941
0.9957107186317444
0.9994503259658813
0.9988433480262756
0.9812198162078858
0.999146568775177
0.9993799328804016
0.7991620005705045
0.999479353427887
0.998568081855774
0.9769259095191956
0.9990903735160828
0.9990675210952759
0.9900087952613831
0.971409273147583
0.9995073437690735
0.9970667362213135
0.998862361907959
0.9986360549926758
0.9964134454727173
0.5168084666132927
0.9993263721466065
0.9993496417999268
0.9994558095932007
0.9989329934120178
0.7878555838949979
0.999365508556366
5.020808021072298e-05
5.438958396553062e-05
0.00015628874825779349
0.00012537671136669815
0.9988351464271545
0.9096807241439819
0.9989448189735413
0.004729619715362787
0.00010068941628560424
5.2702460379805416e-05
0.9982165694236755
4.2661868064897135e-05
0.9994857311248779
3.631429353845306e-05
0.9994997382164001
0.9994952976703644
0.9994949400424957
5.159809734323062e-05
0.9991014897823334
0.0008969101472757757
5.2051085731363855e-05
0.6172934398055077
0.5009005672764033
5.448094452731311e-05
5.491752745001577e-05
4.91742594022071e-05
0.9991217255592346
0.4995615341067605
6.57778000459075e-05
0.6665208346676081
0.6663490061813112
0.9992996454238892
0.5468487465332146
4.779169466928579e-05
4.85567215946503e-05
0.3334252417165165
0.33426188964707154
0.33632418427926797
0.3332062721407662
0.3332024825710202
0.6719668594499429
0.6732299569994211
4.3090307978369914e-05
0.9992468158404032
0.5110503242749473
0.5035344785019333
0.9995185434818268
0.4997659759465023
0.252876120421206
4.270429053576663e-05
6.344021767290542e-05
0.0002181884992751293
0.7495266346668359
0.4994079301941383
0.25149480702748406
0.9986517131328583
0.5032079367792903
0.5023406889522448
0.25098971354964306
0.00018403768917778506
0.7979421636191546
0.7991848901379853
0.5958039769320749
0.4366415829455946
0.5997089269192657
0.5990825538188801
0.5997211799243815
4.3528235983103515e-05
0.7989384479209548
0.7954815724049695
0.6004998602162231
9.096360809053294e-05
0.22502625394554343
0.1951762542841607
