0.9994261264801025
0.9992891550064087
0.9993008375167847
0.999386191368103
0.9994346499443054
0.9994342923164368
0.9994848966598511
0.02664525806903839
0.999430239200592
0.9994844198226929
0.9995219707489014
0.9994848966598511
0.9976663589477539
0.9950717091560364
0.9990105628967285
0.9174224138259888
0.9990084767341614
0.999527096748352
0.007042455952614546
0.9992079138755798
0.9994938373565674
0.13207590579986572
0.9994745850563049
0.9991699457168579
0.9994900226593018
0.9990944862365723
0.9992828965187073
0.9994675517082214
0.9928475618362427
0.9994681477546692
0.9992572367191315
0.9861336946487427
0.9993989169597626
0.9995119571685791
0.9994334876537323
0.9931564629077911
0.9966074526309967
0.9992817044258118
0.9958570003509521
0.9993933737277985
0.9994989335536957
0.9991732835769653
0.9672535359859467
0.9964886009693146
0.9166487455368042
0.9984779953956604
0.4998046680011612
0.49979990503561567
0.9475902915000916
0.9979328215122223
0.9993774592876434
0.9992882609367371
0.9993901550769806
0.9726815819740295
0.9993928372859955
0.49975971044477774
0.9994895160198212
0.9995151162147522
0.9968228936195374
0.499637434782926
0.999228278795878
0.9995235006014506
0.9994806448618571
0.9992598493893942
0.9994939963022867
0.9992762406667074
0.9943622549374899
0.9891429344813029
0.9995292822519938
0.8138895928859711
0.9959915280342102
0.9972802797953287
0.9993740121523539
0.9994484384854635
0.9994586706161499
0.9989191293716431
0.9995028575261434
0.9995089769363403
0.9948292175928751
0.9980608820915222
0.9984046816825867
0.9995053013165792
0.9994485775629679
0.6673770654791346
0.9992985129356384
0.9994110663731893
0.9993347922960917
0.9972615242004395
0.9994195898373922
0.999278744061788
0.9973826855421066
0.9988042563199997
0.9994225203990936
0.9993705302476883
0.9880662113428116
0.9989602267742157
0.7495995435783698
0.7497325633157743
0.9993701577186584
0.9995158016681671
0.9918687045574188
0.9995058327913284
0.9991220384836197
0.9992910772562027
0.9993728846311569
0.9988435953855515
0.9853576719760895
0.9985639899969101
0.49976497642637696
0.4997427843936748
0.9992938041687012
0.7516208125744015
0.9995162189006805
0.9994305670261383
0.9921070486307144
0.9983852207660675
0.9738417267799377
0.9987009316682816
0.9988478273153305
0.9994851797819138
0.999355137348175
0.9993696331977844
0.9993443250656128
0.9993661522865296
0.9993135809898377
0.9987333059310913
0.9992751717567444
0.9976415634155273
0.9993199467658996
0.9967163562774658
0.9979232907295227
0.9990047931671142
0.9968633651733398
0.9984261393547058
0.9920176982879638
0.9966943979263305
0.9961122155189515
0.9995087742805481
0.9990150928497314
0.9994345426559448
0.9640457272529602
0.9992899656295776
0.9988042831420898
0.9976089715957641
0.9994264125823975
0.5997859360766598
0.9984224677085877
0.9284908056259156
0.9993189573287964
0.999434769153595
0.9993226528167725
0.999497652053833
0.007673241198062897
0.9995046854019165
0.9995083808898926
0.9995012283325195
0.9991996884346008
0.9992328882217407
0.999237060546875
0.9983285069465637
0.9994103908538818
0.9994962215423584
0.9982957243919373
0.9994571805000305
0.9994937479496002
0.9995086193084717
0.9995317459106445
0.9992854297161102
0.9995233416557312
0.9993214905261993
0.5000871254305821
0.6376121640205383
0.9994490444660187
0.9994420111179352
0.8969430923461914
0.9992333948612213
0.99928018450737
0.9995115399360657
0.9993879795074463
0.999472181002299
0.9993728399276733
0.9969627062479655
0.325375653958569
0.6117523707556151
0.8685543338457743
0.6585338870063424
0.6635144238049785
0.67835858091712
0.9995148579279581
0.3557150041839729
0.9994343717892965
0.6655801554734353
0.9987998008728027
0.9978435039520264
0.9988361150026321
0.9995116740465164
0.9995141923427582
0.5080497095914325
0.37177677341605886
0.9865638613700867
0.9993660748004913
0.7441361779347062
0.7063968884758651
0.7524959135334939
0.9994853585958481
0.9992125928401947
0.9988886266946793
0.7527316303458065
0.999163556098938
0.9937888622283936
0.6036318688049505
0.9946545362472534
0.9992599725723267
0.9992056369781495
0.9990948915481568
0.9873687148094177
0.4585244472138584
0.9985237717628479
0.998736035823822
0.9994218587875366
0.997898530960083
0.9785125017166137
0.795245579443872
