0.9994452595710754
0.9994151592254639
0.9994544386863708
5.1931856432929635e-05
0.9994331002235413
0.0005028209998272359
0.9993743300437927
0.9993988275527954
0.9992430210113525
0.9994977712631226
0.9995338916778564
0.9995002746582031
0.9994511008262634
0.9988930821418762
0.9988338351249695
0.9914258718490601
3.612332511693239e-05
0.999518632888794
0.0018512505339458585
0.00027672850410453975
0.9994729161262512
0.0001438870094716549
0.9994986057281494
0.9995006322860718
0.9994852542877197
0.9990090131759644
0.990778923034668
0.998503565788269
0.9988906979560852
0.0006973588024266064
3.6718143746838905e-05
4.046961112180725e-05
4.2614215999492444e-05
4.731842454930302e-05
0.9994553327560425
0.0003707649630086962
0.999372124671936
0.9991905093193054
0.7236715257167816
0.9990490078926086
0.9995355606079102
0.9993349015712738
0.9994529485702515
0.00018726846246863715
4.524360701907426e-05
0.9992168545722961
0.49977922147445497
0.49978783091683
4.2028776078950614e-05
4.8855696149985306e-05
5.195539597480092e-05
0.9994477927684784
4.4770749809686095e-05
0.9995052218437195
9.649527964938898e-05
4.543493560049683e-05
5.060880721430294e-05
0.999518096446991
3.957532317144796e-05
0.9992273449897766
0.0001720808055930926
7.907564940978773e-05
9.507095819571987e-05
6.744041941904773e-05
0.9993166327476501
4.5566090799790494e-05
0.00027513978905820596
0.00010068745662768681
0.6849575911959013
6.545257201651111e-05
0.9993460575739542
0.9994064172108968
0.00010123029884804662
0.0004943934594242213
0.9994522134462992
4.576271749101579e-05
0.9994397759437561
8.149238783516921e-05
4.1954326055323086e-05
5.7117355027003214e-05
0.0003478392718534451
0.9995091557502747
0.00012615897139767185
7.851004678135116e-05
4.6678039022178076e-05
5.082427378511056e-05
3.628921331255697e-05
8.30012916897734e-05
5.259539466351271e-05
6.023645012949904e-05
9.302032958657946e-05
0.0036860673662886256
0.0011691987965605222
0.0001863190900621703
3.830968944384949e-05
0.00014766801905352622
0.0001722106935631018
0.00032825636299094185
0.0029369833073360496
0.9994987547397614
6.339848459901987e-05
0.9995093941688538
4.949403773935046e-05
0.00010037567335530184
0.00011704535427270457
4.1591919398342725e-05
4.16958382629673e-05
5.8022054872708395e-05
4.954538871970726e-05
4.080842245457461e-05
0.005115103009302402
0.00017452466272516176
7.10906333551975e-05
0.0001528775692349882
4.125531722820597e-05
8.2090737123508e-05
5.127793338033371e-05
9.449911158299074e-05
0.0003971401429225807
0.0002069613510684576
0.001330163614329649
0.0014755218988284468
0.005847067631839309
0.00037500344769796355
8.008031072677113e-05
0.004187038508825935
0.00015894387397565878
0.00024789012750261465
0.0006378233316354454
4.3903025652980435e-05
5.6911292631411925e-05
0.00010899911139858887
4.2044738802360373e-05
5.9810317179653796e-05
6.62476995785255e-05
0.0002655167343618814
0.00014200114092091098
0.9993870258331299
0.0002688240012503229
0.00010708270783652552
0.00029142005296307617
0.000191387389349984
0.00010737537668319419
3.986860465374775e-05
9.133341227425262e-05
9.475429469603114e-05
9.06534682144411e-05
4.902474611299112e-05
0.9994818568229675
5.136388062965125e-05
5.532655632123351e-05
0.00014275286230258644
0.0001258359116036445
0.0057375808246433735
0.9995049238204956
0.9995007514953613
0.9993444085121155
0.00010292118531651795
5.162187881069258e-05
0.9994447827339172
4.273760350770317e-05
0.998237133026123
3.6218629247741774e-05
3.99456184823066e-05
9.967218284145929e-05
7.189282405306585e-05
4.954092946718447e-05
5.727871575800236e-05
4.960479782312177e-05
5.3215469961287454e-05
6.004351052979473e-05
6.440702964027878e-05
5.366119876271114e-05
5.410811354522593e-05
4.869819531450048e-05
4.287746924092062e-05
6.118611781857908e-05
6.261062662815675e-05
5.364123959831583e-05
5.835109307857541e-05
7.512688898714259e-05
0.0007020564347233934
4.706282925326377e-05
4.823504908320805e-05
0.00010172234275766338
0.00011187841907182398
0.00014403740957883807
0.00018512785391067155
0.00017039630984072573
0.00019699584299814887
4.9861836790417634e-05
4.274487703999815e-05
0.00014189299448238066
5.569491804635618e-05
5.473073724715505e-05
9.586558189766947e-05
0.0003560978439054452
4.0657892895978875e-05
4.200826333544683e-05
6.474528072430985e-05
0.0002333720913156867
0.00012702258118224563
5.756116661359556e-05
5.9455215705384035e-05
0.00017259221385756973
4.752783206640743e-05
0.00018460767569195013
0.0001668088507358334
0.00019597697100834922
6.691027374472469e-05
0.00014832238157396204
7.675314409425483e-05
7.692760118516162e-05
4.5106051402399316e-05
7.036730239633471e-05
6.008121708873659e-05
4.294641039450653e-05
5.621826712740585e-05
8.334464437211863e-05
8.92687268787995e-05
8.876060164766386e-05
0.0006706016938551329
7.958285641507246e-05
