0.962276041507721
0.8641589283943176
0.8330990672111511
0.6727758646011353
0.8944565653800964
0.7164031267166138
0.824968695640564
0.7753809094429016
0.8342708945274353
0.6892956495285034
0.8166921138763428
0.7821655869483948
0.7806635499000549
0.7156820893287659
0.8427649736404419
0.9598717093467712
0.835067093372345
0.7987322211265564
0.6964840292930603
0.8608728647232056
0.7906017899513245
0.6701083779335022
0.6636115312576294
0.7720604538917542
0.7898784279823303
0.7833116054534912
0.7947735786437988
0.9555308818817139
0.7298082709312439
0.8147108554840088
0.7992464303970337
0.7331992387771606
0.6843873262405396
0.9474523067474365
0.7562111616134644
0.7219733595848083
0.7683847546577454
0.8450472950935364
0.7070003747940063
0.6878111958503723
0.7216224074363708
0.8692525029182434
0.7823720574378967
0.8181050419807434
0.7875951528549194
0.8036593794822693
0.8651697635650635
0.8074328899383545
0.7974674105644226
0.796210527420044
0.9659122824668884
0.9283774495124817
0.7054169774055481
0.812423050403595
0.8800948262214661
0.8520150184631348
0.7031980752944946
0.7815463542938232
0.8080851435661316
0.7944832444190979
0.7255178689956665
0.822677493095398
0.7613328695297241
0.723835289478302
0.8132523894309998
0.7985625863075256
0.7838118076324463
0.8203656077384949
0.6668692231178284
0.7553578019142151
0.7658094167709351
0.793725311756134
0.7476896047592163
0.7956592440605164
0.7553160786628723
0.7833340764045715
0.8231183886528015
0.8254576325416565
0.760226845741272
0.8113922476768494
0.7861999273300171
0.7438696026802063
0.860129714012146
0.8992112278938293
0.8142338991165161
0.8002882599830627
0.801346480846405
0.9249387383460999
0.7947132587432861
0.825551450252533
0.8221192955970764
0.8463369011878967
0.7619219422340393
0.7264510989189148
0.8362898230552673
0.8454731702804565
0.7629247307777405
0.7361380457878113
0.7726559042930603
0.667551577091217
0.8503790497779846
0.7859975695610046
0.7064769864082336
0.9300075769424438
0.9380936622619629
0.8388658165931702
0.7050071358680725
0.7729707360267639
0.8237773180007935
0.8212246894836426
0.8254268765449524
0.8366171717643738
0.7520182728767395
0.8121883869171143
0.7470714449882507
0.8165829181671143
0.8853979110717773
0.8315476775169373
0.7412694096565247
0.714054524898529
0.8126625418663025
0.7220889925956726
0.7739145159721375
0.7581477761268616
0.8686302900314331
0.9904301762580872
0.9681800007820129
0.8850173950195312
0.821419358253479
0.8257091045379639
0.8003430962562561
0.862899661064148
0.8053196668624878
0.7200157642364502
0.7946609258651733
0.7878833413124084
0.8357335925102234
0.9020798802375793
0.8185535073280334
0.8338636159896851
0.7484217286109924
0.7367739081382751
0.7467613816261292
0.8659346103668213
0.9618715643882751
0.7897950410842896
0.8354648947715759
0.6431640386581421
0.7811949849128723
0.7940624952316284
0.7634219527244568
0.8253856301307678
0.8022038340568542
0.6214184165000916
0.8483502268791199
0.7584183812141418
0.7383279204368591
0.8801942467689514
0.8133856654167175
0.7747108340263367
0.7035366892814636
0.7443942427635193
0.8379879593849182
0.8274495601654053
0.7121344804763794
0.8106532096862793
0.9918112754821777
0.8077149987220764
0.8252038955688477
0.7627755999565125
0.7205056548118591
0.6852123737335205
0.7870782613754272
0.8022518157958984
0.7257636189460754
0.8738330006599426
0.7934938669204712
0.7411291599273682
