0.7263227105140686
0.832294762134552
0.7081324458122253
0.5757376551628113
0.7863062620162964
0.5651952624320984
0.7230576872825623
0.6534795761108398
0.7999976277351379
0.5835400223731995
0.7175251841545105
0.7305973768234253
0.7525713443756104
0.592153787612915
0.8048068284988403
0.9598717093467712
0.7099406719207764
0.6502967476844788
0.6595152616500854
0.8800613880157471
0.7113022208213806
0.5880318880081177
0.6486620306968689
0.7544786334037781
0.81679767370224
0.7330908179283142
0.7256320714950562
0.9671270847320557
0.6730663180351257
0.7431883215904236
0.7724502682685852
0.6704095005989075
0.5344963073730469
0.9357402920722961
0.7598934769630432
0.7666364312171936
0.7507133483886719
0.7868782877922058
0.7104371786117554
0.5997970700263977
0.4716244339942932
0.7114368081092834
0.7205685377120972
0.8618517518043518
0.8309828639030457
0.7615469694137573
0.9505566358566284
0.7745821475982666
0.691699206829071
0.7560454607009888
0.9659122824668884
0.6845497488975525
0.7015947699546814
0.8236702680587769
0.7632629871368408
0.744343638420105
0.728151261806488
0.7979642748832703
0.7774466872215271
0.8643096685409546
0.6923206448554993
0.7085346579551697
0.6761941909790039
0.6977643966674805
0.7211270332336426
0.7041764855384827
0.7017238140106201
0.7681350708007812
0.6675183176994324
0.6921488642692566
0.5443416833877563
0.6910905838012695
0.6977060437202454
0.7033615708351135
0.6479272246360779
0.8035154342651367
0.8254062533378601
0.8264815807342529
0.6827716827392578
0.7572340369224548
0.7240807414054871
0.6902884840965271
0.8136879801750183
0.8663057684898376
0.7873005270957947
0.6946490406990051
0.7916086316108704
0.9157406687736511
0.7863787412643433
0.7962014675140381
0.752876341342926
0.797398030757904
0.79127436876297
0.7975112795829773
0.6722277998924255
0.7341979742050171
0.6242163181304932
0.6813023686408997
0.710217297077179
0.6727018356323242
0.785526692867279
0.7550058364868164
0.6627858281135559
0.9141107201576233
0.9913573861122131
0.8351632952690125
0.6454963088035583
0.675673246383667
0.7319985032081604
0.8583314418792725
0.7303517460823059
0.8589863181114197
0.6600521206855774
0.8011388182640076
0.7972828149795532
0.7795434594154358
0.9112314581871033
0.7504468560218811
0.6979653239250183
0.7509809136390686
0.6812822222709656
0.6374182105064392
0.809818685054779
0.6990407705307007
0.8701854348182678
0.8571808934211731
0.9681800007820129
0.9221245646476746
0.7748293280601501
0.7534626722335815
0.7856341600418091
0.8291051983833313
0.7891541719436646
0.7121755480766296
0.7840916514396667
0.747729480266571
0.720483660697937
0.9020798802375793
0.7656618356704712
0.830126166343689
0.6480973362922668
0.8508070111274719
0.6936463713645935
0.7323366403579712
0.9061267971992493
0.7230210900306702
0.7336345911026001
0.5996691584587097
0.7200692296028137
0.8164426684379578
0.7641788721084595
0.7886120080947876
0.6562141180038452
0.653650164604187
0.8216596245765686
0.5580068230628967
0.5437555909156799
0.8282116055488586
0.7645449042320251
0.7416948676109314
0.6955689787864685
0.7783951163291931
0.8254081010818481
0.8065833449363708
0.698947012424469
0.7868133783340454
0.9088882207870483
0.7807852625846863
0.7372113466262817
0.6594560742378235
0.6357904076576233
0.6923467516899109
0.699804961681366
0.6920825242996216
0.6956993937492371
0.8422017693519592
0.7532329559326172
0.6953760385513306
