0.7263227105140686
0.832294762134552
0.710026204586029
0.5321092009544373
0.7863062620162964
0.5234012007713318
0.7230576872825623
0.6461798548698425
0.7905546426773071
0.6004636287689209
0.6701326370239258
0.7450719475746155
0.6098062992095947
0.578406810760498
0.800077497959137
0.9598717093467712
0.7027241587638855
0.6491228938102722
0.6595152616500854
0.8800613880157471
0.6936283707618713
0.5880318880081177
0.6206521391868591
0.7035990953445435
0.81679767370224
0.7330908179283142
0.6383501887321472
0.9218613505363464
0.6907997131347656
0.7149617075920105
0.7724502682685852
0.6655794382095337
0.5344963073730469
0.9357402920722961
0.7598934769630432
0.7521678805351257
0.7507133483886719
0.6755561232566833
0.7055615186691284
0.5851734280586243
0.4716244339942932
0.7114368081092834
0.6803258657455444
0.8618517518043518
0.7692106366157532
0.6501548290252686
0.9505566358566284
0.7745821475982666
0.6910853385925293
0.11709558963775635
0.9659122824668884
0.6845497488975525
0.7015947699546814
0.8236702680587769
0.7244386076927185
0.744343638420105
0.7285911440849304
0.7901520133018494
0.7774466872215271
0.8425815105438232
0.6998642683029175
0.6833847761154175
0.672045111656189
0.6268904805183411
0.7211270332336426
0.7016245126724243
0.7017238140106201
0.7443522214889526
0.6675183176994324
0.6707915663719177
0.5579946637153625
0.6839903593063354
0.6905027031898499
0.7033615708351135
0.6286209225654602
0.8035154342651367
0.814435601234436
0.8264815807342529
0.7062054872512817
0.7572340369224548
0.720866858959198
0.6960186958312988
0.8136879801750183
0.8663057684898376
0.7143944501876831
0.6836726069450378
0.7916086316108704
0.9157406687736511
0.7564069628715515
0.7997361421585083
0.7505331039428711
0.7833176851272583
0.79127436876297
0.777025043964386
0.6832374930381775
0.7961795330047607
0.6214367747306824
0.6925742626190186
0.7121339440345764
0.6563075184822083
0.785526692867279
0.7550058364868164
0.6057401299476624
0.9453845024108887
0.9913573861122131
0.8093978762626648
0.6454963088035583
0.675673246383667
0.7003316879272461
0.8583314418792725
0.7233067154884338
0.8589863181114197
0.6371729373931885
0.6534013152122498
0.7462134957313538
0.7795434594154358
0.9112314581871033
0.7504468560218811
0.6717037558555603
0.7509809136390686
0.6812990307807922
0.6555975079536438
0.7450205087661743
0.6870589256286621
0.8701854348182678
0.8571808934211731
0.9681800007820129
0.8596661686897278
0.769258439540863
0.7513382434844971
0.7813330888748169
0.7904354929924011
0.8236533403396606
0.6965799927711487
0.7575960159301758
0.747729480266571
0.7002253532409668
0.8212132453918457
0.7521837949752808
0.830126166343689
0.6480973362922668
0.7820909023284912
0.6661561131477356
0.7323366403579712
0.8287349343299866
0.710610568523407
0.7315748929977417
0.6146916151046753
0.5873268842697144
0.8063389658927917
0.6673563122749329
0.7886120080947876
0.6782838106155396
0.6376503705978394
0.8216596245765686
0.5580068230628967
0.5380431413650513
0.818690836429596
0.753738522529602
0.7416948676109314
0.678557813167572
0.7783951163291931
0.8254081010818481
0.8065833449363708
0.6546551585197449
0.8197627663612366
0.7870110869407654
0.7807852625846863
0.7372113466262817
0.6667003631591797
0.619143545627594
0.6540029644966125
0.683685302734375
0.6820699572563171
0.6956993937492371
0.7077192664146423
0.7532329559326172
0.605197012424469
