0.8644970655441284
0.8391814827919006
0.8068022727966309
0.4841247797012329
0.8772060871124268
0.5936794281005859
0.8098582625389099
0.702472984790802
0.7293169498443604
0.6981483697891235
0.8355960249900818
0.8578041195869446
0.7642703056335449
0.6918752193450928
0.867542564868927
0.9598717093467712
0.8227035999298096
0.7809913754463196
0.6892845630645752
1.0059664249420166
0.787157416343689
0.7391562461853027
0.744287371635437
0.7771087288856506
0.8234420418739319
0.7833116054534912
0.7942479252815247
0.8757688403129578
0.7898625731468201
0.7323824167251587
0.7992464303970337
0.6957408785820007
0.743105947971344
0.9474523067474365
0.6845399737358093
0.7577896118164062
0.6943982839584351
0.8501500487327576
0.725299596786499
0.7045800089836121
0.7178953886032104
0.8692525029182434
0.7354066967964172
0.7979737520217896
0.80921870470047
0.7684204578399658
0.9505566358566284
0.7588584423065186
0.7568969130516052
0.8529815673828125
0.9659122824668884
0.8876604437828064
0.6797597408294678
0.8572823405265808
0.7149810194969177
0.8294662237167358
0.7642289996147156
0.7822170257568359
0.7594975829124451
0.7944832444190979
0.6937360167503357
0.8133726119995117
0.7474227547645569
0.6202155351638794
0.7835834622383118
0.7805594801902771
0.7861136794090271
0.8548007607460022
0.7578523755073547
0.7630540728569031
0.7051166892051697
0.7053131461143494
0.7139679789543152
0.7842472195625305
0.7714362144470215
0.8279867768287659
0.7260339260101318
0.8254576325416565
0.6822867393493652
0.7681547999382019
0.7478756904602051
0.754977285861969
0.8165685534477234
0.8992112278938293
0.8584578633308411
0.7474000453948975
0.801346480846405
0.8614769577980042
0.7751771211624146
0.7740374803543091
0.8221192955970764
0.79609614610672
0.7181426286697388
0.820850133895874
0.8586001992225647
0.8096566796302795
0.6985815167427063
0.7038618922233582
0.680807888507843
0.7129844427108765
0.8642356991767883
0.8006042838096619
0.7749509811401367
0.9667694568634033
0.9913573861122131
0.8388658165931702
0.7176228761672974
0.8794312477111816
0.7556431889533997
0.831261157989502
0.8107184171676636
0.8366171717643738
0.7854768633842468
0.8621785044670105
0.7591899037361145
0.9266165494918823
0.9436933398246765
0.7972701787948608
0.7254729866981506
0.7036654353141785
0.7777639627456665
0.712424099445343
0.7537551522254944
0.761414110660553
0.9214015007019043
0.9904301762580872
0.9023424983024597
0.9514564871788025
0.8226614594459534
0.8014690279960632
0.8173289895057678
0.862899661064148
0.7535226941108704
0.7504599690437317
0.8084710836410522
0.7224193811416626
0.8386895656585693
0.8719566464424133
0.7948223948478699
0.8337714076042175
0.7516253590583801
0.7819081544876099
0.7325531244277954
0.8408457636833191
0.9618715643882751
0.8256083726882935
0.8354648947715759
0.7332461476325989
0.7350510954856873
0.8177775740623474
0.7324220538139343
0.8701557517051697
0.8074302077293396
0.6484625935554504
0.8483502268791199
0.7291796207427979
0.671712338924408
0.8890966176986694
0.829509973526001
0.7630402445793152
0.7667288184165955
0.7671270966529846
0.8487774729728699
0.8370847105979919
0.6856663823127747
0.6696594953536987
0.9199314713478088
0.8100535869598389
0.813267707824707
0.688851535320282
0.7703772187232971
0.5895659923553467
0.7980557084083557
0.8097448945045471
0.7965909838676453
0.8894830346107483
0.726182222366333
0.8266294598579407
