0.8464227914810181
0.8391814827919006
0.7819386124610901
0.6270444393157959
0.771308958530426
0.5839218497276306
0.7852394580841064
0.7561885714530945
0.8365848064422607
0.5646488070487976
0.7757939696311951
0.8570890426635742
0.7846770286560059
0.5302950739860535
0.8309184312820435
0.9598717093467712
0.7825124263763428
0.7629215717315674
0.657719075679779
0.8800613880157471
0.8109326958656311
0.6176689267158508
0.42035961151123047
0.8630048036575317
0.8632427453994751
0.6848316788673401
0.7310498356819153
0.9555308818817139
0.7549338936805725
0.7320712208747864
0.7992464303970337
0.7010871767997742
0.7284853458404541
0.9474523067474365
0.7577823400497437
0.7477678656578064
0.7596402764320374
0.7835974097251892
0.6662984490394592
0.6246393918991089
0.6335076689720154
0.7963910698890686
0.7494999170303345
0.8556419014930725
0.8101916909217834
0.7991569638252258
0.8651697635650635
0.7446443438529968
0.7568969130516052
0.7878074645996094
0.9659122824668884
0.8991158604621887
0.7303880453109741
0.8572823405265808
0.7532572746276855
0.6654903292655945
0.726561963558197
0.7891313433647156
0.7856763005256653
0.7255582809448242
0.7170913815498352
0.767726480960846
0.7569960951805115
0.7349274158477783
0.792087972164154
0.7598327994346619
0.7355085611343384
0.8280981779098511
0.6790173053741455
0.7286795973777771
0.7072084546089172
0.6873645782470703
0.7330363392829895
0.7252577543258667
0.7379007339477539
0.7569846510887146
0.784845232963562
0.7847968339920044
0.7098672389984131
0.7005425095558167
0.7244413495063782
0.7454774975776672
0.8019554615020752
0.8553157448768616
0.7308317422866821
0.672487735748291
0.7749770879745483
0.8431383371353149
0.8239683508872986
0.7980054616928101
0.8730547428131104
0.822199285030365
0.7464882731437683
0.8216876983642578
0.8581556677818298
0.6084346771240234
0.7227866649627686
0.7276591658592224
0.7862036228179932
0.4847676157951355
0.7457532286643982
0.639248251914978
0.7323482632637024
0.9667694568634033
0.9913573861122131
0.918563187122345
0.666603147983551
0.8794312477111816
0.7012990713119507
0.8220505714416504
0.7999644875526428
0.8366171717643738
0.7560889720916748
0.7443999648094177
0.7591899037361145
0.9266165494918823
0.9436933398246765
0.8165394067764282
0.6895367503166199
0.7036654353141785
0.7784035205841064
0.72676682472229
0.8216022849082947
0.7581103444099426
0.9214015007019043
0.9904301762580872
0.9681800007820129
0.8850173950195312
0.8067965507507324
0.8090183138847351
0.8354638814926147
0.862899661064148
0.8053196668624878
0.7862527370452881
0.7885825634002686
0.7824229001998901
0.8270114064216614
0.9020798802375793
0.8289235234260559
0.7662943005561829
0.7292592525482178
0.7422959208488464
0.7243437170982361
0.6829172372817993
0.9618715643882751
0.7806085348129272
0.8019406795501709
0.7056106328964233
0.7275726795196533
0.8066278100013733
0.776854932308197
0.8701557517051697
0.782882571220398
0.6323549747467041
0.8483502268791199
0.6751236319541931
0.6248653531074524
0.8688842058181763
0.8004069924354553
0.7657032012939453
0.7085943818092346
0.7671270966529846
0.8056639432907104
0.8175565600395203
0.6553652286529541
0.5770822167396545
0.9593885540962219
0.8100535869598389
0.8347108960151672
0.7588386535644531
0.6685289740562439
0.5565750002861023
0.7399316430091858
0.7660165429115295
0.7833415865898132
0.8738330006599426
0.7064006328582764
0.7805825471878052
