0.8102827668190002
0.8387324213981628
0.7641333937644958
0.6176299452781677
0.8557246923446655
0.6438664793968201
0.7771177887916565
0.7933885455131531
0.6648718118667603
0.6952568888664246
0.7210044860839844
0.6840832829475403
0.7792903780937195
0.6477246880531311
0.7746358513832092
0.9598717093467712
0.6964627504348755
0.6241167783737183
0.6967170238494873
0.8800613880157471
0.8070483803749084
0.7232920527458191
0.659187912940979
0.7669540643692017
0.8105640411376953
0.7183424830436707
0.7468258142471313
0.850372314453125
0.692725658416748
0.767866313457489
0.77779221534729
0.7185003161430359
0.7499319911003113
0.9500359892845154
0.7365530729293823
0.7092030644416809
0.657465398311615
0.7468196749687195
0.7331340909004211
0.6438223123550415
0.6547518372535706
0.8311821222305298
0.7179222106933594
0.7838262319564819
0.8101916909217834
0.7434720993041992
0.9505566358566284
0.7651745676994324
0.8024932742118835
0.7103410363197327
0.9659122824668884
0.879080057144165
0.6560505032539368
0.8270009160041809
0.7243852019309998
0.7885244488716125
0.5896886587142944
0.7516553997993469
0.7529209852218628
0.7461777925491333
0.6987258791923523
0.7478035092353821
0.5534270405769348
0.7341743111610413
0.7396520376205444
0.6386740207672119
0.7404391765594482
0.6777336597442627
0.6608210802078247
0.726982593536377
0.7099490165710449
0.677666425704956
0.6120305061340332
0.76139897108078
0.6833066344261169
0.6991252303123474
0.7797162532806396
0.7980322241783142
0.7445657253265381
0.7347539663314819
0.7154894471168518
0.6508528590202332
0.7680102586746216
0.8556192517280579
0.7077181339263916
0.7398581504821777
0.7647115588188171
0.8203604817390442
0.8160728812217712
0.8160544037818909
0.8571941256523132
0.7209277749061584
0.7590876221656799
0.6969941854476929
0.6709548830986023
0.7755803465843201
0.7015097141265869
0.7411425113677979
0.7308911085128784
0.6621766686439514
0.7608038783073425
0.7791630625724792
0.6617093682289124
0.8571040630340576
0.9380936622619629
0.8325235247612
0.642713725566864
0.7863976359367371
0.7109349370002747
0.804905116558075
0.6685868501663208
0.8366171717643738
0.7491422295570374
0.7443999648094177
0.7591899037361145
0.8077818751335144
0.9094496369361877
0.7265299558639526
0.734496533870697
0.714054524898529
0.723419189453125
0.6772947311401367
0.7809891104698181
0.794784665107727
0.8269100785255432
0.9904301762580872
0.9681800007820129
0.8659743666648865
0.6625491380691528
0.7803388237953186
0.7609965801239014
0.7523894906044006
0.716359555721283
0.6877787113189697
0.741844117641449
0.5946027040481567
0.6656519770622253
0.9020798802375793
0.6834429502487183
0.8011060357093811
0.6357170939445496
0.7425432205200195
0.7230141162872314
0.8258087038993835
0.8333131670951843
0.800621509552002
0.7908667922019958
0.672544538974762
0.7958411574363708
0.6999416947364807
0.7292723655700684
0.7796417474746704
0.7946388125419617
0.6403375864028931
0.8239595293998718
0.814439058303833
0.7499348521232605
0.8076593279838562
0.642900288105011
0.7877440452575684
0.7219473719596863
0.7222068309783936
0.8081487417221069
0.8267596960067749
0.6853086948394775
0.547353982925415
0.9199314713478088
0.6719985008239746
0.793070912361145
0.7183828353881836
0.7082133889198303
0.7163252830505371
0.7662201523780823
0.6488581895828247
0.7669239640235901
0.8497913479804993
0.7524193525314331
0.7512759566307068
