0.8702523708343506
0.8000600337982178
0.6842682361602783
0.6198644638061523
0.8381265997886658
0.6776113510131836
0.7644281983375549
0.7478007674217224
0.641456127166748
0.6533326506614685
0.7175989747047424
0.8434082865715027
0.7802410125732422
0.6781728863716125
0.8212263584136963
0.8220797181129456
0.7426341772079468
0.576587438583374
0.6864531636238098
0.8801774382591248
0.7761417627334595
0.711865246295929
0.7126719355583191
0.778672456741333
0.7662323117256165
0.7755494713783264
0.6664928793907166
0.9555308818817139
0.7029504776000977
0.7057048082351685
0.8047332763671875
0.7385746836662292
0.7525317668914795
0.9500359892845154
0.7636378407478333
0.7936426401138306
0.7267441749572754
0.7385966777801514
0.7137541174888611
0.6740872859954834
0.7218500971794128
0.5887154340744019
0.7363304495811462
0.8934484124183655
0.8007230758666992
0.7744409441947937
0.79375159740448
0.7745508551597595
0.7281250357627869
0.6443626284599304
0.9659122824668884
0.8235581517219543
0.6638095378875732
0.8216601610183716
0.6572626829147339
0.5711783766746521
0.670879602432251
0.7631416916847229
0.7484736442565918
0.679215133190155
0.7510092258453369
0.7172134518623352
0.6307380199432373
0.7122302055358887
0.7887223362922668
0.6946573257446289
0.7620646953582764
0.8232964873313904
0.536684513092041
0.7085554599761963
0.6851492524147034
0.6649084687232971
0.6487318277359009
0.7283180356025696
0.6206036806106567
0.7557439804077148
0.7625508904457092
0.8427503705024719
0.7028844952583313
0.7557189464569092
0.6558594703674316
0.6254462599754333
0.7704200148582458
0.890369176864624
0.6916419863700867
0.6668233871459961
0.8780972361564636
0.8277691006660461
0.7515034079551697
0.808007538318634
0.8571941256523132
0.773236870765686
0.7693168520927429
0.7622206807136536
0.7521710395812988
0.7878291606903076
0.7095274329185486
0.7365095019340515
0.6856924295425415
0.7119734287261963
0.8465220928192139
0.6274605989456177
0.7277279496192932
0.8899651765823364
0.9913573861122131
0.8290036916732788
0.6544464230537415
0.7884495854377747
0.7219446897506714
0.7431516051292419
0.7936233282089233
0.8277462720870972
0.7121038436889648
0.7820444107055664
0.7470714449882507
0.8241928815841675
0.9112314581871033
0.732783317565918
0.7192215323448181
0.6576551198959351
0.7612441778182983
0.6698368787765503
0.7701886296272278
0.7092642188072205
0.7388671636581421
0.9904301762580872
0.8993304967880249
0.8904308676719666
0.8158187866210938
0.7707650661468506
0.7565363049507141
0.8652216196060181
0.6283096671104431
0.7334184050559998
0.6574141979217529
0.7330782413482666
0.7425834536552429
0.8719566464424133
0.7832897305488586
0.8032155632972717
0.7885897755622864
0.7490463852882385
0.705227255821228
0.6127619743347168
0.9474307298660278
0.7487676739692688
0.7074449062347412
0.7062712907791138
0.7783488631248474
0.7006767988204956
0.7633495926856995
0.7742158770561218
0.7764667868614197
0.6088468432426453
0.8483502268791199
0.8461869359016418
0.759513258934021
0.8605984449386597
0.8011685609817505
0.7747108340263367
0.7366260886192322
0.7545616030693054
0.8474337458610535
0.7767786979675293
0.7170182466506958
0.8561921715736389
0.9593885540962219
0.7250353693962097
0.7205236554145813
0.7165622711181641
0.7008216977119446
0.6751770973205566
0.7362735867500305
0.6511517763137817
0.7757577896118164
0.8480233550071716
0.6299744844436646
0.7530103921890259
