0.962276041507721
0.8027020692825317
0.7742466330528259
0.6644935011863708
0.9574558138847351
0.6789186596870422
0.7852394580841064
0.7498346567153931
0.8111563324928284
0.7336191534996033
0.7987936735153198
0.8578041195869446
0.7679162621498108
0.6674193739891052
0.867542564868927
0.9598717093467712
0.7873232960700989
0.7651758790016174
0.7300837635993958
0.8800613880157471
0.8049359917640686
0.61213219165802
0.5924375653266907
0.7771087288856506
0.8159046769142151
0.7166189551353455
0.779301106929779
0.9949057698249817
0.7367542386054993
0.7667393088340759
0.800530195236206
0.7022504210472107
0.8422081470489502
0.902374267578125
0.7588970065116882
0.77877277135849
0.7672409415245056
0.8237836956977844
0.6740264296531677
0.6809980273246765
0.6847701668739319
0.8333826065063477
0.7379088401794434
0.7941708564758301
0.8170776963233948
0.927314817905426
0.8651697635650635
0.7592718005180359
0.8328285217285156
0.8381909132003784
0.9659122824668884
0.8597801327705383
0.7054169774055481
0.8241873979568481
0.8911393284797668
0.6840550303459167
0.7821410894393921
0.7923446893692017
0.9207763671875
0.83714759349823
0.7565528750419617
0.7657380700111389
0.7496047019958496
0.7881337404251099
0.7935410141944885
0.7672155499458313
0.6820315718650818
0.8469343781471252
0.6656972765922546
0.7451552748680115
0.7450084686279297
0.6936606764793396
0.7455146908760071
0.7536571621894836
0.752207338809967
0.7882771492004395
0.8604922294616699
0.7224407196044922
0.7225072383880615
0.7946175336837769
0.7830219268798828
0.7142601609230042
0.860129714012146
0.8759474754333496
0.8332178592681885
0.7064762711524963
0.9825449585914612
0.9249387383460999
0.7657158970832825
0.7907174825668335
0.8221192955970764
0.7967730760574341
0.7612982392311096
0.7349224090576172
0.8581556677818298
0.7904244065284729
0.7688543200492859
0.7568126320838928
0.7010303139686584
0.6049838662147522
0.8503790497779846
0.7533593773841858
0.776591956615448
0.9300075769424438
0.9913573861122131
0.8388658165931702
0.6771039962768555
0.8794312477111816
0.7386438846588135
0.8260484337806702
0.8230394721031189
0.8277462720870972
0.781489908695221
0.9037455320358276
0.7591899037361145
0.9219897389411926
0.8475528955459595
0.8155907392501831
0.741864800453186
0.714054524898529
0.756773054599762
0.7015582919120789
0.7219380736351013
0.7710788249969482
0.8340129852294922
0.9904301762580872
0.9023424983024597
0.8850173950195312
0.821419358253479
0.8361940979957581
0.819342851638794
0.862899661064148
0.7863768339157104
0.7474868297576904
0.8290377855300903
0.764601469039917
0.8193991184234619
0.9020798802375793
0.7792860865592957
0.8204594850540161
0.6788358092308044
0.7001377940177917
0.7358176112174988
0.7080797553062439
0.9618715643882751
0.82777339220047
0.8626312613487244
0.7518547177314758
0.7946903109550476
0.8374649882316589
0.7989470362663269
0.8701557517051697
0.7739678621292114
0.6199064254760742
0.8483502268791199
0.8204813599586487
0.7732600569725037
0.8584939241409302
0.8334119915962219
0.8272579908370972
0.7189796566963196
0.7443942427635193
0.8243242502212524
0.7671621441841125
0.5928229093551636
0.8335581421852112
0.9199314713478088
0.8069201111793518
0.8145917654037476
0.7475588321685791
0.7322145700454712
0.6886056065559387
0.7695381045341492
0.7914562225341797
0.7611217498779297
0.8894830346107483
0.9203574061393738
0.7662895321846008
