0.9547365307807922
0.8391814827919006
0.7694957256317139
0.6761427521705627
0.8126290440559387
0.5186764001846313
0.7283675074577332
0.7798613905906677
0.5594395399093628
0.49899864196777344
0.713853657245636
0.7591375708580017
0.6353102326393127
0.6185492873191833
0.8487980365753174
0.9598717093467712
0.7199689149856567
0.6999834775924683
0.6220378279685974
0.8801774382591248
0.7816205024719238
0.6528540849685669
0.41381603479385376
0.7893028259277344
0.7549381852149963
0.4948679208755493
0.7050854563713074
0.8987361788749695
0.7196961045265198
0.5556457042694092
0.8370969891548157
0.6953150033950806
0.6506515145301819
0.8640737533569336
0.6440756916999817
0.7362634539604187
0.6696217656135559
0.5850662589073181
0.6727784872055054
0.49781596660614014
0.6239433884620667
0.7331942319869995
0.5911721587181091
0.7334479689598083
0.7751350402832031
0.7446398138999939
0.9505566358566284
0.7172669768333435
0.6848205924034119
0.7560309767723083
0.9659122824668884
0.7769536375999451
0.49595707654953003
0.8482945561408997
0.7952679991722107
0.515587568283081
0.5163283944129944
0.7644086480140686
0.685214102268219
0.6832946538925171
0.573924720287323
0.6916219592094421
0.7075205445289612
0.6252681016921997
0.700025737285614
0.735505998134613
0.5227090716362
0.7024273872375488
0.7000824213027954
0.6716676354408264
0.7531585097312927
0.6025442481040955
0.6415255069732666
0.57186359167099
0.6077992916107178
0.6866849064826965
0.6963797211647034
0.6802027225494385
0.72702956199646
0.5566637516021729
0.5962867736816406
0.7185479998588562
0.6053175330162048
0.8770159482955933
0.7901980876922607
0.615945041179657
0.8972622156143188
0.8168826699256897
0.7853783965110779
0.6101221442222595
0.8270893692970276
0.7753698825836182
0.7350406646728516
0.6629477143287659
0.698825478553772
0.5806319117546082
0.7299934029579163
0.506373405456543
0.7245376706123352
0.5376694202423096
0.871526300907135
0.5919981598854065
0.7256744503974915
0.822485089302063
0.9913573861122131
0.8675046563148499
0.5686348676681519
0.8157572746276855
0.570986807346344
0.5924988389015198
0.731871485710144
0.8366171717643738
0.7622320055961609
0.7820444107055664
0.5310701131820679
0.6870694756507874
0.6891842484474182
0.8042897582054138
0.463326096534729
0.7038174271583557
0.7604854702949524
0.6388528347015381
0.7782546877861023
0.7066972255706787
0.7116159200668335
0.9904301762580872
0.492171049118042
0.9050728678703308
0.7096007466316223
0.6701170206069946
0.7827315926551819
0.862899661064148
0.4239804744720459
0.6806862950325012
0.6680614352226257
0.6320701241493225
0.6276085376739502
0.5754555463790894
0.748343825340271
0.6066249012947083
0.7124229669570923
0.8306857943534851
0.7470077276229858
0.8338006734848022
0.8756445050239563
0.7001538872718811
0.8184066414833069
0.6717435717582703
0.7035717368125916
0.5199751257896423
0.6009318232536316
0.7845864295959473
0.7801463007926941
0.6192270517349243
0.47604477405548096
0.6462013125419617
0.478355348110199
0.7004482746124268
0.6903912425041199
0.7900006771087646
0.664330244064331
0.7671270966529846
0.847871720790863
0.8061048984527588
0.6194617748260498
0.45840883255004883
0.9088882207870483
0.7668021321296692
0.5480607748031616
0.6193772554397583
0.5199043154716492
0.6460745930671692
0.7852014899253845
0.736421525478363
0.6837657690048218
0.8534489274024963
0.5573248863220215
0.7590805888175964
