0.547938883304596
0.799178957939148
0.8648433089256287
0.5633725523948669
0.7363039255142212
0.47327858209609985
0.6848422288894653
0.7284479737281799
0.7570000290870667
0.42709583044052124
0.819281816482544
0.8538172841072083
0.6845815181732178
0.5593679547309875
0.8397508859634399
0.9598717093467712
0.7658352851867676
0.7825208902359009
0.6532439589500427
0.7198650240898132
0.7311546206474304
0.5482863187789917
0.4112500548362732
0.8630048036575317
0.5230116844177246
0.42949068546295166
0.8133771419525146
0.8378321528434753
0.7363249063491821
0.6205485463142395
0.7010201215744019
0.6886475086212158
0.42486315965652466
0.8379300832748413
0.5086572170257568
0.7837872505187988
0.4191751480102539
0.664729654788971
0.5927262902259827
0.4534200429916382
0.4077081084251404
0.8321127891540527
0.3388442397117615
0.6616296768188477
0.6773165464401245
0.7814264893531799
0.9505566358566284
0.6028603911399841
0.7985545992851257
0.7678587436676025
0.9659122824668884
0.8991158604621887
0.5334944725036621
0.6467010974884033
0.5939831733703613
0.5392217040061951
0.5479516983032227
0.539621114730835
0.8019681572914124
0.6348220109939575
0.4139412045478821
0.5087525844573975
0.7374482154846191
0.4338023066520691
0.5610346794128418
0.7447295784950256
0.5940136909484863
0.7993506193161011
0.7408778667449951
0.720022976398468
0.5761070251464844
0.5782561302185059
0.6951214671134949
0.5365956425666809
0.74052494764328
0.6691451668739319
0.7519306540489197
0.7858165502548218
0.6698897480964661
0.4870956540107727
0.5294350981712341
0.693906843662262
0.6662189960479736
0.8246234059333801
0.7344830632209778
0.5577396154403687
0.8768571615219116
0.8614769577980042
0.6091235280036926
0.4936099052429199
0.7641308307647705
0.844165563583374
0.5568408966064453
0.6246814131736755
0.503617525100708
0.7023168802261353
0.6439344882965088
0.45101678371429443
0.5792510509490967
0.4282052516937256
0.5508772730827332
0.4956422448158264
0.7003561854362488
0.7256413698196411
0.8859747052192688
0.8127309679985046
0.6088407039642334
0.6451216340065002
0.47356313467025757
0.5790176391601562
0.8107184171676636
0.7473300695419312
0.5514156222343445
0.5675135850906372
0.34910452365875244
0.9266165494918823
0.41222238540649414
0.7364230155944824
0.43633055686950684
0.6597006320953369
0.828973114490509
0.6104179620742798
0.787270724773407
0.6500545144081116
0.7249436378479004
0.7070823311805725
0.5522143840789795
0.8650431036949158
0.811012864112854
0.7071682810783386
0.8124205470085144
0.862899661064148
0.6717810034751892
0.7553790807723999
0.7643555998802185
0.5428363680839539
0.5914826989173889
0.47192108631134033
0.6769754886627197
0.6684750914573669
0.5728389620780945
0.6503759622573853
0.7288261651992798
0.9063865542411804
0.8438608050346375
0.8371027112007141
0.8262211680412292
0.5595477223396301
0.5758857131004333
0.6222299933433533
0.5876637101173401
0.725771963596344
0.7975621819496155
0.6004682183265686
0.46596473455429077
0.5581398606300354
0.4760180711746216
0.8834323287010193
0.8065031170845032
0.6979554295539856
0.660250186920166
0.6116260886192322
0.708220899105072
0.47744041681289673
0.47753649950027466
0.7547337412834167
0.9918112754821777
0.7504670023918152
0.680550217628479
0.637585461139679
0.5177649855613708
0.40210121870040894
0.7287878394126892
0.7799581289291382
0.5962376594543457
0.696682870388031
0.5739896297454834
0.8019984364509583
