0.9547365307807922
0.8690826892852783
0.7970951795578003
0.62241530418396
0.8530029654502869
0.7076165080070496
0.7825848460197449
0.7933885455131531
0.8097658753395081
0.7441062331199646
0.7996488809585571
0.8538172841072083
0.7902093529701233
0.6803164482116699
0.8609047532081604
0.9598717093467712
0.817668080329895
0.7517691850662231
0.7538002729415894
1.0059664249420166
0.7421974539756775
0.7151405811309814
0.6269705891609192
0.8084235787391663
0.8183367848396301
0.6910032033920288
0.8104514479637146
0.9555308818817139
0.6771740317344666
0.767866313457489
0.8048470616340637
0.7710619568824768
0.7268782258033752
0.9474523067474365
0.6773495078086853
0.7980727553367615
0.7388973236083984
0.8329378962516785
0.7304648756980896
0.632370114326477
0.7048201560974121
0.8692525029182434
0.7667810916900635
0.7848387956619263
0.8101916909217834
0.7805006504058838
0.8651697635650635
0.7560752630233765
0.7927059531211853
0.7883266806602478
0.9659122824668884
0.9283774495124817
0.6493624448776245
0.8220283389091492
0.7748727202415466
0.7788416743278503
0.7709705233573914
0.8031951189041138
0.8478086590766907
0.679215133190155
0.6910540461540222
0.7826665043830872
0.7420575022697449
0.7512298226356506
0.7769635319709778
0.7463246583938599
0.7955025434494019
0.7694100141525269
0.7242143154144287
0.750589907169342
0.6629902720451355
0.7219096422195435
0.7730491757392883
0.7402245998382568
0.7430279850959778
0.7722211480140686
0.8054586052894592
0.8254576325416565
0.7248221635818481
0.8204052448272705
0.7920023798942566
0.7006943821907043
0.7962331175804138
0.8759474754333496
0.8239679932594299
0.7763604521751404
0.801346480846405
0.9249387383460999
0.8182712197303772
0.7724523544311523
0.8730547428131104
0.7693856358528137
0.8033525347709656
0.8077644109725952
0.7225462794303894
0.8229480385780334
0.597611129283905
0.7394725680351257
0.7790012955665588
0.6517660021781921
0.8503790497779846
0.7970125079154968
0.6585046648979187
0.9667694568634033
0.9913573861122131
0.8388658165931702
0.6570371389389038
0.7863976359367371
0.7381985187530518
0.833958625793457
0.8107184171676636
0.8366171717643738
0.7862369418144226
0.8126444220542908
0.7591899037361145
0.8888847231864929
0.9436933398246765
0.7728478908538818
0.7226272225379944
0.714054524898529
0.7556083798408508
0.5694423317909241
0.8160516023635864
0.7354031205177307
0.9214015007019043
0.9904301762580872
0.8741346001625061
0.8850173950195312
0.7491471767425537
0.7863024473190308
0.6875467896461487
0.862899661064148
0.8216031789779663
0.6835450530052185
0.8317551612854004
0.7359192371368408
0.823738157749176
0.9020798802375793
0.8282673954963684
0.7983007431030273
0.7463427186012268
0.7572850584983826
0.722693145275116
0.9063865542411804
0.9618715643882751
0.8341807126998901
0.8557347655296326
0.6857778429985046
0.783267617225647
0.7486661076545715
0.7498282790184021
0.8701557517051697
0.7821817994117737
0.579571545124054
0.7922019958496094
0.7845672965049744
0.8093985915184021
0.8953998684883118
0.7581342458724976
0.8332265019416809
0.7339025139808655
0.7671270966529846
0.8434426784515381
0.8065833449363708
0.6849279999732971
0.6994884014129639
0.9593885540962219
0.7738568782806396
0.799366295337677
0.6630824208259583
0.7706809639930725
0.7518542408943176
0.7388080358505249
0.7665339112281799
0.7648757100105286
0.8738330006599426
0.8474189639091492
0.7764648795127869
