0.7006849050521851
0.8391814827919006
0.7740440368652344
0.4816669225692749
0.4251202940940857
0.46622997522354126
0.761104941368103
0.7637598514556885
0.7233259081840515
0.43911999464035034
0.8400419354438782
0.8736884593963623
0.6519793272018433
0.4868288040161133
0.862707793712616
0.9598717093467712
0.7622241973876953
0.7991568446159363
0.5009264349937439
1.0059664249420166
0.8199971318244934
0.49898892641067505
0.33193767070770264
0.8084235787391663
0.5005477666854858
0.42426198720932007
0.7754989862442017
0.9949057698249817
0.7861504554748535
0.448569655418396
0.5625699162483215
0.6705717444419861
0.3281862437725067
0.6392339468002319
0.7526554465293884
0.7837872505187988
0.6231615543365479
0.5005805492401123
0.6327648758888245
0.46992653608322144
0.5815495252609253
0.8564260601997375
0.5070520639419556
0.5016375780105591
0.7868673205375671
0.5917723178863525
0.9505566358566284
0.5180099606513977
0.7985545992851257
0.7500202059745789
0.9659122824668884
0.8541982769966125
0.38542723655700684
0.46108371019363403
0.5006835460662842
0.5579227209091187
0.47938525676727295
0.536214292049408
0.39884597063064575
0.414002001285553
0.43998825550079346
0.6664187908172607
0.7645660042762756
0.46411073207855225
0.6550694704055786
0.715888500213623
0.6093578338623047
0.8181378841400146
0.6668250560760498
0.6951929330825806
0.43688517808914185
0.42272770404815674
0.7038634419441223
0.6625009775161743
0.7625727653503418
0.6936687231063843
0.5212758183479309
0.805760383605957
0.6307234168052673
0.491213321685791
0.4471737742424011
0.6734798550605774
0.6714873313903809
0.8553157448768616
0.7574059367179871
0.5431185364723206
0.776905357837677
0.8550061583518982
0.4273551106452942
0.4050810933113098
0.5757708549499512
0.8266818523406982
0.48784154653549194
0.6840829253196716
0.6683222651481628
0.5942206978797913
0.6258736252784729
0.4595906734466553
0.6002068519592285
0.44866907596588135
0.6073917746543884
0.5428267121315002
0.5936705470085144
0.7097702026367188
0.5726804137229919
0.8388658165931702
0.4608725905418396
0.5821607112884521
0.40974998474121094
0.7684275507926941
0.8023335933685303
0.8005209565162659
0.6746786236763
0.49240368604660034
0.32542556524276733
0.8736149668693542
0.5414461493492126
0.7063373327255249
0.4471866488456726
0.7223307490348816
0.781669557094574
0.7174054980278015
0.7345196604728699
0.7918429970741272
0.9214015007019043
0.4451821446418762
0.4988170862197876
0.8850173950195312
0.8065739870071411
0.6476434469223022
0.8033323287963867
0.862899661064148
0.7691428065299988
0.7214325070381165
0.8302454352378845
0.47133809328079224
0.5327075719833374
0.3839752674102783
0.7054420113563538
0.58416748046875
0.6766452789306641
0.4563239812850952
0.7030224204063416
0.8601387739181519
0.9251883029937744
0.815295398235321
0.8701080083847046
0.5833158493041992
0.5152505040168762
0.8066278100013733
0.39824819564819336
0.6839349269866943
0.8022136092185974
0.6165888905525208
0.4461044669151306
0.6126798391342163
0.4826985001564026
0.878021776676178
0.8104274868965149
0.46727311611175537
0.6859908699989319
0.7246025204658508
0.34649524092674255
0.4949045777320862
0.5001361966133118
0.7861097455024719
0.9593885540962219
0.7897228002548218
0.8020653128623962
0.7926214337348938
0.3817550539970398
0.4175495505332947
0.7314686179161072
0.7738365530967712
0.6919595003128052
0.5493375062942505
0.45749539136886597
0.7411291599273682
