0.962276041507721
0.8391814827919006
0.8189578652381897
0.6425926685333252
0.9012640118598938
0.677671492099762
0.7892085909843445
0.7207071185112
0.844001829624176
0.6615332365036011
0.788801908493042
0.7635529041290283
0.7839754223823547
0.7055420279502869
0.8427649736404419
0.9598717093467712
0.8290055394172668
0.7674725651741028
0.7105223536491394
0.8800613880157471
0.7951835989952087
0.7082740664482117
0.7474331855773926
0.7771087288856506
0.7852665781974792
0.7315287590026855
0.7847632169723511
0.9555308818817139
0.7330717444419861
0.7323824167251587
0.7992464303970337
0.7782785296440125
0.7525317668914795
0.9474523067474365
0.7321177124977112
0.7760834693908691
0.7733627557754517
0.8257343769073486
0.7146164774894714
0.701223611831665
0.7217873930931091
0.8333826065063477
0.7486642003059387
0.8685534596443176
0.8135510087013245
0.7805006504058838
0.9505566358566284
0.7375814318656921
0.7568969130516052
0.7851018309593201
0.9659122824668884
0.9283774495124817
0.7297940254211426
0.8579246401786804
0.8069068789482117
0.755452573299408
0.6998172998428345
0.7923446893692017
0.8011282682418823
0.7944832444190979
0.7108283638954163
0.7714160084724426
0.7674283385276794
0.723835289478302
0.8125699162483215
0.8135493397712708
0.7456519603729248
0.821532130241394
0.6649482846260071
0.7094445824623108
0.7560678124427795
0.7509225010871887
0.7845550775527954
0.809272050857544
0.746151864528656
0.7985712885856628
0.823148787021637
0.8254576325416565
0.7618674039840698
0.7845825552940369
0.7990896701812744
0.708740234375
0.8267296552658081
0.8770857453346252
0.8631245493888855
0.7434963583946228
0.8911871910095215
0.9249387383460999
0.8444831371307373
0.8172942399978638
0.7943286299705505
0.8313304781913757
0.7793035507202148
0.7254570126533508
0.9598819613456726
0.7697896957397461
0.7505263686180115
0.7184519171714783
0.7373290657997131
0.6954809427261353
0.8376265168190002
0.8087127208709717
0.7017326354980469
0.9300075769424438
0.9913573861122131
0.8388658165931702
0.7352815270423889
0.7966073155403137
0.8096906542778015
0.8041000962257385
0.8107184171676636
0.8366171717643738
0.75034499168396
0.9063487648963928
0.7591899037361145
0.8888847231864929
0.9436933398246765
0.8528899550437927
0.6979183554649353
0.714054524898529
0.7735589742660522
0.7565571069717407
0.7157763838768005
0.7583394050598145
0.9214015007019043
0.9904301762580872
0.9681800007820129
0.8850173950195312
0.821419358253479
0.8108295798301697
0.8224931359291077
0.862899661064148
0.8053196668624878
0.775357723236084
0.8290377855300903
0.7607423663139343
0.7918696999549866
0.9020798802375793
0.84449303150177
0.80781489610672
0.6272688508033752
0.7576257586479187
0.7175947427749634
0.9063865542411804
0.9618715643882751
0.8074342608451843
0.9338279366493225
0.6788225173950195
0.7578341364860535
0.7669938206672668
0.819123387336731
0.8164269924163818
0.7863758206367493
0.6066108345985413
0.8349063992500305
0.8461869359016418
0.6932641267776489
0.9177214503288269
0.8133856654167175
0.8332265019416809
0.7604437470436096
0.7671270966529846
0.7972288131713867
0.8180521130561829
0.684271514415741
0.5947360992431641
0.9593885540962219
0.8100535869598389
0.7746608853340149
0.7580482959747314
0.6109339594841003
0.6760305166244507
0.7538776993751526
0.7835561633110046
0.7628461718559265
0.9134233593940735
0.8664544224739075
0.761732280254364
