0.8434446454048157
0.86870276927948
0.7330604195594788
0.6569490432739258
0.8381265997886658
0.6558054089546204
0.7680486440658569
0.6565549373626709
0.6480414271354675
0.6338220238685608
0.7166235446929932
0.7438903450965881
0.7675812840461731
0.6977571249008179
0.708380937576294
0.9598717093467712
0.7566713690757751
0.6431107521057129
0.6486504673957825
0.8383206725120544
0.7771739363670349
0.6899615526199341
0.6843653917312622
0.761711061000824
0.8148044943809509
0.7275197505950928
0.7557522654533386
0.9072697758674622
0.7008625268936157
0.6679724454879761
0.8176586031913757
0.7562730312347412
0.7688954472541809
0.9474523067474365
0.7315683364868164
0.7693761587142944
0.7441312670707703
0.805596113204956
0.6882017254829407
0.7018423676490784
0.723569929599762
0.7336502075195312
0.7051718235015869
0.8585929870605469
0.7875593304634094
0.7617365121841431
0.8873358368873596
0.7423790097236633
0.7124476432800293
0.731202244758606
0.8827494382858276
0.8387455940246582
0.6268242001533508
0.8399192690849304
0.7233285307884216
0.5807009339332581
0.7367655038833618
0.7276319861412048
0.8390726447105408
0.7272486686706543
0.6558458209037781
0.7431108951568604
0.7033999562263489
0.6317347884178162
0.784997284412384
0.7196547389030457
0.7557076215744019
0.77027827501297
0.6753798723220825
0.6674507856369019
0.6469733119010925
0.7444742321968079
0.6829532384872437
0.6604169607162476
0.700380265712738
0.7942320108413696
0.8102204203605652
0.8271638751029968
0.6553530097007751
0.7710487246513367
0.725740373134613
0.7067644596099854
0.7706810235977173
0.890369176864624
0.6556102633476257
0.7082720398902893
0.7708538174629211
0.8034809827804565
0.6976933479309082
0.8084781765937805
0.8055264353752136
0.7659589648246765
0.8029451966285706
0.7415237426757812
0.6741292476654053
0.7705254554748535
0.7407189011573792
0.764633297920227
0.7663724422454834
0.7003107070922852
0.735566258430481
0.5936664342880249
0.6561115384101868
0.9667694568634033
0.9913573861122131
0.8772385120391846
0.6633221507072449
0.7910664081573486
0.6970925331115723
0.6939831376075745
0.7654415965080261
0.8277462720870972
0.6055634617805481
0.7505701184272766
0.739542543888092
0.768562912940979
0.8856584429740906
0.7255335450172424
0.655620276927948
0.6391797065734863
0.7418783903121948
0.6818946599960327
0.722080409526825
0.6807817220687866
0.8042718172073364
0.9904301762580872
0.7961331605911255
0.8772836923599243
0.7723872065544128
0.7788094282150269
0.7395285964012146
0.7818237543106079
0.6377772688865662
0.7010159492492676
0.7151828408241272
0.7033352255821228
0.7406330704689026
0.9475209712982178
0.7723903059959412
0.7979501485824585
0.7454293966293335
0.7933822870254517
0.7322575449943542
0.773993730545044
0.674791157245636
0.7567481398582458
0.7670431733131409
0.6946408748626709
0.764700710773468
0.6893315315246582
0.7141311764717102
0.7516745924949646
0.7320247292518616
0.585090696811676
0.7524802088737488
0.8053528666496277
0.7288133502006531
0.8298469185829163
0.758076548576355
0.8008137345314026
0.7511828541755676
0.7954285740852356
0.8056086897850037
0.8294890522956848
0.6263297200202942
0.7348812818527222
0.9088882207870483
0.7700223326683044
0.7664877772331238
0.7224481105804443
0.7385866045951843
0.7220353484153748
0.757211446762085
0.6613951325416565
0.763273298740387
0.8627038598060608
0.7248256802558899
0.7061069011688232
