0.962276041507721
0.7857668995857239
0.8003493547439575
0.7262150049209595
0.8381265997886658
0.6612686514854431
0.7825848460197449
0.7460355162620544
0.6732847690582275
0.6894955039024353
0.7415100336074829
0.8220750093460083
0.7833606004714966
0.6975004076957703
0.867542564868927
0.9039895534515381
0.8250297904014587
0.7634056210517883
0.7059193253517151
1.0059664249420166
0.44613176584243774
0.6910960674285889
0.48440319299697876
0.8084235787391663
0.7588534355163574
0.7183424830436707
0.7910399436950684
0.9555308818817139
0.36658117175102234
0.7598768472671509
0.8153507113456726
0.7421110272407532
0.7284918427467346
0.9534414410591125
0.7615122199058533
0.7560420632362366
0.7733627557754517
0.7792017459869385
0.6065711975097656
0.4974086284637451
0.6856178641319275
0.8564260601997375
0.740112841129303
0.7103436589241028
0.7949365973472595
0.8399055600166321
0.8961350321769714
0.70287024974823
0.8267695903778076
0.7902567386627197
0.8349552154541016
0.9283774495124817
0.7720645666122437
0.8220283389091492
0.7812700867652893
0.8424509167671204
0.7666288614273071
0.7733602523803711
0.863585352897644
0.7461777925491333
0.6319409608840942
0.7648736834526062
0.6947852969169617
0.7208048701286316
0.7989174127578735
0.7264346480369568
0.7820718288421631
0.5547478199005127
0.8317697644233704
0.7334545850753784
0.6843131184577942
0.7586831450462341
0.6698391437530518
0.7729623913764954
0.7802953124046326
0.7705886960029602
0.7849600911140442
0.8254576325416565
0.7667783498764038
0.8204052448272705
0.7638328671455383
0.6487151384353638
0.860129714012146
0.8449245095252991
0.7723538875579834
0.7646570801734924
0.776905357837677
0.9249387383460999
0.8233324289321899
0.7651374340057373
0.8730547428131104
0.7764777541160583
0.8018552660942078
0.7496098279953003
0.9598819613456726
0.8026265501976013
0.2949187457561493
0.70639568567276
0.7543234825134277
0.46916282176971436
0.8495000004768372
0.780705451965332
0.6151325106620789
0.9252023100852966
0.9913573861122131
0.8388658165931702
0.6554486751556396
0.7966073155403137
0.7816973328590393
0.8086662292480469
0.7967836260795593
0.8366171717643738
0.7182729840278625
0.8164625763893127
0.7591899037361145
0.887790858745575
0.9436933398246765
0.785751461982727
0.6998072862625122
0.7036654353141785
0.7416415810585022
0.4135558605194092
0.7250483632087708
0.7802519798278809
0.9214015007019043
0.9904301762580872
0.9023424983024597
0.8649265170097351
0.5520285964012146
0.7384116649627686
0.5913137793540955
0.8341754078865051
0.7863768339157104
0.5333722829818726
0.8325550556182861
0.6499522924423218
0.7444548010826111
0.9020798802375793
0.8282673954963684
0.8269993662834167
0.6867337226867676
0.7001377940177917
0.720460832118988
0.9063865542411804
0.8948051333427429
0.82777339220047
0.8091554045677185
0.4717707633972168
0.783267617225647
0.6791404485702515
0.8585980534553528
0.8032214045524597
0.4817710518836975
0.3086521029472351
0.8349063992500305
0.8204813599586487
0.6892347931861877
0.9177214503288269
0.5521348714828491
0.8332265019416809
0.7698467373847961
0.7244958877563477
0.7972288131713867
0.7861199378967285
0.6670573353767395
0.798795223236084
0.9325732588768005
0.7928290963172913
0.8012323975563049
0.41419416666030884
0.7351205348968506
0.638655960559845
0.5859389901161194
0.7705026268959045
0.7899998426437378
0.8738330006599426
0.7296150922775269
0.761732280254364
