0.8667730689048767
0.8296880125999451
0.6952236890792847
0.606799840927124
0.8521420955657959
0.47402364015579224
0.5681434273719788
0.739711344242096
0.5188266038894653
0.4533655047416687
0.7858144640922546
0.7831189632415771
0.5720652937889099
0.5665591955184937
0.83151775598526
0.9598717093467712
0.6732483506202698
0.7054974436759949
0.47663819789886475
0.8800613880157471
0.7922949194908142
0.592612087726593
0.401350200176239
0.8098053336143494
0.8360245227813721
0.4480881690979004
0.6480557322502136
0.9555308818817139
0.5216742753982544
0.5711268782615662
0.7605228424072266
0.6809051632881165
0.5278437733650208
0.9474523067474365
0.6908349394798279
0.6763107180595398
0.6088128089904785
0.5113322734832764
0.5518372058868408
0.4065364599227905
0.4715450406074524
0.6790834665298462
0.4159078598022461
0.610848605632782
0.6745119094848633
0.7753329873085022
0.7992667555809021
0.6630820631980896
0.7568969130516052
0.7590253353118896
0.9659122824668884
0.9283774495124817
0.6686554551124573
0.8741089105606079
0.6096203327178955
0.4450433850288391
0.5055547952651978
0.5954951047897339
0.7744717001914978
0.6040024161338806
0.5766330361366272
0.6475021839141846
0.6787592172622681
0.5890909433364868
0.6904571056365967
0.7576872110366821
0.6311227679252625
0.7536038756370544
0.5833530426025391
0.47293198108673096
0.5641748905181885
0.6316334009170532
0.5639128684997559
0.4246291518211365
0.5461949706077576
0.7416084408760071
0.803972065448761
0.5805885791778564
0.5169338583946228
0.5022115707397461
0.5500438809394836
0.5905853509902954
0.6784272789955139
0.8770857453346252
0.6533645391464233
0.6043238639831543
0.7669523358345032
0.8431383371353149
0.7751771211624146
0.687414288520813
0.7830726504325867
0.7417377233505249
0.6775420308113098
0.6179601550102234
0.7765759825706482
0.7277327179908752
0.5720873475074768
0.45795637369155884
0.6365004777908325
0.5590639114379883
0.8655086159706116
0.3778725266456604
0.6612854599952698
0.7973884344100952
0.8705962896347046
0.8214990496635437
0.6687019467353821
0.7232387065887451
0.6043044924736023
0.614883542060852
0.7954674363136292
0.8366171717643738
0.6250232458114624
0.5227457284927368
0.5898454785346985
0.8984423875808716
0.5305744409561157
0.8090170621871948
0.477680504322052
0.46541857719421387
0.7338940501213074
0.5393438935279846
0.714169979095459
0.5238652229309082
0.6692860126495361
0.9103960990905762
0.9681800007820129
0.8850173950195312
0.7825672626495361
0.7210695743560791
0.8153541684150696
0.862899661064148
0.6441426277160645
0.7295535206794739
0.7925575971603394
0.4723489284515381
0.7020774483680725
0.5812334418296814
0.64399254322052
0.6047773957252502
0.4609676003456116
0.7518261671066284
0.6872438788414001
0.8709758520126343
0.7994620203971863
0.7806085348129272
0.7764593362808228
0.5076270699501038
0.5729014277458191
0.5853352546691895
0.5912494659423828
0.6137676239013672
0.8098644614219666
0.5620657801628113
0.5499510169029236
0.6206730008125305
0.5312942266464233
0.8096216320991516
0.7711274027824402
0.6060790419578552
0.6752492189407349
0.5157331228256226
0.6997557282447815
0.5307282209396362
0.5583158135414124
0.7309021353721619
0.9593885540962219
0.7317290306091309
0.7365244626998901
0.46585947275161743
0.47833341360092163
0.5106049180030823
0.7886015772819519
0.7523002624511719
0.6186994910240173
0.7626321911811829
0.5257291197776794
0.7523593306541443
