-4.578201770782471
-2.0902788639068604
-7.091436862945557
-4.447901248931885
-2.943084716796875
-4.206823825836182
-5.125436305999756
-3.3682701587677
-3.345038652420044
-3.099369525909424
-4.308804512023926
-3.454317331314087
-3.727349042892456
-3.463947057723999
-5.503265380859375
-5.294952392578125
-3.9534668922424316
-6.920973777770996
-3.192779541015625
-4.418088912963867
-2.300205707550049
-4.577526092529297
-2.6625802516937256
-4.027953147888184
-5.768878936767578
-3.0954153537750244
-6.122949600219727
-4.3307695388793945
-1.4906949996948242
-3.569899320602417
-3.927826166152954
-5.957874774932861
-5.335801601409912
-3.631509304046631
-2.977375030517578
-4.930008888244629
-5.608236312866211
-4.07828426361084
-3.017521858215332
-4.403653144836426
-3.0915682315826416
-6.300423622131348
-4.0864715576171875
-3.2379150390625
-2.8522872924804688
-3.804859161376953
-2.4896154403686523
-4.455887794494629
-4.701474189758301
-3.508543014526367
-4.293112277984619
-3.0791499614715576
-5.725601673126221
-5.015492916107178
-3.3843276500701904
-5.478491306304932
-5.276350975036621
-3.2256410121917725
-3.788755416870117
-4.01267147064209
-3.3257904052734375
-3.883641242980957
-3.778369426727295
-4.249497890472412
-4.3593573570251465
-4.050652503967285
-4.796114444732666
-3.2202553749084473
-4.672375202178955
-4.584140300750732
-3.572592258453369
-3.9524080753326416
-4.014476299285889
-3.2004642486572266
-5.5913591384887695
-4.700636386871338
-3.9434542655944824
-5.409017562866211
-3.8706417083740234
-3.5893301963806152
-3.1983728408813477
-4.054436206817627
-4.3186469078063965
-5.22207498550415
-4.363530158996582
-3.381422519683838
-5.299028396606445
-4.010924816131592
-4.560534954071045
-3.3516786098480225
-3.3245720863342285
-5.141568660736084
-3.185940980911255
-3.6559290885925293
-4.99602746963501
-4.1045823097229
-2.220101833343506
-3.2029125690460205
-3.9839956760406494
-2.943889617919922
-4.717022895812988
-5.335352897644043
-2.9722111225128174
-3.564150333404541
-4.195803165435791
-4.942032337188721
-4.503841876983643
-2.9342312812805176
-4.397093296051025
-3.5850329399108887
-3.8046329021453857
-3.4746367931365967
-4.413675785064697
-4.760161399841309
-4.729519367218018
-4.958124160766602
-4.705813884735107
-5.3771796226501465
-4.4953508377075195
-4.352871417999268
-3.0758297443389893
-2.3707456588745117
-4.804325580596924
-4.912161350250244
-3.907905340194702
-5.310956001281738
-2.575230121612549
-4.407778739929199
-2.980285882949829
-3.657503843307495
-3.720278024673462
-5.094003677368164
-3.546525239944458
-3.4331107139587402
-5.367567539215088
-2.585099458694458
-3.5565240383148193
-6.381777763366699
-3.379554033279419
-4.03743839263916
-3.7430026531219482
-4.612336158752441
-5.403595924377441
-4.709912300109863
-4.826087474822998
-4.44647216796875
-3.2590579986572266
-3.754695177078247
-3.994683265686035
-2.9564590454101562
-2.7670633792877197
-3.7960269451141357
-2.3990986347198486
-2.090747356414795
-1.9137277603149414
-3.369475841522217
-3.994994640350342
-3.8265743255615234
-3.2089641094207764
-4.269023418426514
-4.9556965827941895
-4.234316349029541
-4.895233154296875
-3.232680559158325
-2.980973958969116
-4.579830169677734
-5.252150535583496
-3.7901172637939453
-4.2717790603637695
-1.692800521850586
-4.68325138092041
-3.20943021774292
-1.626131534576416
-6.391131401062012
-3.793241262435913
-3.3804643154144287
-4.331014633178711
-4.133438587188721
