-5.466362476348877
-2.099170446395874
-6.685303211212158
-5.292428016662598
-4.422109603881836
-5.030673027038574
-6.3145904541015625
-3.352069854736328
-3.6800544261932373
-3.184417963027954
-4.4841203689575195
-3.3871543407440186
-3.846627950668335
-3.7505288124084473
-5.579204082489014
-5.294952392578125
-4.20561408996582
-6.950148582458496
-3.3599393367767334
-4.385970592498779
-2.1665890216827393
-4.667222023010254
-2.643094539642334
-4.168664932250977
-5.458117961883545
-2.9447317123413086
-5.972156047821045
-4.65230131149292
-1.4959875345230103
-4.091034412384033
-3.6003024578094482
-6.487914085388184
-7.575139045715332
-3.414423704147339
-2.8162407875061035
-4.4647746086120605
-4.410948276519775
-3.8574185371398926
-2.643984079360962
-4.117341995239258
-5.0166015625
-5.652265548706055
-3.9692599773406982
-3.168168544769287
-2.9437718391418457
-4.120114803314209
-2.15944766998291
-4.368132591247559
-5.055474758148193
-3.4279696941375732
-4.293111801147461
-2.641016721725464
-6.435149192810059
-5.033060073852539
-3.2428035736083984
-5.8796162605285645
-4.822380542755127
-2.95552921295166
-3.220829486846924
-5.666579723358154
-3.640787124633789
-3.6154844760894775
-3.37451171875
-4.466781139373779
-4.921801567077637
-3.531308889389038
-6.340492248535156
-3.0542566776275635
-4.843745231628418
-5.128509998321533
-5.092798233032227
-3.4222395420074463
-3.518967390060425
-3.478538990020752
-5.116643905639648
-4.435729503631592
-3.9309170246124268
-6.363249778747559
-3.9061179161071777
-3.1549434661865234
-3.0046327114105225
-3.8629534244537354
-4.556994438171387
-5.327644348144531
-4.478282928466797
-3.8085105419158936
-5.372162818908691
-3.99345326423645
-4.275619983673096
-3.291377544403076
-4.048799514770508
-5.068506240844727
-4.335211753845215
-4.208306789398193
-4.634641170501709
-4.078326225280762
-2.152472496032715
-2.5725390911102295
-5.174881458282471
-2.7347412109375
-5.223820686340332
-5.248332977294922
-2.938143730163574
-3.3665931224823
-3.3471312522888184
-5.288634300231934
-5.45589542388916
-3.4709174633026123
-3.8046329021453857
-3.5224342346191406
-3.923417806625366
-3.456109046936035
-4.150385856628418
-4.700080871582031
-4.946950912475586
-4.890030384063721
-4.466502666473389
-5.462152004241943
-3.4143388271331787
-4.537304401397705
-2.9231560230255127
-2.3285088539123535
-5.637238502502441
-5.002901554107666
-4.125720500946045
-5.442455291748047
-2.575230121612549
-4.357378959655762
-2.712217330932617
-3.5985498428344727
-3.8182618618011475
-4.840699672698975
-4.124189376831055
-2.76796817779541
-5.416898250579834
-3.0176336765289307
-3.3097915649414062
-6.381777763366699
-3.4721314907073975
-4.359206199645996
-3.3949527740478516
-4.541158199310303
-4.940582275390625
-4.788139820098877
-4.7189459800720215
-5.111476421356201
-3.759997844696045
-2.7574682235717773
-3.2997653484344482
-3.1776130199432373
-3.064066171646118
-3.4286367893218994
-2.3392739295959473
-1.9495553970336914
-1.9283233880996704
-5.025880336761475
-5.7935309410095215
-3.8957536220550537
-2.922597646713257
-4.402558326721191
-4.417392730712891
-4.343234062194824
-4.619527816772461
-3.463829755783081
-2.8719286918640137
-5.699559211730957
-4.904900074005127
-3.492415189743042
-4.6678266525268555
-1.7145830392837524
-4.739613056182861
-3.6447439193725586
-1.6548537015914917
-6.2521586418151855
-3.159134864807129
-3.1052350997924805
-4.537638187408447
-4.298173904418945
