-5.466362476348877
-2.099170446395874
-6.664370536804199
-5.014378070831299
-4.422109603881836
-4.701171875
-6.3145904541015625
-3.342510938644409
-3.6994011402130127
-3.133969783782959
-4.358729362487793
-3.2401533126831055
-3.7125203609466553
-3.7212042808532715
-5.370127201080322
-5.294952392578125
-3.9791362285614014
-6.718823432922363
-3.3599395751953125
-4.3859710693359375
-2.1453094482421875
-4.667222023010254
-2.141289472579956
-4.5789947509765625
-5.458117961883545
-2.9447317123413086
-5.695708274841309
-4.5865349769592285
-1.5298947095870972
-4.114877700805664
-3.6003024578094482
-6.4218926429748535
-7.575139999389648
-3.4144232273101807
-2.8162405490875244
-4.126593589782715
-4.410948276519775
-4.969080448150635
-2.5305778980255127
-4.078575134277344
-5.0166015625
-5.652265548706055
-3.8948442935943604
-3.168168544769287
-2.826655626296997
-4.2039947509765625
-2.15944766998291
-4.368132591247559
-4.677698612213135
-6.373862266540527
-4.293112277984619
-2.641016721725464
-6.435149192810059
-5.033060073852539
-3.168440818786621
-5.8796162605285645
-4.155896186828613
-2.966787576675415
-3.220829486846924
-5.3309102058410645
-3.6187362670898438
-3.382913589477539
-3.3712446689605713
-4.262224197387695
-4.921801567077637
-3.6622157096862793
-6.340492248535156
-3.0239899158477783
-4.843745231628418
-4.753746509552002
-5.1253533363342285
-3.381094217300415
-3.55690860748291
-3.478538990020752
-5.116957187652588
-4.435729503631592
-3.87168025970459
-6.363251686096191
-3.6965043544769287
-3.1549437046051025
-3.2047502994537354
-3.816226005554199
-4.556994438171387
-5.327644348144531
-4.509997367858887
-3.666478395462036
-5.372162818908691
-3.99345326423645
-4.238657474517822
-3.298090696334839
-4.101731777191162
-4.8792405128479
-4.335211753845215
-4.09086799621582
-4.686408042907715
-4.028668403625488
-2.0477020740509033
-2.4915049076080322
-5.0726728439331055
-2.32684588432312
-5.223819255828857
-5.2483320236206055
-2.7068612575531006
-3.4766499996185303
-3.3471312522888184
-5.025994300842285
-5.45589542388916
-3.4709174633026123
-3.3761730194091797
-3.522434711456299
-3.9402782917022705
-3.456108570098877
-4.073328495025635
-4.769095420837402
-5.3099470138549805
-4.890030384063721
-4.466502666473389
-5.462152004241943
-3.4080426692962646
-4.537304401397705
-2.9233834743499756
-2.358694553375244
-5.137327194213867
-4.626382827758789
-4.125720500946045
-5.442455291748047
-2.575230121612549
-4.189234256744385
-2.7810089588165283
-3.3754334449768066
-3.482480049133301
-4.738633155822754
-3.9478323459625244
-2.809676170349121
-5.086468696594238
-3.0176336765289307
-2.954542398452759
-6.172545433044434
-3.5619184970855713
-4.359206199645996
-3.3949527740478516
-3.942525863647461
-4.9119462966918945
-4.788139820098877
-4.765000343322754
-4.792735576629639
-3.579350709915161
-2.777937412261963
-4.023425102233887
-3.1747491359710693
-4.063938617706299
-3.4286367893218994
-2.415592670440674
-1.9609975814819336
-1.9283238649368286
-5.025879859924316
-5.4835710525512695
-3.7039613723754883
-2.9297091960906982
-4.402558326721191
-4.460233688354492
-4.343234062194824
-4.619527816772461
-3.463829755783081
-2.690718412399292
-5.3470635414123535
-5.357541561126709
-3.492415428161621
-4.66782808303833
-1.6245704889297485
-4.510319232940674
-3.4183926582336426
-1.7238539457321167
-6.086740970611572
-3.1591341495513916
-4.152427673339844
-4.537638187408447
-4.335728645324707
