-4.462434768676758
-2.1455442905426025
-6.61796760559082
-5.410609722137451
-3.9440367221832275
-3.860992431640625
-5.290841579437256
-3.551241397857666
-3.0481815338134766
-3.216360330581665
-4.295179843902588
-3.425405263900757
-3.8132288455963135
-3.887859344482422
-5.449355602264404
-5.294952392578125
-4.368666648864746
-6.649217128753662
-3.2906079292297363
-4.293855667114258
-2.609060764312744
-4.111736297607422
-2.7856762409210205
-4.111733436584473
-4.8765411376953125
-3.0954153537750244
-5.919526100158691
-4.241058349609375
-1.6265983581542969
-3.2259325981140137
-3.927826404571533
-6.102962493896484
-3.256284236907959
-3.6315088272094727
-2.5580458641052246
-3.8926913738250732
-4.999074935913086
-4.033385753631592
-2.910919189453125
-4.422674179077148
-3.14385986328125
-6.300423622131348
-3.894418954849243
-3.2759342193603516
-2.663506269454956
-3.456216335296631
-2.15944766998291
-3.1544086933135986
-4.7079596519470215
-3.646552562713623
-4.293112277984619
-3.0986039638519287
-4.306769847869873
-5.025153160095215
-3.2434799671173096
-5.441359996795654
-5.125094413757324
-3.2437009811401367
-3.578214645385742
-4.01267147064209
-3.6669564247131348
-3.767087697982788
-4.064400672912598
-4.614976406097412
-4.156590461730957
-4.268482208251953
-5.064670562744141
-3.271984577178955
-5.2973737716674805
-4.591341495513916
-3.6933443546295166
-4.031635761260986
-3.9385194778442383
-2.8111486434936523
-5.3992838859558105
-4.378173351287842
-3.7667105197906494
-5.409015655517578
-4.21021842956543
-3.6196601390838623
-3.2417895793914795
-4.13414192199707
-3.621147871017456
-5.222074508666992
-4.445939064025879
-3.204272747039795
-5.299028396606445
-3.9202914237976074
-4.400035381317139
-3.408665418624878
-3.3245720863342285
-5.115503787994385
-3.2615966796875
-4.398119926452637
-4.672373294830322
-3.772507905960083
-2.3598198890686035
-3.0649936199188232
-4.261998653411865
-3.261495351791382
-4.659550666809082
-4.950358867645264
-3.045696258544922
-3.6442553997039795
-3.3471314907073975
-4.942032337188721
-5.460367679595947
-2.8242552280426025
-4.336797714233398
-3.2917184829711914
-3.550590753555298
-3.474637269973755
-4.7242279052734375
-4.9601240158081055
-4.383632183074951
-4.827922344207764
-4.4774699211120605
-5.368021488189697
-3.5069682598114014
-4.286689281463623
-3.0675833225250244
-2.4874672889709473
-5.242490291595459
-4.921270370483398
-3.8300225734710693
-5.310956001281738
-2.5685460567474365
-3.9200446605682373
-2.9649367332458496
-3.6078343391418457
-3.33402419090271
-5.094003677368164
-3.262539863586426
-3.059159278869629
-5.449614524841309
-2.741046667098999
-3.3607895374298096
-6.179357528686523
-3.520723342895508
-3.8283588886260986
-3.5316362380981445
-4.317368984222412
-5.296041965484619
-4.620450496673584
-4.826087951660156
-4.2600579261779785
-3.259056329727173
-2.6308181285858154
-3.273442506790161
-2.906498670578003
-2.8392140865325928
-3.6907243728637695
-2.452188730239868
-2.23740816116333
-1.91372811794281
-3.671984910964966
-4.748602867126465
-3.921225070953369
-3.1043665409088135
-4.136905670166016
-4.709100723266602
-3.8640952110290527
-5.059906482696533
-3.286167860031128
-2.9806103706359863
-5.982333660125732
-4.880419731140137
-3.460628032684326
-4.317165374755859
-1.704367756843567
-4.36402702331543
-3.584073543548584
-1.725760579109192
-6.327988147735596
-3.665830612182617
-3.1252546310424805
-4.587040424346924
-3.87888240814209
