-5.0174880027771
-2.1455442905426025
-6.886720657348633
-4.88006591796875
-3.5574984550476074
-4.628912925720215
-6.095613479614258
-3.292759418487549
-3.4661552906036377
-3.027259588241577
-4.368586540222168
-3.4605679512023926
-3.4135870933532715
-3.824977397918701
-5.441644668579102
-5.294952392578125
-4.20225191116333
-7.0488057136535645
-3.6113548278808594
-4.385970592498779
-2.2225937843322754
-5.202965259552002
-3.7034413814544678
-3.9086718559265137
-4.850281238555908
-2.528174877166748
-6.1587300300598145
-4.3307695388793945
-1.5540430545806885
-3.2010552883148193
-3.9278268814086914
-6.066641330718994
-3.4317543506622314
-3.6315088272094727
-3.020803451538086
-4.151222229003906
-5.140246868133545
-3.2799184322357178
-2.897252082824707
-4.424688816070557
-3.6547203063964844
-5.692620754241943
-3.318080186843872
-3.230616569519043
-2.806180477142334
-3.3743784427642822
-2.4896154403686523
-3.43398118019104
-4.707959175109863
-3.585736036300659
-4.293111801147461
-3.115816831588745
-5.041370391845703
-5.025153160095215
-3.262718677520752
-5.395063400268555
-5.4976887702941895
-3.2933568954467773
-3.4103662967681885
-3.162971258163452
-3.3229401111602783
-4.076330184936523
-3.7870023250579834
-4.392516136169434
-3.9256274700164795
-4.4264631271362305
-5.197939395904541
-3.353403091430664
-4.396700859069824
-4.852726459503174
-3.6564478874206543
-3.554431438446045
-3.702928304672241
-2.7632033824920654
-5.385146141052246
-4.254818916320801
-3.7816531658172607
-5.485684394836426
-3.863001585006714
-4.603099822998047
-3.027148485183716
-4.182602882385254
-4.096698760986328
-5.645221710205078
-4.634078502655029
-3.293501377105713
-5.1478142738342285
-3.8493216037750244
-4.571474075317383
-3.431457996368408
-3.585080862045288
-5.156710147857666
-3.65809965133667
-4.397796154022217
-4.695125102996826
-5.312068939208984
-2.2782962322235107
-3.5188817977905273
-4.088844299316406
-4.083012580871582
-5.217881202697754
-4.494114875793457
-3.057708263397217
-3.6442553997039795
-3.3471314907073975
-5.01884651184082
-5.271398067474365
-2.8242552280426025
-4.109688758850098
-3.656893014907837
-3.4505903720855713
-3.474637269973755
-4.347299575805664
-4.710566520690918
-4.383632183074951
-4.827922344207764
-4.4774699211120605
-5.03544282913208
-4.083349227905273
-4.286689281463623
-3.069056272506714
-2.4026906490325928
-5.385566234588623
-4.613712787628174
-3.8300225734710693
-5.310956001281738
-2.575230121612549
-4.407778739929199
-3.0661020278930664
-4.031835079193115
-3.4934134483337402
-5.094003677368164
-3.546525239944458
-3.1950700283050537
-5.404176712036133
-2.863124132156372
-3.4747884273529053
-6.381777763366699
-3.331516981124878
-4.211407661437988
-3.6058897972106934
-4.169844150543213
-4.999715328216553
-5.29632568359375
-4.826087474822998
-4.743877410888672
-3.480299711227417
-2.8667516708374023
-3.5340332984924316
-3.066183090209961
-3.3463876247406006
-3.6907243728637695
-2.420029401779175
-2.136031150817871
-1.91372811794281
-4.687825679779053
-4.409111976623535
-3.8995840549468994
-3.2386474609375
-4.079537391662598
-5.01228141784668
-3.8640952110290527
-4.561103343963623
-3.3411648273468018
-3.2757318019866943
-5.686428546905518
-4.607702255249023
-3.460628032684326
-4.267910957336426
-1.732988715171814
-4.700126647949219
-3.449721574783325
-1.5954452753067017
-6.369927406311035
-3.5579490661621094
-3.3804640769958496
-4.255853652954102
-3.948373317718506
