-5.141571044921875
-1.9766266345977783
-6.830659866333008
-3.919447898864746
-2.6966328620910645
-3.184791326522827
-4.664361000061035
-3.278130531311035
-3.1856698989868164
-2.594106912612915
-4.215884685516357
-3.472090005874634
-3.6463401317596436
-2.8145864009857178
-5.267807960510254
-5.294952392578125
-3.6567635536193848
-6.5397491455078125
-3.340306043624878
-4.385970592498779
-2.4046528339385986
-4.175468921661377
-2.5540030002593994
-3.8802342414855957
-4.727287769317627
-3.165231704711914
-5.000490665435791
-3.7505719661712646
-1.6644957065582275
-3.5430872440338135
-3.5937998294830322
-6.162543773651123
-3.205064058303833
-2.8550832271575928
-3.2834396362304688
-3.9113829135894775
-6.014947414398193
-3.7592296600341797
-2.5513226985931396
-4.405109882354736
-2.8376595973968506
-5.9061279296875
-3.537691354751587
-2.759829044342041
-2.806180238723755
-3.6383888721466064
-2.1594479084014893
-3.738478183746338
-4.296268463134766
-3.604562997817993
-4.293112277984619
-3.135063409805298
-2.530508279800415
-3.9883649349212646
-2.719634771347046
-6.08604621887207
-4.862692356109619
-3.2010209560394287
-2.8144991397857666
-4.052774429321289
-3.6252830028533936
-3.2043263912200928
-3.6092796325683594
-3.7447690963745117
-2.7648398876190186
-3.8749475479125977
-3.6948297023773193
-3.489705801010132
-4.315972805023193
-4.656288146972656
-3.2089548110961914
-2.9821581840515137
-3.786916732788086
-2.455446243286133
-5.617999076843262
-3.7601523399353027
-3.2449405193328857
-6.038468837738037
-4.168975353240967
-3.941162109375
-2.700908899307251
-4.418389320373535
-2.3226113319396973
-5.307512283325195
-4.339954376220703
-3.429389238357544
-5.154590129852295
-3.196981906890869
-4.819569110870361
-2.9900147914886475
-3.650554656982422
-4.334405899047852
-2.59743595123291
-3.6792564392089844
-4.5518317222595215
-3.870220184326172
-2.287564992904663
-3.0974674224853516
-3.8218555450439453
-2.7579760551452637
-3.8319602012634277
-5.225443363189697
-2.8046274185180664
-3.032061815261841
-4.195803165435791
-4.980530738830566
-4.0287089347839355
-2.932243585586548
-3.666142702102661
-3.4507689476013184
-3.8591270446777344
-3.474637269973755
-4.868732452392578
-4.710566520690918
-4.383632183074951
-4.240467548370361
-4.841703414916992
-4.654906272888184
-3.663408041000366
-4.352871417999268
-2.9413254261016846
-2.4512462615966797
-4.996037483215332
-4.650870323181152
-3.8846700191497803
-5.310956001281738
-2.575230121612549
-4.4744954109191895
-3.318343162536621
-3.3730273246765137
-3.301815986633301
-4.492302417755127
-3.436920642852783
-3.5482261180877686
-5.192261695861816
-3.0552868843078613
-3.381930351257324
-6.381777763366699
-3.713500738143921
-3.3343212604522705
-4.279561996459961
-4.520152568817139
-5.006558418273926
-4.529837131500244
-4.725802898406982
-3.8385183811187744
-2.607217788696289
-2.6827664375305176
-3.638962984085083
-2.8360414505004883
-3.4731099605560303
-3.0646584033966064
-2.4308512210845947
-2.149881362915039
-2.09246563911438
-2.6169424057006836
-3.1072471141815186
-4.130161285400391
-3.198484420776367
-3.565683126449585
-4.550185680389404
-3.960106372833252
-4.455704689025879
-3.3603274822235107
-2.6778597831726074
-9.54069709777832
-4.880419731140137
-4.211543083190918
-4.6512908935546875
-1.7459288835525513
-4.025067329406738
-3.1324126720428467
-1.6735979318618774
-5.854589462280273
-3.038639783859253
-3.012742042541504
-4.331196308135986
-3.9396941661834717
