-4.486056327819824
-2.103137254714966
-6.524725914001465
-3.6683127880096436
-2.4187002182006836
-2.7893245220184326
-4.229710578918457
-3.3442771434783936
-2.563854217529297
-2.5739691257476807
-4.14415168762207
-3.0612525939941406
-3.511636257171631
-2.819133996963501
-5.170149803161621
-5.246335506439209
-3.651524782180786
-6.646974086761475
-2.9552371501922607
-4.203912258148193
-2.163032054901123
-3.647559404373169
-2.484616994857788
-4.225663661956787
-4.60354471206665
-3.1873764991760254
-6.111471176147461
-4.3307695388793945
-1.4545091390609741
-3.4105136394500732
-3.7292604446411133
-5.386906147003174
-3.1976523399353027
-2.8550832271575928
-2.8853554725646973
-4.14951753616333
-4.553106307983398
-3.325314521789551
-2.555469036102295
-4.214978218078613
-2.8819518089294434
-6.0739665031433105
-3.6800692081451416
-3.151115655899048
-2.7761435508728027
-3.5625288486480713
-2.2489728927612305
-3.0683774948120117
-4.938836097717285
-4.170546531677246
-4.293111801147461
-2.9621129035949707
-2.991677761077881
-5.414758682250977
-2.951547384262085
-6.42519998550415
-5.044217586517334
-2.7882630825042725
-3.815889358520508
-3.083756446838379
-3.153454542160034
-3.022160530090332
-3.812703847885132
-3.758094072341919
-2.292659044265747
-3.95591402053833
-3.5669376850128174
-2.972994804382324
-4.843470096588135
-4.790276050567627
-2.825432300567627
-3.259147882461548
-3.806056261062622
-2.2926015853881836
-5.7421464920043945
-3.734689474105835
-3.6779849529266357
-5.315473556518555
-3.5772409439086914
-3.3204123973846436
-3.262856960296631
-4.025540351867676
-2.344827651977539
-5.506801605224609
-4.289955139160156
-3.071962594985962
-4.530037879943848
-3.1492104530334473
-4.507120132446289
-3.0154502391815186
-3.650554656982422
-4.366191864013672
-2.84529447555542
-4.2698073387146
-4.412694931030273
-3.9830050468444824
-2.110767364501953
-3.253634452819824
-3.720942974090576
-2.676661491394043
-3.680859088897705
-5.488786220550537
-2.806008815765381
-3.5742294788360596
-3.3471314907073975
-5.056941509246826
-2.9133002758026123
-2.989238977432251
-3.5780704021453857
-3.274061918258667
-3.1835896968841553
-3.4277589321136475
-4.1548566818237305
-4.940945625305176
-4.729519367218018
-4.590935707092285
-4.466502666473389
-3.83245587348938
-3.2668049335479736
-4.215078830718994
-3.049891948699951
-2.310333728790283
-5.252853870391846
-5.193615913391113
-3.320882558822632
-5.310956001281738
-2.486450672149658
-3.8977959156036377
-2.638352394104004
-3.4691951274871826
-3.6023764610290527
-4.9785590171813965
-2.9886209964752197
-2.8381593227386475
-4.863925933837891
-2.785435676574707
-3.072072982788086
-6.179356098175049
-3.217712879180908
-3.2496490478515625
-3.4234867095947266
-4.0845417976379395
-5.496632099151611
-4.484810829162598
-4.603296756744385
-4.980258941650391
-2.886298656463623
-2.7280728816986084
-3.6727373600006104
-2.755739212036133
-3.0112359523773193
-2.7256462574005127
-2.2140614986419678
-2.0251801013946533
-1.9137288331985474
-2.475863456726074
-2.770043134689331
-4.117779731750488
-2.8857908248901367
-4.269024848937988
-4.355921268463135
-3.90459942817688
-4.630216598510742
-3.3132247924804688
-2.5472893714904785
-6.901196479797363
-4.607702255249023
-3.6835243701934814
-4.489146709442139
-1.5611572265625
-4.2936110496521
-2.7759461402893066
-1.5848122835159302
-6.328927040100098
-3.534345865249634
-2.9919421672821045
-4.50774621963501
-4.046835899353027
