-4.578201770782471
-2.1535913944244385
-6.736763000488281
-4.42012357711792
-3.43388032913208
-4.224064350128174
-6.095613479614258
-3.3480608463287354
-3.4016969203948975
-2.966585159301758
-4.093522548675537
-3.4254050254821777
-3.7797231674194336
-3.7794525623321533
-5.4493560791015625
-5.294952392578125
-4.287245273590088
-6.991603851318359
-3.177354574203491
-4.385970592498779
-2.413825750350952
-4.613860130310059
-3.26912260055542
-4.111733436584473
-4.812839508056641
-3.2990264892578125
-5.921396732330322
-4.62985372543335
-1.6358176469802856
-3.435267686843872
-3.601227045059204
-6.10384464263916
-4.506465911865234
-3.6326181888580322
-2.688899517059326
-4.2252607345581055
-5.422060489654541
-3.6397581100463867
-3.1854403018951416
-4.385639667510986
-3.720794916152954
-6.168935775756836
-3.639575481414795
-2.960015058517456
-2.8315513134002686
-3.912935733795166
-2.4896154403686523
-3.9232897758483887
-4.540286540985107
-3.687570810317993
-4.293112277984619
-3.0244219303131104
-5.725601673126221
-5.1996684074401855
-3.345780372619629
-6.139261722564697
-5.902143955230713
-3.297168493270874
-3.94736385345459
-3.8456902503967285
-3.6823127269744873
-3.9410078525543213
-3.9421584606170654
-4.527792930603027
-4.54971981048584
-4.2800092697143555
-5.62357234954834
-3.2814526557922363
-4.709987640380859
-4.674038410186768
-3.9312944412231445
-3.6189143657684326
-4.411494731903076
-2.924241304397583
-5.08534574508667
-4.502790451049805
-4.042093276977539
-6.328643321990967
-4.201501369476318
-3.6205267906188965
-3.1928632259368896
-3.756401538848877
-4.3186469078063965
-5.302037239074707
-4.602271556854248
-3.7109882831573486
-4.968074321746826
-4.010924816131592
-5.114260196685791
-3.339073896408081
-3.3245720863342285
-5.105077266693115
-3.292586326599121
-4.812008380889893
-4.695125102996826
-3.91361927986145
-2.3182358741760254
-3.1985082626342773
-4.402498722076416
-3.502638578414917
-4.71702241897583
-5.151915073394775
-2.907811164855957
-3.564150333404541
-3.3471314907073975
-4.942032337188721
-4.743341445922852
-2.8242552280426025
-3.9079442024230957
-3.2345380783081055
-3.544813871383667
-3.4277586936950684
-4.751166820526123
-4.855580806732178
-4.383632183074951
-4.9160637855529785
-4.87828254699707
-5.509598255157471
-3.331918478012085
-4.352871417999268
-2.984306573867798
-2.315046548843384
-5.14312219619751
-4.48706579208374
-4.1331562995910645
-5.310956001281738
-2.5685460567474365
-4.407778739929199
-2.980285882949829
-3.662432909011841
-3.798250913619995
-5.094003677368164
-3.5617151260375977
-3.062223196029663
-5.38681697845459
-2.9373695850372314
-3.320080280303955
-6.381777763366699
-4.038651466369629
-4.050238132476807
-3.835613965988159
-4.674294471740723
-5.238785743713379
-5.21876335144043
-4.826087951660156
-4.591358661651611
-3.627976894378662
-2.905745506286621
-3.959407329559326
-2.9454329013824463
-2.9800498485565186
-3.6907243728637695
-2.4128854274749756
-2.201266288757324
-1.913727879524231
-2.9786152839660645
-3.953641414642334
-3.8257009983062744
-3.1161446571350098
-3.9452648162841797
-4.49921989440918
-4.234316349029541
-4.6701507568359375
-3.6666507720947266
-4.079986572265625
-7.734235763549805
-4.8804192543029785
-3.5987863540649414
-4.357010364532471
-1.677591323852539
-4.657947540283203
-3.501624822616577
-1.8473402261734009
-5.703017234802246
-4.019118785858154
-3.125255823135376
-4.404474258422852
-4.1808762550354
