-4.267508029937744
-2.1455442905426025
-6.414738655090332
-3.03466796875
-2.514866828918457
-3.974696159362793
-4.505671977996826
-3.2684476375579834
-3.486340045928955
-2.482567071914673
-3.886582136154175
-3.5038392543792725
-3.552285671234131
-2.692909002304077
-5.567753791809082
-5.294952392578125
-3.509709358215332
-6.637230396270752
-3.524726152420044
-4.203914165496826
-2.2514500617980957
-4.013088703155518
-2.7242329120635986
-3.7713303565979004
-4.479341983795166
-3.3406662940979004
-5.490177154541016
-4.312492370605469
-1.5871330499649048
-3.9677538871765137
-3.692687511444092
-6.119111061096191
-3.7481367588043213
-2.849606990814209
-3.15266489982605
-4.572625160217285
-4.511332988739014
-4.135991096496582
-2.713681936264038
-4.118521213531494
-3.0666120052337646
-6.200383186340332
-4.127448558807373
-2.8195462226867676
-2.8845510482788086
-3.6374032497406006
-2.1594479084014893
-3.41715407371521
-4.996659755706787
-3.14973521232605
-4.293111324310303
-2.857800006866455
-4.136515140533447
-4.905778408050537
-3.560955762863159
-6.730703353881836
-5.137135982513428
-3.3787343502044678
-2.8769705295562744
-3.9643075466156006
-3.8040573596954346
-3.269774913787842
-3.673910617828369
-3.813978910446167
-2.7255568504333496
-4.182833671569824
-4.630400657653809
-3.2190141677856445
-4.585079669952393
-4.826143264770508
-3.4941296577453613
-2.95963978767395
-3.6636219024658203
-2.496431350708008
-5.558882236480713
-3.951308488845825
-3.344787836074829
-6.728167533874512
-3.835524559020996
-3.890486240386963
-2.786858081817627
-3.84031343460083
-2.5365777015686035
-5.449199199676514
-4.605719089508057
-3.5944504737854004
-5.170155048370361
-2.8493378162384033
-4.4761576652526855
-3.4021859169006348
-3.4079720973968506
-4.604609966278076
-2.9712061882019043
-3.881378412246704
-4.175428867340088
-4.235659599304199
-2.2141613960266113
-2.8740923404693604
-3.967913866043091
-2.7677111625671387
-3.7168781757354736
-5.799652099609375
-2.836663246154785
-3.0225870609283447
-3.3471314907073975
-5.007515907287598
-3.2923262119293213
-2.6044421195983887
-3.68068265914917
-3.8977203369140625
-3.714280366897583
-3.474637269973755
-4.6721577644348145
-4.940945625305176
-4.991809368133545
-4.329054832458496
-5.894521713256836
-4.359851360321045
-3.999169111251831
-4.484643936157227
-3.0428199768066406
-2.3244383335113525
-4.886781215667725
-4.700668811798096
-4.006768703460693
-5.310956001281738
-3.3698770999908447
-3.956702709197998
-2.8526947498321533
-3.0086755752563477
-3.597475290298462
-5.094002723693848
-3.6529078483581543
-2.9368844032287598
-4.665400981903076
-2.888751745223999
-3.1556429862976074
-6.144981861114502
-3.6928791999816895
-3.6181328296661377
-3.6346540451049805
-3.8137075901031494
-5.708390235900879
-4.752451419830322
-4.677062034606934
-5.056079864501953
-2.607961654663086
-2.2943918704986572
-3.6467862129211426
-2.8973007202148438
-3.5200188159942627
-3.0862481594085693
-2.3233189582824707
-2.091261863708496
-3.0713584423065186
-3.122535228729248
-3.6134276390075684
-3.607491970062256
-3.1309456825256348
-4.207480430603027
-4.440622806549072
-3.8640952110290527
-4.841434001922607
-3.3962926864624023
-2.8504648208618164
-9.033814430236816
-4.904900074005127
-3.8908376693725586
-4.911037921905518
-1.7114248275756836
-4.104365825653076
-3.1398470401763916
-1.5547189712524414
-5.671813011169434
-3.149078369140625
-3.042024850845337
-4.3236918449401855
-4.0220255851745605
