-6.734317779541016
-2.1045467853546143
-7.096673488616943
-4.914615154266357
-4.2670464515686035
-4.996865272521973
-6.286224365234375
-3.482539176940918
-3.4686617851257324
-3.8136837482452393
-4.37654972076416
-3.4195899963378906
-4.074024677276611
-3.942821502685547
-5.436764717102051
-5.294952392578125
-4.26490592956543
-6.658349990844727
-3.6505672931671143
-4.947279930114746
-3.0432629585266113
-5.603656768798828
-4.141175270080566
-3.908672332763672
-6.467243671417236
-5.3947882652282715
-5.919039249420166
-4.733246326446533
-1.8455570936203003
-5.144130706787109
-4.050949573516846
-6.130557060241699
-6.4249587059021
-4.00082540512085
-4.47896146774292
-4.045048236846924
-7.68245792388916
-3.9862663745880127
-3.67681622505188
-5.396833419799805
-4.735085487365723
-6.020710468292236
-6.046575546264648
-3.204925060272217
-3.072709321975708
-4.203890323638916
-2.15944766998291
-6.094213485717773
-4.59264612197876
-3.652613639831543
-4.293112277984619
-3.1158158779144287
-6.269842147827148
-6.933849334716797
-3.310276508331299
-6.553172588348389
-5.902463436126709
-4.673057556152344
-4.099526405334473
-6.728452682495117
-4.90420389175415
-4.2317376136779785
-3.7329049110412598
-5.573439121246338
-5.33920431137085
-4.245031356811523
-5.042786121368408
-3.3204119205474854
-4.986187934875488
-4.769698143005371
-5.117177963256836
-4.118127822875977
-4.187264919281006
-4.352251052856445
-5.070854187011719
-4.733421802520752
-3.9426443576812744
-5.314742565155029
-4.049127578735352
-5.958984375
-3.219736099243164
-4.157336711883545
-4.659246921539307
-5.259274482727051
-4.341362476348877
-5.302906036376953
-4.928583145141602
-3.9202921390533447
-6.119784832000732
-4.5888566970825195
-3.888680934906006
-5.25118350982666
-5.177731513977051
-4.895396709442139
-5.4558634757995605
-4.932555675506592
-2.4465925693511963
-4.492663860321045
-5.922245025634766
-3.763155221939087
-5.0221662521362305
-6.825088977813721
-2.91701340675354
-3.590886116027832
-3.2295267581939697
-4.932290554046631
-5.537437438964844
-4.1686811447143555
-5.555785655975342
-4.288156509399414
-3.5505905151367188
-3.98039174079895
-4.589921474456787
-8.096391677856445
-8.414443016052246
-4.827922344207764
-8.141162872314453
-6.004220485687256
-6.164106845855713
-4.794997692108154
-3.0881741046905518
-2.6704726219177246
-4.941650867462158
-5.047642230987549
-4.489248275756836
-5.980445861816406
-4.4977288246154785
-4.210910320281982
-3.126368999481201
-3.8329906463623047
-3.823762893676758
-5.094003677368164
-4.133365154266357
-3.1865556240081787
-5.440497875213623
-4.215970516204834
-4.132765769958496
-7.129580020904541
-3.931610107421875
-4.753047466278076
-4.854953765869141
-5.231858253479004
-5.258934497833252
-5.01348876953125
-5.1553850173950195
-4.3650898933410645
-3.174091100692749
-4.557158946990967
-4.067816257476807
-3.3980653285980225
-2.863785743713379
-3.848055362701416
-2.883809804916382
-2.2498011589050293
-4.002145290374756
-3.727299213409424
-4.831538200378418
-3.7332029342651367
-3.288177251815796
-5.0504045486450195
-5.180634498596191
-7.3568267822265625
-5.0952253341674805
-4.910049915313721
-3.950643301010132
-8.036961555480957
-5.252150535583496
-4.259957790374756
-4.198594570159912
-1.9684399366378784
-5.218801498413086
-4.697506904602051
-2.3203694820404053
-5.816037654876709
-4.438892841339111
-3.9666316509246826
-5.652680397033691
-4.006497383117676
