-4.267508029937744
-2.0887913703918457
-6.917751789093018
-6.324224948883057
-2.423346519470215
-3.77782940864563
-5.3811869621276855
-3.278129816055298
-3.2375824451446533
-3.213085174560547
-4.526058197021484
-3.4195899963378906
-3.8639421463012695
-3.6312007904052734
-5.361257553100586
-5.294952392578125
-4.030905723571777
-7.0750412940979
-3.1495728492736816
-4.293855667114258
-3.606933116912842
-4.006097793579102
-2.7503809928894043
-3.9308135509490967
-4.786731719970703
-3.226910352706909
-5.956984519958496
-4.3307695388793945
-1.815485954284668
-3.543086051940918
-3.992750406265259
-5.872516632080078
-4.425776958465576
-3.6315088272094727
-3.6843037605285645
-4.431467533111572
-4.505777359008789
-3.4795565605163574
-2.5558207035064697
-4.40680456161499
-3.3645622730255127
-6.300423622131348
-3.6368393898010254
-2.7766382694244385
-2.806180238723755
-3.8572921752929688
-2.489614486694336
-3.9812874794006348
-4.602231502532959
-3.6734282970428467
-4.293112277984619
-3.0791499614715576
-5.90723991394043
-4.417579174041748
-3.6039347648620605
-5.747761249542236
-5.6966352462768555
-3.653578042984009
-3.6555511951446533
-3.083756446838379
-3.6647047996520996
-3.814197301864624
-4.011851787567139
-4.194289684295654
-4.244325160980225
-4.425970077514648
-4.133423328399658
-3.288111686706543
-5.236661911010742
-5.176887035369873
-5.172689437866211
-3.075942277908325
-3.8818376064300537
-3.251690626144409
-5.1639275550842285
-4.26429557800293
-4.0216064453125
-5.409015655517578
-3.8905632495880127
-3.5572845935821533
-3.093240261077881
-3.9193227291107178
-4.074099063873291
-5.302037239074707
-4.5998125076293945
-3.547260046005249
-5.299028396606445
-4.010924816131592
-4.657044887542725
-3.5204055309295654
-3.585080862045288
-5.342318058013916
-4.105575084686279
-4.602566242218018
-4.490812301635742
-3.9921586513519287
-2.3443961143493652
-3.0942325592041016
-4.109773635864258
-2.805495023727417
-4.717022895812988
-5.238041877746582
-2.949770927429199
-3.6442551612854004
-3.3471314907073975
-4.942032337188721
-5.0217719078063965
-2.932243585586548
-4.353261470794678
-2.9479143619537354
-3.550590753555298
-3.474637269973755
-4.170343399047852
-5.444645881652832
-4.383632183074951
-4.897464275360107
-4.4774699211120605
-5.520901679992676
-3.344588279724121
-4.352871417999268
-3.0217061042785645
-2.5568466186523438
-5.512393474578857
-4.673074245452881
-3.8300225734710693
-5.310956001281738
-2.7402830123901367
-4.407778739929199
-3.115849018096924
-4.0424699783325195
-3.9209797382354736
-5.094003677368164
-3.5812864303588867
-3.146493434906006
-5.409563064575195
-2.845905065536499
-3.527182102203369
-6.381777763366699
-3.359463930130005
-4.187763690948486
-3.608135223388672
-4.445300102233887
-5.55745792388916
-5.013487815856934
-4.826087474822998
-4.553731441497803
-3.4799394607543945
-3.3925509452819824
-3.9434001445770264
-3.196308135986328
-3.4104554653167725
-3.6907243728637695
-2.4193356037139893
-2.357097864151001
-2.0295956134796143
-2.6144819259643555
-3.655689239501953
-3.886796236038208
-3.3838789463043213
-4.182347774505615
-4.651694297790527
-3.8640952110290527
-4.861118316650391
-3.463829755783081
-2.611008882522583
-6.190748691558838
-4.607701778411865
-3.5960910320281982
-4.4039812088012695
-1.9602338075637817
-4.500499725341797
-3.025463104248047
-1.5820629596710205
-6.284878730773926
-3.631359100341797
-3.3804643154144287
-4.304699897766113
-4.141646862030029
