-5.87794828414917
-2.1455442905426025
-6.5362467765808105
-6.124996662139893
-5.718508243560791
-4.924386978149414
-5.413984298706055
-3.284674644470215
-3.5268306732177734
-3.98991060256958
-4.441565036773682
-3.2668282985687256
-4.6096649169921875
-4.013524055480957
-5.32880973815918
-5.294952392578125
-4.266191482543945
-7.1356072425842285
-4.117245197296143
-4.293856620788574
-2.3257663249969482
-4.985198974609375
-3.851864814758301
-3.9308135509490967
-6.797616004943848
-5.7537994384765625
-5.621557712554932
-4.62985372543335
-1.5540496110916138
-5.193686008453369
-4.873001575469971
-6.845616340637207
-7.2099432945251465
-3.6386680603027344
-2.8610992431640625
-4.045048236846924
-5.498468399047852
-4.839690208435059
-4.459060192108154
-4.95635986328125
-4.547253608703613
-6.134967803955078
-5.283405780792236
-4.258236885070801
-3.041172981262207
-4.5809783935546875
-2.1594479084014893
-4.297883033752441
-4.59264612197876
-3.679126739501953
-4.293112277984619
-3.1183266639709473
-6.25186824798584
-6.504688739776611
-5.074159145355225
-6.801789283752441
-5.497092247009277
-6.129831314086914
-4.4790496826171875
-5.413721084594727
-5.110691070556641
-3.7748301029205322
-3.943704605102539
-5.530038356781006
-3.8225083351135254
-4.315220832824707
-4.997593402862549
-3.2732770442962646
-4.579958915710449
-4.783174991607666
-5.802448749542236
-4.778037071228027
-3.7724485397338867
-3.3944802284240723
-5.520237922668457
-4.726146221160889
-4.248020648956299
-6.4215264320373535
-3.7339541912078857
-4.924746036529541
-3.84749436378479
-3.860808849334717
-3.95819091796875
-5.64522123336792
-4.467779636383057
-4.567098140716553
-5.2420196533203125
-4.102330684661865
-7.1254143714904785
-5.176508903503418
-4.315751075744629
-5.236377239227295
-4.7199506759643555
-3.4564850330352783
-4.470388889312744
-4.7264909744262695
-2.952125072479248
-5.946500301361084
-5.603479385375977
-4.069965839385986
-5.653842449188232
-6.24281644821167
-3.052004098892212
-3.8072099685668945
-4.585697650909424
-4.942032337188721
-5.715922832489014
-4.10000467300415
-5.730562210083008
-3.566025733947754
-3.4019415378570557
-3.479323148727417
-5.023778915405273
-6.751397609710693
-6.529539585113525
-4.688061714172363
-6.692683696746826
-6.204937934875488
-4.992386817932129
-4.7740936279296875
-3.0159056186676025
-2.447885274887085
-5.016827583312988
-4.850461483001709
-3.8300225734710693
-7.62955904006958
-6.649418830871582
-4.407777786254883
-2.873575448989868
-3.68849778175354
-3.5892081260681152
-5.094003677368164
-3.288784980773926
-3.3222360610961914
-5.391905784606934
-4.905074596405029
-3.278374195098877
-8.158275604248047
-3.596950054168701
-5.192564487457275
-4.343620300292969
-6.347753524780273
-5.729156017303467
-5.001450538635254
-4.692059516906738
-4.157326698303223
-3.593151807785034
-3.6894798278808594
-5.032993316650391
-3.0661838054656982
-4.915217399597168
-3.653428077697754
-2.9344890117645264
-2.147212266921997
-3.4010322093963623
-4.704604148864746
-5.564566612243652
-3.9136409759521484
-3.219811201095581
-6.8933844566345215
-4.542688846588135
-4.275290012359619
-7.49551248550415
-4.30141544342041
-4.055389881134033
-4.185031414031982
-4.607701778411865
-3.763575315475464
-4.318309307098389
-1.731148600578308
-5.568604469299316
-4.459210395812988
-2.1248137950897217
-6.586239337921143
-3.7079570293426514
-4.54753303527832
-5.67849588394165
-4.133438587188721
