-4.578201770782471
-2.1455442905426025
-7.117466926574707
-5.009978771209717
-3.459317207336426
-4.432690620422363
-5.444431781768799
-3.465595245361328
-3.6467297077178955
-3.014110803604126
-4.165674686431885
-3.521686553955078
-3.9135026931762695
-3.3853955268859863
-5.503265380859375
-5.294952392578125
-4.3209357261657715
-6.953986644744873
-3.160604953765869
-4.385970592498779
-2.4648730754852295
-3.604820966720581
-2.6652586460113525
-4.111733436584473
-5.10293436050415
-3.0242385864257812
-5.78895902633667
-4.3307695388793945
-1.950933814048767
-3.2259325981140137
-3.9278268814086914
-5.739743232727051
-3.1976523399353027
-3.6315088272094727
-2.8085289001464844
-4.087257385253906
-4.605463981628418
-3.9623641967773438
-2.5196938514709473
-4.352100849151611
-2.9894001483917236
-6.168935775756836
-3.984834671020508
-3.1995606422424316
-2.962864398956299
-3.8572914600372314
-2.15944766998291
-4.841549873352051
-4.7079596519470215
-3.7321884632110596
-4.293112277984619
-3.0791499614715576
-3.4159297943115234
-4.427289962768555
-3.423678398132324
-5.425611972808838
-4.499758243560791
-3.2971677780151367
-3.8113842010498047
-4.012672424316406
-3.4931960105895996
-3.987586736679077
-3.9222936630249023
-4.249497890472412
-4.126669406890869
-4.157204627990723
-6.270092487335205
-3.3410661220550537
-4.717888355255127
-4.735847473144531
-3.4720003604888916
-3.70534348487854
-3.9861159324645996
-3.1103246212005615
-5.468806266784668
-4.584592342376709
-3.946944236755371
-5.409017562866211
-3.7917699813842773
-3.654242753982544
-3.1689445972442627
-4.4236674308776855
-3.9186744689941406
-5.36443567276001
-4.318824768066406
-3.3609516620635986
-5.110867023468018
-4.010924816131592
-4.553510665893555
-2.70904803276062
-3.6182401180267334
-5.0838799476623535
-3.628234624862671
-3.77107572555542
-4.7140703201293945
-4.142187595367432
-2.6703402996063232
-3.1076231002807617
-4.398889541625977
-2.921046733856201
-4.509332656860352
-5.069093704223633
-2.416879653930664
-3.5641510486602783
-3.3471314907073975
-4.942032337188721
-4.011011123657227
-2.9112863540649414
-4.450345039367676
-3.6856486797332764
-3.550590753555298
-3.4746367931365967
-4.1460442543029785
-4.697784423828125
-4.383632183074951
-4.897464275360107
-4.4774699211120605
-5.246399879455566
-3.6311445236206055
-4.352871417999268
-2.931187391281128
-2.747788667678833
-5.1684184074401855
-4.438087463378906
-3.8300225734710693
-5.310956001281738
-2.575230121612549
-4.407778739929199
-2.980285882949829
-4.028487205505371
-3.4955782890319824
-5.094003677368164
-3.5465261936187744
-3.0619969367980957
-5.38681697845459
-2.729318141937256
-3.6828768253326416
-6.381777763366699
-3.4302175045013428
-3.8555054664611816
-4.094250679016113
-4.567317485809326
-5.208736896514893
-5.013487339019775
-4.826087474822998
-4.027293682098389
-3.512782335281372
-2.994990348815918
-3.5131759643554688
-3.0572125911712646
-3.3159894943237305
-3.476792573928833
-2.8259198665618896
-2.273815155029297
-2.5963945388793945
-2.4758641719818115
-3.842724561691284
-3.916637420654297
-3.2089641094207764
-4.182346343994141
-4.088595867156982
-3.8640952110290527
-5.197558879852295
-3.3734352588653564
-2.5942349433898926
-5.303579330444336
-4.607701778411865
-3.4606282711029053
-3.9769299030303955
-1.8664649724960327
-4.972155570983887
-3.5391340255737305
-2.179314136505127
-6.272223949432373
-3.853398084640503
-3.096881628036499
-4.234660625457764
-4.074105262756348
