-5.1377739906311035
-2.2020773887634277
-6.435173034667969
-2.978484630584717
-2.4187002182006836
-2.2826473712921143
-3.722900867462158
-3.01944899559021
-3.403376340866089
-2.391305446624756
-4.376878261566162
-3.101649761199951
-3.4777414798736572
-2.6489572525024414
-5.325483322143555
-5.294952392578125
-3.9505653381347656
-6.666865348815918
-2.8782713413238525
-4.426732063293457
-2.3155269622802734
-3.62432861328125
-2.3744125366210938
-4.447347640991211
-4.821113586425781
-2.991957902908325
-5.197159767150879
-4.6299262046813965
-1.5703505277633667
-3.933490514755249
-3.9303786754608154
-5.7012410163879395
-3.2538928985595703
-3.631509304046631
-3.147596836090088
-4.016694068908691
-4.951136589050293
-3.320188522338867
-2.8293371200561523
-4.301490783691406
-2.8408541679382324
-5.355693340301514
-3.3471319675445557
-3.195309638977051
-2.8463294506073
-3.9769136905670166
-2.1619927883148193
-3.3960301876068115
-5.01732873916626
-3.6024434566497803
-4.315306663513184
-3.124357223510742
-2.40059757232666
-5.7738213539123535
-3.361403703689575
-4.901452541351318
-5.235598564147949
-2.7526092529296875
-3.712897300720215
-2.8219940662384033
-3.4419753551483154
-3.1591899394989014
-3.5261716842651367
-3.517645835876465
-2.112910032272339
-3.8034722805023193
-3.23827862739563
-3.0927491188049316
-4.065788269042969
-4.721728324890137
-2.8512532711029053
-3.5791311264038086
-3.8665311336517334
-2.2346107959747314
-5.110813617706299
-3.954209089279175
-3.9565820693969727
-4.968547821044922
-3.89320969581604
-3.0353500843048096
-3.197704792022705
-3.8750064373016357
-2.147676467895508
-5.5068039894104
-4.640739917755127
-3.311216115951538
-5.332313060760498
-3.184068441390991
-4.525942325592041
-2.9396920204162598
-4.99698543548584
-5.451244354248047
-2.649594783782959
-4.384871482849121
-4.599522113800049
-3.32014536857605
-2.2108852863311768
-3.049426317214966
-3.9370594024658203
-2.9171509742736816
-3.9112131595611572
-4.708451271057129
-3.010300874710083
-3.6442551612854004
-3.3471314907073975
-5.176876544952393
-3.2117087841033936
-2.8178229331970215
-3.5697145462036133
-3.019866466522217
-3.2834625244140625
-3.4277594089508057
-3.744843006134033
-5.3681440353393555
-4.29155158996582
-4.318874359130859
-4.154382705688477
-4.862923622131348
-2.768061637878418
-3.7251789569854736
-3.089803457260132
-2.387286901473999
-5.707028865814209
-4.7387213706970215
-3.8923630714416504
-5.310956001281738
-2.461333751678467
-4.096226692199707
-2.673600912094116
-3.428910493850708
-3.690869092941284
-4.593771934509277
-3.6703152656555176
-2.820834159851074
-5.0714569091796875
-2.7639505863189697
-3.272247314453125
-6.164210319519043
-3.3466567993164062
-3.1784348487854004
-3.103081226348877
-4.334470272064209
-4.948511123657227
-4.6970624923706055
-4.6254777908325195
-5.005135536193848
-3.0731427669525146
-2.5890371799468994
-4.098909854888916
-3.0925424098968506
-2.9366378784179688
-3.5057365894317627
-2.4574074745178223
-2.1728293895721436
-1.8522125482559204
-2.284926414489746
-2.7645256519317627
-3.8603646755218506
-3.059396982192993
-4.213203430175781
-4.367848873138428
-3.9090826511383057
-4.298327922821045
-3.0284149646759033
-2.937094211578369
-4.693546295166016
-4.904900074005127
-3.3284084796905518
-4.19985818862915
-1.6678410768508911
-4.209582805633545
-2.8673157691955566
-1.6702221632003784
-5.866534233093262
-3.3125534057617188
-3.0274503231048584
-3.9221184253692627
-4.111898422241211
