-4.578201770782471
-2.212834119796753
-6.574221611022949
-4.569937705993652
-2.418699026107788
-4.218201637268066
-5.3811869621276855
-3.3941192626953125
-3.473402261734009
-2.8550989627838135
-4.298325061798096
-3.358544111251831
-3.645988702774048
-3.558223009109497
-5.449355602264404
-4.738298416137695
-4.232032775878906
-6.376198768615723
-3.229640007019043
-4.293855667114258
-3.355349063873291
-4.147014617919922
-3.411266565322876
-3.9308135509490967
-5.489830493927002
-3.165231704711914
-6.034794330596924
-4.3307695388793945
-2.8435494899749756
-3.415550947189331
-3.917612314224243
-5.905602931976318
-4.939707279205322
-3.571836471557617
-3.138861656188965
-4.034052848815918
-4.605463027954102
-3.8753185272216797
-3.548849105834961
-4.736188888549805
-3.7219693660736084
-6.134967803955078
-3.5074167251586914
-2.7591679096221924
-2.71799898147583
-3.9635419845581055
-2.2205309867858887
-4.26109504699707
-4.4236907958984375
-3.6619961261749268
-4.310250282287598
-3.0791499614715576
-4.158860683441162
-4.41757869720459
-3.2837154865264893
-6.19224739074707
-5.455596923828125
-3.252918004989624
-3.8638837337493896
-4.052774906158447
-3.7617249488830566
-3.5054686069488525
-3.9338018894195557
-4.293899059295654
-4.104331970214844
-4.500617980957031
-5.0355000495910645
-4.118768215179443
-5.308541774749756
-4.9452948570251465
-4.287049770355225
-3.8093295097351074
-4.325496196746826
-2.663330554962158
-5.483063697814941
-4.306675910949707
-3.948452949523926
-5.409017562866211
-4.229971408843994
-3.557284116744995
-3.1730971336364746
-4.2913384437561035
-4.318646430969238
-5.243430137634277
-4.969664096832275
-3.519602060317993
-5.2420196533203125
-4.010924816131592
-4.930012226104736
-3.4581260681152344
-3.585080862045288
-4.932332992553711
-4.1655168533325195
-4.297188758850098
-4.7140703201293945
-4.057720184326172
-3.441056251525879
-3.896226167678833
-4.425006866455078
-3.7479000091552734
-4.805422306060791
-5.515964508056641
-3.34334659576416
-3.4779882431030273
-3.3471314907073975
-4.942032337188721
-4.518734455108643
-2.9112863540649414
-4.338037014007568
-3.7800397872924805
-3.507777690887451
-3.4746367931365967
-4.487529754638672
-5.1215362548828125
-4.383632183074951
-4.743663311004639
-4.4774699211120605
-5.017718315124512
-3.7343056201934814
-4.286689281463623
-3.0940768718719482
-3.3974297046661377
-5.407357692718506
-4.644812107086182
-3.8300225734710693
-5.310956001281738
-2.5685460567474365
-4.297440528869629
-3.961452007293701
-3.671196222305298
-3.696455717086792
-4.909888744354248
-3.5617165565490723
-4.297640323638916
-5.3396382331848145
-3.1649370193481445
-3.5432748794555664
-6.381777763366699
-3.359463930130005
-4.177060604095459
-3.8446595668792725
-4.674294471740723
-5.526354789733887
-5.013487815856934
-4.670382499694824
-4.591360092163086
-3.3376052379608154
-3.906691074371338
-3.9434001445770264
-3.6468660831451416
-3.4027745723724365
-3.555006980895996
-3.045320987701416
-3.4734866619110107
-2.596395492553711
-2.9786150455474854
-4.364677906036377
-3.9166367053985596
-4.097628593444824
-4.182346820831299
-4.542331695556641
-4.334519386291504
-5.197558879852295
-3.548553466796875
-3.113318681716919
-5.714687824249268
-5.222524166107178
-3.28167462348938
-4.351199626922607
-3.199711561203003
-4.659262657165527
-3.501943349838257
-2.50858998298645
-5.880008697509766
-3.6776466369628906
-3.380465030670166
-4.413933277130127
-4.074105262756348
