-4.944671154022217
-2.1101982593536377
-7.051906108856201
-5.497878551483154
-3.457845449447632
-5.46636962890625
-4.340529441833496
-3.3517680168151855
-3.8053581714630127
-3.2580621242523193
-4.318521022796631
-3.3779296875
-4.276319980621338
-3.7402682304382324
-5.3613433837890625
-5.294952392578125
-5.1254563331604
-6.700023651123047
-4.004025936126709
-4.3859710693359375
-2.56745982170105
-5.130313873291016
-3.215123414993286
-3.70082426071167
-4.871984958648682
-2.409119129180908
-5.940258026123047
-4.3307695388793945
-2.374241828918457
-3.2272863388061523
-3.9139297008514404
-6.2155232429504395
-5.8876800537109375
-3.631509304046631
-3.0539703369140625
-4.706851482391357
-4.715999126434326
-3.1088290214538574
-3.2518277168273926
-5.151340484619141
-4.50613260269165
-5.960070610046387
-5.3856201171875
-3.1025896072387695
-2.843522071838379
-4.1865315437316895
-2.7801835536956787
-4.881879806518555
-4.7079596519470215
-3.6615140438079834
-4.293112277984619
-3.0791499614715576
-4.276711463928223
-4.376307010650635
-3.4981331825256348
-5.914628982543945
-6.456658363342285
-4.4731764793396
-4.6137614250183105
-3.267160654067993
-3.570211887359619
-4.163324356079102
-4.163487434387207
-5.255059242248535
-3.8219292163848877
-4.5021867752075195
-5.596782684326172
-3.1580591201782227
-5.076094627380371
-6.352731704711914
-5.173222064971924
-3.913087844848633
-4.417327404022217
-4.241521835327148
-5.907196521759033
-4.317529201507568
-3.804208517074585
-5.67081356048584
-4.385226726531982
-4.0997209548950195
-3.406865119934082
-4.774510860443115
-3.846834659576416
-5.364435195922852
-5.311769008636475
-4.418004512786865
-5.263311386108398
-3.8493213653564453
-4.400035381317139
-2.9894962310791016
-3.3867013454437256
-5.393664836883545
-4.468485355377197
-5.528473854064941
-4.948729991912842
-4.354299068450928
-2.8172521591186523
-4.00339937210083
-4.529129981994629
-3.3257534503936768
-4.889189720153809
-6.274205684661865
-3.8872363567352295
-4.562273025512695
-3.1233291625976562
-4.9398322105407715
-4.836052894592285
-2.9787185192108154
-3.9113388061523438
-4.3025336265563965
-3.4417784214019775
-3.474637269973755
-5.784489154815674
-6.070056915283203
-4.2116804122924805
-4.757856369018555
-4.137964725494385
-5.349352836608887
-4.244781494140625
-4.91641092300415
-3.6177194118499756
-3.2141945362091064
-4.66128396987915
-5.897974491119385
-4.516541957855225
-5.08007287979126
-2.575230121612549
-4.407778739929199
-2.899481773376465
-3.7091095447540283
-4.003982067108154
-5.094003677368164
-3.838106632232666
-3.374459743499756
-5.439540386199951
-3.3755571842193604
-3.285590887069702
-5.734785079956055
-3.952681303024292
-2.8788654804229736
-4.534370422363281
-4.623728275299072
-6.136285305023193
-4.959630012512207
-4.904972553253174
-4.74387788772583
-3.0974020957946777
-3.90924072265625
-4.615069389343262
-3.355658769607544
-3.5512747764587402
-4.339023590087891
-2.520721435546875
-2.296083927154541
-2.2860918045043945
-4.154242515563965
-4.519826412200928
-4.751288414001465
-3.0767271518707275
-3.660536527633667
-4.830517292022705
-4.43269681930542
-3.870980739593506
-4.136763572692871
-3.195911169052124
-3.8183343410491943
-4.607701778411865
-4.226586818695068
-4.435490131378174
-2.4923126697540283
-5.53090763092041
-3.554579734802246
-1.69509756565094
-5.899891376495361
-3.573228120803833
-3.315976142883301
-4.185098648071289
-4.430046558380127
