0.0
0.0
0.0
0.0
0.0
0.0
0.0
0.0
0.0
0.0
0.0
0.0
0.0
0.0
0.0
2.348398208618164
2.287595748901367
1.4554747343063354
2.3874807357788086
2.510925054550171
1.6332770586013794
2.501924991607666
1.9510178565979004
2.465259075164795
1.961308479309082
2.623905897140503
2.269261121749878
2.458531618118286
0.0
0.0
0.0
2.343299150466919
0.0
0.0
0.0
0.0
0.0
0.0
0.0
0.0
0.0
0.0
0.0
0.0
0.0
0.0
0.0
0.0
0.0
0.0
2.32882022857666
0.0
0.0
2.296720504760742
2.4622740745544434
0.0
0.0
0.0
0.0
0.0
0.0
0.0
2.2522850036621094
2.2563529014587402
2.216707468032837
0.0
2.3033928871154785
0.0
0.0
2.6842992305755615
0.0
0.0
0.0
0.0
0.0
2.026470422744751
2.484157085418701
0.0
2.4991211891174316
2.5954678058624268
2.3426284790039062
1.6899627447128296
0.0
0.0
2.0689165592193604
0.0
0.0
0.0
0.0
0.0
0.0
0.0
0.0
0.0
0.0
0.0
0.0
0.0
0.0
0.0
0.0
0.0
2.4369070529937744
0.0
0.0
0.0
0.0
0.0
1.8283865451812744
0.0
0.0
0.0
0.0
0.0
0.0
0.0
0.0
0.0
0.0
0.0
0.0
0.0
0.0
0.0
0.0
0.0
0.0
2.3429813385009766
2.3341851234436035
2.5710651874542236
2.391907215118408
2.456477403640747
2.179976463317871
2.313403606414795
2.171295404434204
1.9153721332550049
2.5340349674224854
2.555347442626953
0.0
2.1607744693756104
2.328301429748535
2.28844952583313
2.2581348419189453
2.332624673843384
2.4975643157958984
2.4579572677612305
2.359532117843628
2.254080295562744
2.334878444671631
2.305549144744873
2.369199752807617
2.6355748176574707
2.1125199794769287
0.0
0.0
0.0
0.0
0.0
0.0
0.0
0.0
0.0
2.2714531421661377
0.0
2.1765124797821045
0.0
0.0
0.0
0.0
0.0
1.9839134216308594
0.0
0.0
0.0
0.0
0.0
0.0
0.0
