0.0
0.0
0.0
0.0
0.0
0.0
0.0
0.0
0.0
0.0
0.0
0.0
0.0
0.0
0.0
2.0787196159362793
2.3899497985839844
2.3588128089904785
2.0613481998443604
2.292556047439575
2.3216917514801025
2.523200273513794
2.3084137439727783
2.2429370880126953
2.191606044769287
2.3629226684570312
2.4008750915527344
1.9126378297805786
0.0
0.0
0.0
2.3214735984802246
0.0
0.0
0.0
0.0
0.0
0.0
0.0
0.0
0.0
0.0
0.0
0.0
0.0
0.0
0.0
0.0
0.0
0.0
2.4818668365478516
0.0
0.0
2.2127413749694824
2.604794502258301
0.0
0.0
0.0
0.0
0.0
0.0
0.0
2.265110731124878
2.3253307342529297
2.6119613647460938
0.0
2.3887031078338623
0.0
0.0
2.165494918823242
0.0
0.0
0.0
0.0
0.0
2.3027896881103516
2.550161123275757
0.0
2.378478765487671
2.284806251525879
2.280052423477173
2.15507173538208
0.0
0.0
2.0467517375946045
0.0
0.0
0.0
0.0
0.0
0.0
0.0
0.0
0.0
0.0
0.0
0.0
0.0
0.0
0.0
0.0
0.0
2.3154449462890625
0.0
0.0
0.0
0.0
0.0
2.2321975231170654
0.0
0.0
0.0
0.0
0.0
0.0
0.0
0.0
0.0
0.0
0.0
0.0
0.0
0.0
0.0
0.0
0.0
0.0
2.029136896133423
2.203090190887451
2.4022088050842285
2.6160523891448975
2.351820707321167
2.2890238761901855
2.293642044067383
2.580627679824829
2.2239127159118652
2.1846752166748047
2.3529467582702637
2.413552761077881
2.476426601409912
2.318958044052124
2.351346492767334
2.4749975204467773
2.473597288131714
2.2046384811401367
2.2754809856414795
2.4079678058624268
2.294328451156616
2.4027163982391357
2.5545907020568848
2.1698598861694336
2.298727035522461
2.2349190711975098
0.0
0.0
0.0
0.0
0.0
0.0
0.0
0.0
0.0
2.4714388847351074
0.0
2.0832266807556152
0.0
0.0
0.0
0.0
0.0
2.6303749084472656
0.0
0.0
0.0
0.0
0.0
0.0
0.0
