0.0
0.0
0.0
0.0
0.0
0.0
0.0
0.0
0.0
0.0
0.0
0.0
0.0
0.0
0.0
2.243971347808838
2.571892738342285
2.284496307373047
2.4112377166748047
1.6537606716156006
2.2320830821990967
2.523200273513794
2.1883668899536133
1.617663025856018
2.444988250732422
2.235419511795044
2.370084047317505
2.2096848487854004
0.0
0.0
0.0
2.4546613693237305
0.0
0.0
0.0
0.0
0.0
0.0
0.0
0.0
0.0
0.0
0.0
0.0
0.0
0.0
0.0
0.0
0.0
0.0
2.0692381858825684
0.0
0.0
2.3652408123016357
2.3568718433380127
0.0
0.0
0.0
0.0
0.0
0.0
0.0
2.3274827003479004
2.3600404262542725
2.3759868144989014
0.0
2.1455345153808594
0.0
0.0
2.458571195602417
0.0
0.0
0.0
0.0
0.0
2.247957229614258
2.4075052738189697
0.0
2.1974518299102783
2.5819973945617676
2.0833561420440674
2.236288070678711
0.0
0.0
2.2561376094818115
0.0
0.0
0.0
0.0
0.0
0.0
0.0
0.0
0.0
0.0
0.0
0.0
0.0
0.0
0.0
0.0
0.0
2.38906192779541
0.0
0.0
0.0
0.0
0.0
2.3991293907165527
0.0
0.0
0.0
0.0
0.0
0.0
0.0
0.0
0.0
0.0
0.0
0.0
0.0
0.0
0.0
0.0
0.0
0.0
2.3796510696411133
2.271395206451416
2.2618918418884277
2.2742855548858643
2.0086958408355713
2.3954038619995117
2.406148672103882
2.3498144149780273
2.108821392059326
1.184549331665039
2.7174301147460938
2.0902702808380127
2.3376455307006836
2.231611490249634
2.3999733924865723
2.4021613597869873
2.478543758392334
2.1266262531280518
2.394667625427246
2.473229169845581
1.6439428329467773
2.2986702919006348
2.3872311115264893
2.2272109985351562
2.36533784866333
2.4487926959991455
0.0
0.0
0.0
0.0
0.0
0.0
0.0
0.0
0.0
2.4437355995178223
0.0
2.190619945526123
0.0
0.0
0.0
0.0
0.0
2.1038219928741455
0.0
0.0
0.0
0.0
0.0
0.0
0.0
