0.0
0.0
0.0
0.0
0.0
0.0
0.0
0.0
0.0
0.0
0.0
0.0
0.0
0.0
0.0
2.208603620529175
2.377774238586426
2.408607006072998
2.244709014892578
2.2443439960479736
2.5275652408599854
2.3679895401000977
2.1094276905059814
1.76888108253479
2.3339667320251465
2.103991985321045
2.458132028579712
2.3475866317749023
0.0
0.0
0.0
2.30436372756958
0.0
0.0
0.0
0.0
0.0
0.0
0.0
0.0
0.0
0.0
0.0
0.0
0.0
0.0
0.0
0.0
0.0
0.0
2.231330394744873
0.0
0.0
2.357544183731079
2.36733078956604
0.0
0.0
0.0
0.0
0.0
0.0
0.0
2.2337586879730225
2.348860740661621
2.363703966140747
0.0
2.280390977859497
0.0
0.0
2.356613874435425
0.0
0.0
0.0
0.0
0.0
2.2711899280548096
2.42277455329895
0.0
2.45560359954834
2.346625566482544
2.3727431297302246
2.378805160522461
0.0
0.0
2.061885356903076
0.0
0.0
0.0
0.0
0.0
0.0
0.0
0.0
0.0
0.0
0.0
0.0
0.0
0.0
0.0
0.0
0.0
2.4199986457824707
0.0
0.0
0.0
0.0
0.0
2.253065824508667
0.0
0.0
0.0
0.0
0.0
0.0
0.0
0.0
0.0
0.0
0.0
0.0
0.0
0.0
0.0
0.0
0.0
0.0
2.548771381378174
2.3453457355499268
2.320622682571411
2.420274019241333
1.6687517166137695
2.446021556854248
2.4177088737487793
2.630944013595581
2.0333213806152344
2.261381149291992
2.4098470211029053
2.3039989471435547
2.5293478965759277
2.407099485397339
2.5813193321228027
2.3554625511169434
2.488129138946533
2.32012939453125
2.2770490646362305
2.2750043869018555
2.2316231727600098
2.1170454025268555
1.5941189527511597
2.0102522373199463
2.4638006687164307
2.3027098178863525
0.0
0.0
0.0
0.0
0.0
0.0
0.0
0.0
0.0
2.4605345726013184
0.0
2.3582072257995605
0.0
0.0
0.0
0.0
0.0
1.9904853105545044
0.0
0.0
0.0
0.0
0.0
0.0
0.0
