0.0
0.0
0.0
0.0
0.0
0.0
0.0
0.0
0.0
0.0
0.0
0.0
0.0
0.0
0.0
2.41961932182312
2.4592700004577637
2.334249258041382
2.4155168533325195
2.2408032417297363
2.0024893283843994
2.4535322189331055
2.2061843872070312
2.4692130088806152
1.9310028553009033
2.497647285461426
2.0142416954040527
2.487112283706665
0.0
0.0
0.0
2.165191173553467
0.0
0.0
0.0
0.0
0.0
0.0
0.0
0.0
0.0
0.0
0.0
0.0
0.0
0.0
0.0
0.0
0.0
0.0
2.6197314262390137
0.0
0.0
2.2141048908233643
2.54897403717041
0.0
0.0
0.0
0.0
0.0
0.0
0.0
2.0829567909240723
2.2989389896392822
2.3354721069335938
0.0
2.530928373336792
0.0
0.0
2.1568808555603027
0.0
0.0
0.0
0.0
0.0
2.516514778137207
2.455045461654663
0.0
2.287217855453491
2.5670900344848633
2.34065842628479
2.1206727027893066
0.0
0.0
2.2707228660583496
0.0
0.0
0.0
0.0
0.0
0.0
0.0
0.0
0.0
0.0
0.0
0.0
0.0
0.0
0.0
0.0
0.0
2.423590660095215
0.0
0.0
0.0
0.0
0.0
2.1918272972106934
0.0
0.0
0.0
0.0
0.0
0.0
0.0
0.0
0.0
0.0
0.0
0.0
0.0
0.0
0.0
0.0
0.0
0.0
2.4843223094940186
2.559182643890381
2.4738330841064453
2.4384145736694336
2.1733345985412598
2.443315029144287
2.298285484313965
2.3111774921417236
1.9758015871047974
2.4423983097076416
2.298947334289551
2.126511812210083
2.1619813442230225
2.581585168838501
2.586486339569092
2.6205520629882812
2.1434590816497803
2.632265090942383
2.3928442001342773
2.2273871898651123
2.2901649475097656
2.62296724319458
2.4441306591033936
2.452270746231079
2.512821674346924
2.1770107746124268
0.0
0.0
0.0
0.0
0.0
0.0
0.0
0.0
0.0
2.462970018386841
0.0
2.3108267784118652
0.0
0.0
0.0
0.0
0.0
2.161384105682373
0.0
0.0
0.0
0.0
0.0
0.0
0.0
