0.0
0.0
0.0
0.0
0.0
0.0
0.0
0.0
0.0
0.0
0.0
0.0
0.0
0.0
0.0
2.311174154281616
2.5035858154296875
2.1476728916168213
2.2871501445770264
2.354785442352295
2.3444700241088867
2.4824202060699463
2.1023945808410645
2.5362327098846436
2.482278823852539
2.485722064971924
2.0609400272369385
2.3269596099853516
0.0
0.0
0.0
2.3079230785369873
0.0
0.0
0.0
0.0
0.0
0.0
0.0
0.0
0.0
0.0
0.0
0.0
0.0
0.0
0.0
0.0
0.0
0.0
1.9793678522109985
0.0
0.0
2.305011749267578
2.579340934753418
0.0
0.0
0.0
0.0
0.0
0.0
0.0
2.3052382469177246
2.660437822341919
2.4428834915161133
0.0
2.4390296936035156
0.0
0.0
2.5410847663879395
0.0
0.0
0.0
0.0
0.0
2.374215841293335
2.4412081241607666
0.0
2.3847742080688477
2.3034303188323975
2.3210983276367188
2.2537314891815186
0.0
0.0
2.256615400314331
0.0
0.0
0.0
0.0
0.0
0.0
0.0
0.0
0.0
0.0
0.0
0.0
0.0
0.0
0.0
0.0
0.0
2.490673780441284
0.0
0.0
0.0
0.0
0.0
2.4917593002319336
0.0
0.0
0.0
0.0
0.0
0.0
0.0
0.0
0.0
0.0
0.0
0.0
0.0
0.0
0.0
0.0
0.0
0.0
2.4341211318969727
2.3934731483459473
2.3811230659484863
2.24161696434021
2.3359382152557373
2.4828364849090576
2.4317984580993652
2.3626668453216553
1.8796197175979614
2.3417165279388428
2.3031058311462402
2.2930800914764404
2.2931253910064697
2.1454031467437744
2.092949151992798
2.437018871307373
2.4520821571350098
2.457223415374756
2.4475812911987305
2.4806106090545654
2.0553479194641113
2.428654432296753
2.495513916015625
2.3347134590148926
2.313338279724121
2.511852741241455
0.0
0.0
0.0
0.0
0.0
0.0
0.0
0.0
0.0
1.9764436483383179
0.0
2.518688201904297
0.0
0.0
0.0
0.0
0.0
2.3172945976257324
0.0
0.0
0.0
0.0
0.0
0.0
0.0
