0.0
0.0
0.0
0.0
0.0
0.0
0.0
0.0
0.0
0.0
0.0
0.0
0.0
0.0
0.0
2.048031806945801
1.4749935865402222
2.5151498317718506
2.2506778240203857
2.514209270477295
2.2507848739624023
2.6581151485443115
2.3035831451416016
2.369265556335449
2.114832878112793
2.1492083072662354
2.16630482673645
2.371480941772461
0.0
0.0
0.0
2.328111171722412
0.0
0.0
0.0
0.0
0.0
0.0
0.0
0.0
0.0
0.0
0.0
0.0
0.0
0.0
0.0
0.0
0.0
0.0
2.5584216117858887
0.0
0.0
2.0673701763153076
2.4089436531066895
0.0
0.0
0.0
0.0
0.0
0.0
0.0
2.0952348709106445
2.3947901725769043
2.3885879516601562
0.0
2.1720409393310547
0.0
0.0
2.6118268966674805
0.0
0.0
0.0
0.0
0.0
2.4389243125915527
2.215010643005371
0.0
2.116964101791382
2.2822680473327637
2.3451404571533203
2.281712293624878
0.0
0.0
2.0651438236236572
0.0
0.0
0.0
0.0
0.0
0.0
0.0
0.0
0.0
0.0
0.0
0.0
0.0
0.0
0.0
0.0
0.0
2.442070722579956
0.0
0.0
0.0
0.0
0.0
2.4292235374450684
0.0
0.0
0.0
0.0
0.0
0.0
0.0
0.0
0.0
0.0
0.0
0.0
0.0
0.0
0.0
0.0
0.0
0.0
2.086961507797241
2.2708702087402344
2.5698134899139404
2.1462316513061523
2.3811516761779785
2.465311288833618
2.1884493827819824
1.990309238433838
2.209676742553711
2.517341375350952
2.4267377853393555
2.177978038787842
2.4659581184387207
1.7859656810760498
2.1909170150756836
2.543569803237915
1.67009437084198
2.670496940612793
2.250009536743164
2.660799026489258
2.3218631744384766
2.443338394165039
2.164788246154785
2.3825690746307373
2.1596310138702393
2.075932025909424
0.0
0.0
0.0
0.0
0.0
0.0
0.0
0.0
0.0
2.381697416305542
0.0
2.425610065460205
0.0
0.0
0.0
0.0
0.0
2.7505412101745605
0.0
0.0
0.0
0.0
0.0
0.0
0.0
