0.0
0.0
0.0
0.0
0.0
0.0
0.0
0.0
0.0
0.0
0.0
0.0
0.0
0.0
0.0
2.1804068088531494
2.342118978500366
2.303030490875244
2.579442024230957
2.2538585662841797
1.7781822681427002
2.1784558296203613
2.731898784637451
2.355890989303589
2.3248279094696045
2.515265941619873
2.1009225845336914
2.2125139236450195
0.0
0.0
0.0
2.139885425567627
0.0
0.0
0.0
0.0
0.0
0.0
0.0
0.0
0.0
0.0
0.0
0.0
0.0
0.0
0.0
0.0
0.0
0.0
2.5779495239257812
0.0
0.0
2.4722070693969727
2.391071319580078
0.0
0.0
0.0
0.0
0.0
0.0
0.0
2.1288585662841797
2.093815803527832
2.3116955757141113
0.0
2.2211499214172363
0.0
0.0
2.1065454483032227
0.0
0.0
0.0
0.0
0.0
2.3267767429351807
2.5831542015075684
0.0
2.1303882598876953
2.0832936763763428
2.117501974105835
2.1962685585021973
0.0
0.0
2.2686967849731445
0.0
0.0
0.0
0.0
0.0
0.0
0.0
0.0
0.0
0.0
0.0
0.0
0.0
0.0
0.0
0.0
0.0
2.3050873279571533
0.0
0.0
0.0
0.0
0.0
2.1918272972106934
0.0
0.0
0.0
0.0
0.0
0.0
0.0
0.0
0.0
0.0
0.0
0.0
0.0
0.0
0.0
0.0
0.0
0.0
2.5169992446899414
2.207280397415161
2.2547478675842285
2.448840379714966
2.528383731842041
2.3500449657440186
2.160466194152832
1.6393098831176758
1.964294672012329
2.2830638885498047
2.316500663757324
2.4768476486206055
2.378080368041992
2.166776657104492
2.1533596515655518
2.2718160152435303
2.286620616912842
2.4258673191070557
2.406247138977051
2.4009597301483154
2.1516306400299072
2.534722328186035
2.634056806564331
2.4263532161712646
2.3747856616973877
2.4605937004089355
0.0
0.0
0.0
0.0
0.0
0.0
0.0
0.0
0.0
2.1465277671813965
0.0
2.3091845512390137
0.0
0.0
0.0
0.0
0.0
2.1486313343048096
0.0
0.0
0.0
0.0
0.0
0.0
0.0
