0.0
0.0
0.0
0.0
0.0
0.0
0.0
0.0
0.0
0.0
0.0
0.0
0.0
0.0
0.0
2.3994481563568115
2.1156606674194336
2.4594359397888184
2.2492377758026123
2.607569694519043
2.4234392642974854
2.455355644226074
2.383397340774536
2.3093607425689697
2.2037134170532227
2.539625883102417
2.19497013092041
2.0995254516601562
0.0
0.0
0.0
2.3603880405426025
0.0
0.0
0.0
0.0
0.0
0.0
0.0
0.0
0.0
0.0
0.0
0.0
0.0
0.0
0.0
0.0
0.0
0.0
2.297811985015869
0.0
0.0
2.4176976680755615
2.341737747192383
0.0
0.0
0.0
0.0
0.0
0.0
0.0
2.348813533782959
2.3800578117370605
2.5548291206359863
0.0
2.4895882606506348
0.0
0.0
2.44313645362854
0.0
0.0
0.0
0.0
0.0
2.285722017288208
2.4713330268859863
0.0
2.0700159072875977
2.2665657997131348
2.1211471557617188
2.2119197845458984
0.0
0.0
2.0379154682159424
0.0
0.0
0.0
0.0
0.0
0.0
0.0
0.0
0.0
0.0
0.0
0.0
0.0
0.0
0.0
0.0
0.0
1.9823476076126099
0.0
0.0
0.0
0.0
0.0
2.3824291229248047
0.0
0.0
0.0
0.0
0.0
0.0
0.0
0.0
0.0
0.0
0.0
0.0
0.0
0.0
0.0
0.0
0.0
0.0
2.4453394412994385
1.9388999938964844
2.6268558502197266
2.3791353702545166
2.2679708003997803
2.4889416694641113
1.9762014150619507
2.581212043762207
1.9009900093078613
2.3020291328430176
2.457533359527588
2.1897811889648438
2.566070079803467
2.2837584018707275
2.0567941665649414
2.464601516723633
1.7134513854980469
2.3668625354766846
2.210657835006714
2.57515287399292
1.674080491065979
2.4463882446289062
2.507352113723755
2.633329153060913
2.4413299560546875
2.522202253341675
0.0
0.0
0.0
0.0
0.0
0.0
0.0
0.0
0.0
2.3613765239715576
0.0
2.0846545696258545
0.0
0.0
0.0
0.0
0.0
2.157660484313965
0.0
0.0
0.0
0.0
0.0
0.0
0.0
