0.0
0.0
0.0
0.0
0.0
0.0
0.0
0.0
0.0
0.0
0.0
0.0
0.0
0.0
0.0
2.037442445755005
2.8807106018066406
2.2817459106445312
2.2941079139709473
2.117072820663452
2.512547492980957
2.5179085731506348
2.0911855697631836
2.359663724899292
2.3006794452667236
2.211002826690674
2.2683353424072266
2.1231162548065186
0.0
0.0
0.0
2.1902644634246826
0.0
0.0
0.0
0.0
0.0
0.0
0.0
0.0
0.0
0.0
0.0
0.0
0.0
0.0
0.0
0.0
0.0
0.0
2.0721170902252197
0.0
0.0
2.4464871883392334
2.211811065673828
0.0
0.0
0.0
0.0
0.0
0.0
0.0
2.349490165710449
2.1602354049682617
2.4359617233276367
0.0
2.4664387702941895
0.0
0.0
2.1126978397369385
0.0
0.0
0.0
0.0
0.0
2.5731585025787354
2.3277132511138916
0.0
1.8771511316299438
2.221771717071533
2.324343681335449
2.3579516410827637
0.0
0.0
2.2816178798675537
0.0
0.0
0.0
0.0
0.0
0.0
0.0
0.0
0.0
0.0
0.0
0.0
0.0
0.0
0.0
0.0
0.0
2.2408952713012695
0.0
0.0
0.0
0.0
0.0
2.139713764190674
0.0
0.0
0.0
0.0
0.0
0.0
0.0
0.0
0.0
0.0
0.0
0.0
0.0
0.0
0.0
0.0
0.0
0.0
2.4048805236816406
2.582760810852051
2.547414779663086
2.387183904647827
1.9145301580429077
2.3847343921661377
2.2070024013519287
2.290393829345703
1.4114586114883423
2.364057779312134
2.1207780838012695
2.2415759563446045
2.502239227294922
2.206697940826416
2.3011624813079834
2.3567795753479004
2.087529182434082
2.1114635467529297
2.267086982727051
2.3266613483428955
2.2898197174072266
2.0578482151031494
2.301405668258667
2.372711658477783
2.373737096786499
2.3652572631835938
0.0
0.0
0.0
0.0
0.0
0.0
0.0
0.0
0.0
2.3396172523498535
0.0
2.093371629714966
0.0
0.0
0.0
0.0
0.0
2.171609401702881
0.0
0.0
0.0
0.0
0.0
0.0
0.0
