0.0
0.0
0.0
0.0
0.0
0.0
0.0
0.0
0.0
0.0
0.0
0.0
0.0
0.0
0.0
2.4536261558532715
2.1268413066864014
1.9460742473602295
2.342432975769043
2.565866231918335
2.1418259143829346
2.336580753326416
2.285517454147339
2.1008124351501465
2.0785346031188965
2.270667791366577
2.198531150817871
2.551342010498047
0.0
0.0
0.0
2.350209951400757
0.0
0.0
0.0
0.0
0.0
0.0
0.0
0.0
0.0
0.0
0.0
0.0
0.0
0.0
0.0
0.0
0.0
0.0
2.4614009857177734
0.0
0.0
2.179575204849243
2.455627679824829
0.0
0.0
0.0
0.0
0.0
0.0
0.0
2.077202796936035
2.4044947624206543
2.4591774940490723
0.0
2.3206522464752197
0.0
0.0
2.181276321411133
0.0
0.0
0.0
0.0
0.0
2.417506456375122
2.4713330268859863
0.0
2.2820379734039307
2.1922318935394287
2.0689871311187744
2.2996387481689453
0.0
0.0
2.3316245079040527
0.0
0.0
0.0
0.0
0.0
0.0
0.0
0.0
0.0
0.0
0.0
0.0
0.0
0.0
0.0
0.0
0.0
2.330118417739868
0.0
0.0
0.0
0.0
0.0
2.281463861465454
0.0
0.0
0.0
0.0
0.0
0.0
0.0
0.0
0.0
0.0
0.0
0.0
0.0
0.0
0.0
0.0
0.0
0.0
2.362358570098877
1.9388999938964844
2.2035813331604004
2.4548470973968506
2.3041346073150635
2.462414264678955
2.3689963817596436
2.594020128250122
2.470802068710327
2.417904853820801
1.4049594402313232
2.2924141883850098
2.2019948959350586
2.420987606048584
2.5223047733306885
2.3992843627929688
2.2386364936828613
2.3247034549713135
2.2753405570983887
2.3134474754333496
2.258298397064209
2.426548480987549
2.4692447185516357
2.5748398303985596
2.445892810821533
2.5049281120300293
0.0
0.0
0.0
0.0
0.0
0.0
0.0
0.0
0.0
2.4862313270568848
0.0
1.1272270679473877
0.0
0.0
0.0
0.0
0.0
2.3486711978912354
0.0
0.0
0.0
0.0
0.0
0.0
0.0
