0.0
0.0
0.0
0.0
0.0
0.0
0.0
0.0
0.0
0.0
0.0
0.0
0.0
0.0
0.0
2.0722060203552246
2.219754219055176
2.4403955936431885
2.329672336578369
2.5372066497802734
2.176833391189575
2.126132011413574
1.8397486209869385
2.242279052734375
1.095404863357544
1.9833883047103882
2.0108675956726074
2.475890874862671
0.0
0.0
0.0
2.1882667541503906
0.0
0.0
0.0
0.0
0.0
0.0
0.0
0.0
0.0
0.0
0.0
0.0
0.0
0.0
0.0
0.0
0.0
0.0
2.0970184803009033
0.0
0.0
2.4485206604003906
2.4354352951049805
0.0
0.0
0.0
0.0
0.0
0.0
0.0
2.246978282928467
2.1010067462921143
2.532553195953369
0.0
2.5186400413513184
0.0
0.0
1.6280544996261597
0.0
0.0
0.0
0.0
0.0
2.363968849182129
2.2873499393463135
0.0
2.1184282302856445
2.0542304515838623
2.2727291584014893
2.137576103210449
0.0
0.0
2.232297658920288
0.0
0.0
0.0
0.0
0.0
0.0
0.0
0.0
0.0
0.0
0.0
0.0
0.0
0.0
0.0
0.0
0.0
1.9822732210159302
0.0
0.0
0.0
0.0
0.0
2.309281826019287
0.0
0.0
0.0
0.0
0.0
0.0
0.0
0.0
0.0
0.0
0.0
0.0
0.0
0.0
0.0
0.0
0.0
0.0
2.513394594192505
2.250831365585327
2.4166831970214844
2.555432081222534
1.0853348970413208
1.8466637134552002
2.430588722229004
2.2855398654937744
2.029726505279541
2.3708877563476562
2.1929125785827637
2.497687578201294
2.2791924476623535
2.3000080585479736
2.4036476612091064
1.9982985258102417
2.5337071418762207
2.5314197540283203
2.3986780643463135
1.705309271812439
2.225780487060547
2.277224063873291
2.483276605606079
2.1366734504699707
2.3276588916778564
2.3260011672973633
0.0
0.0
0.0
0.0
0.0
0.0
0.0
0.0
0.0
2.2609403133392334
0.0
2.197026252746582
0.0
0.0
0.0
0.0
0.0
2.628929615020752
0.0
0.0
0.0
0.0
0.0
0.0
0.0
