0.0
0.0
0.0
0.0
0.0
0.0
0.0
0.0
0.0
0.0
0.0
0.0
0.0
0.0
0.0
2.0421502590179443
2.421997547149658
2.2344753742218018
2.400787591934204
2.4441659450531006
2.1353116035461426
2.4590790271759033
2.344892978668213
2.2986693382263184
2.590074062347412
2.3576838970184326
2.2860329151153564
2.3564610481262207
0.0
0.0
0.0
2.44508695602417
0.0
0.0
0.0
0.0
0.0
0.0
0.0
0.0
0.0
0.0
0.0
0.0
0.0
0.0
0.0
0.0
0.0
0.0
2.0054712295532227
0.0
0.0
2.3833086490631104
2.055771589279175
0.0
0.0
0.0
0.0
0.0
0.0
0.0
2.288578748703003
2.4732470512390137
1.8927266597747803
0.0
2.2586193084716797
0.0
0.0
2.5726664066314697
0.0
0.0
0.0
0.0
0.0
2.1419146060943604
2.1902036666870117
0.0
2.2748098373413086
2.1754884719848633
2.3877744674682617
2.2174417972564697
0.0
0.0
2.2886312007904053
0.0
0.0
0.0
0.0
0.0
0.0
0.0
0.0
0.0
0.0
0.0
0.0
0.0
0.0
0.0
0.0
0.0
2.1346683502197266
0.0
0.0
0.0
0.0
0.0
2.171975612640381
0.0
0.0
0.0
0.0
0.0
0.0
0.0
0.0
0.0
0.0
0.0
0.0
0.0
0.0
0.0
0.0
0.0
0.0
2.1280250549316406
2.150334596633911
2.5363898277282715
2.2788074016571045
2.556807041168213
2.41656756401062
2.245173692703247
2.502387762069702
2.4976465702056885
2.5049712657928467
2.6605563163757324
2.3811826705932617
2.5442323684692383
2.3305716514587402
2.222860336303711
2.488369941711426
2.2931599617004395
2.1846423149108887
2.4017229080200195
2.5352234840393066
2.5517306327819824
2.4543988704681396
2.290565252304077
2.553826332092285
2.4333438873291016
2.498613119125366
0.0
0.0
0.0
0.0
0.0
0.0
0.0
0.0
0.0
2.4934306144714355
0.0
2.2711942195892334
0.0
0.0
0.0
0.0
0.0
1.689676284790039
0.0
0.0
0.0
0.0
0.0
0.0
0.0
