0.0
0.0
0.0
0.0
0.0
0.0
0.0
0.0
0.0
0.0
0.0
0.0
0.0
0.0
0.0
2.359020709991455
2.6652889251708984
2.513660192489624
2.2486233711242676
2.676501750946045
2.2919483184814453
2.7507829666137695
2.3583338260650635
2.2152934074401855
2.2158851623535156
2.514139413833618
2.3945608139038086
2.3207759857177734
0.0
0.0
0.0
2.390169382095337
0.0
0.0
0.0
0.0
0.0
0.0
0.0
0.0
0.0
0.0
0.0
0.0
0.0
0.0
0.0
0.0
0.0
0.0
2.187915563583374
0.0
0.0
2.3921658992767334
2.4867236614227295
0.0
0.0
0.0
0.0
0.0
0.0
0.0
2.1195874214172363
2.288148880004883
2.3918039798736572
0.0
2.4891581535339355
0.0
0.0
2.6121749877929688
0.0
0.0
0.0
0.0
0.0
2.6124675273895264
1.7949613332748413
0.0
2.3702151775360107
2.195194959640503
2.3275303840637207
2.1703643798828125
0.0
0.0
2.27414608001709
0.0
0.0
0.0
0.0
0.0
0.0
0.0
0.0
0.0
0.0
0.0
0.0
0.0
0.0
0.0
0.0
0.0
2.0372958183288574
0.0
0.0
0.0
0.0
0.0
2.080516815185547
0.0
0.0
0.0
0.0
0.0
0.0
0.0
0.0
0.0
0.0
0.0
0.0
0.0
0.0
0.0
0.0
0.0
0.0
2.1364247798919678
2.2608087062835693
2.6617648601531982
2.364457130432129
2.6239588260650635
2.5515356063842773
2.313894748687744
1.860093116760254
1.6313871145248413
2.1774182319641113
2.3900046348571777
2.233619213104248
2.2026567459106445
2.2428395748138428
2.291652202606201
2.40446138381958
2.3734071254730225
2.3614838123321533
2.3953473567962646
2.456974506378174
2.198002815246582
2.1274962425231934
2.0970349311828613
2.4235801696777344
2.413400888442993
2.1445865631103516
0.0
0.0
0.0
0.0
0.0
0.0
0.0
0.0
0.0
2.370692729949951
0.0
2.3497843742370605
0.0
0.0
0.0
0.0
0.0
2.2618050575256348
0.0
0.0
0.0
0.0
0.0
0.0
0.0
