0.0
0.0
0.0
0.0
0.0
0.0
0.0
0.0
0.0
0.0
0.0
0.0
0.0
0.0
0.0
2.164397954940796
2.114907741546631
2.4466819763183594
2.1478888988494873
2.2911622524261475
2.4891748428344727
1.9475816488265991
2.1894960403442383
2.0657269954681396
2.219388723373413
1.5670084953308105
2.3597633838653564
2.225888729095459
0.0
0.0
0.0
2.3028595447540283
0.0
0.0
0.0
0.0
0.0
0.0
0.0
0.0
0.0
0.0
0.0
0.0
0.0
0.0
0.0
0.0
0.0
0.0
2.2387452125549316
0.0
0.0
1.8954956531524658
2.0965023040771484
0.0
0.0
0.0
0.0
0.0
0.0
0.0
2.431292772293091
2.392535448074341
2.6210474967956543
0.0
2.3897247314453125
0.0
0.0
2.2985687255859375
0.0
0.0
0.0
0.0
0.0
2.391484260559082
1.8285306692123413
0.0
2.3169264793395996
2.096092700958252
2.123960494995117
2.2121903896331787
0.0
0.0
2.143246650695801
0.0
0.0
0.0
0.0
0.0
0.0
0.0
0.0
0.0
0.0
0.0
0.0
0.0
0.0
0.0
0.0
0.0
2.4409115314483643
0.0
0.0
0.0
0.0
0.0
2.329084634780884
0.0
0.0
0.0
0.0
0.0
0.0
0.0
0.0
0.0
0.0
0.0
0.0
0.0
0.0
0.0
0.0
0.0
0.0
2.2917089462280273
2.3277533054351807
2.406771183013916
2.508073329925537
2.243165969848633
2.4241507053375244
2.0591585636138916
2.4383811950683594
2.2686097621917725
2.5001118183135986
2.235980749130249
2.327394962310791
2.2846086025238037
2.292433023452759
2.413858413696289
2.3144783973693848
2.2931599617004395
2.2336573600769043
2.5814144611358643
2.394695281982422
2.0486950874328613
2.0769448280334473
2.4822561740875244
2.3867955207824707
2.518876552581787
2.3145532608032227
0.0
0.0
0.0
0.0
0.0
0.0
0.0
0.0
0.0
2.3540804386138916
0.0
2.464289903640747
0.0
0.0
0.0
0.0
0.0
2.514831066131592
0.0
0.0
0.0
0.0
0.0
0.0
0.0
