0.0
0.0
0.0
0.0
0.0
0.0
0.0
0.0
0.0
0.0
0.0
0.0
0.0
0.0
0.0
2.2031655311584473
2.1380343437194824
2.534956455230713
2.2895750999450684
2.4632363319396973
2.4546823501586914
2.256511688232422
1.5253630876541138
2.25651216506958
2.1285810470581055
2.4453048706054688
2.1276350021362305
2.442317008972168
0.0
0.0
0.0
2.3665192127227783
0.0
0.0
0.0
0.0
0.0
0.0
0.0
0.0
0.0
0.0
0.0
0.0
0.0
0.0
0.0
0.0
0.0
0.0
2.113790512084961
0.0
0.0
2.675623655319214
2.3405063152313232
0.0
0.0
0.0
0.0
0.0
0.0
0.0
2.4647092819213867
2.3706889152526855
2.2524046897888184
0.0
2.349008798599243
0.0
0.0
2.2304532527923584
0.0
0.0
0.0
0.0
0.0
2.590146780014038
2.446265459060669
0.0
2.086555004119873
2.302873134613037
2.41542649269104
2.420448064804077
0.0
0.0
2.089925765991211
0.0
0.0
0.0
0.0
0.0
0.0
0.0
0.0
0.0
0.0
0.0
0.0
0.0
0.0
0.0
0.0
0.0
2.667630910873413
0.0
0.0
0.0
0.0
0.0
2.4512693881988525
0.0
0.0
0.0
0.0
0.0
0.0
0.0
0.0
0.0
0.0
0.0
0.0
0.0
0.0
0.0
0.0
0.0
0.0
2.13348650932312
2.1359519958496094
2.2163023948669434
2.3898568153381348
2.1627955436706543
2.42018723487854
2.2563188076019287
2.282137870788574
2.3334007263183594
2.3082194328308105
2.363372802734375
2.414423942565918
1.9480091333389282
2.298408031463623
2.3713181018829346
2.453084945678711
2.304439067840576
2.5759239196777344
2.239931583404541
2.3556556701660156
2.0767529010772705
2.155693531036377
2.5458812713623047
2.255035400390625
2.4100632667541504
2.5325570106506348
0.0
0.0
0.0
0.0
0.0
0.0
0.0
0.0
0.0
2.571113348007202
0.0
1.8404244184494019
0.0
0.0
0.0
0.0
0.0
2.2611241340637207
0.0
0.0
0.0
0.0
0.0
0.0
0.0
