0.3412759402704916
0.4611162449408281
0.3165330806928126
0.242889918945873
0.3427958144375176
0.4800647511654625
0.2846140053794112
0.3434061373529958
0.4618510379384006
0.1083393468083436
0.5521681880779964
0.5212927359436351
0.4969390087174107
0.0826443784943273
0.2900827403966501
0.2382747706103848
0.1015999741294992
-0.2353335852471366
0.0468576972770444
0.3804740930412571
0.3139416716574905
-1.0461804877623124
-0.1223677162439369
0.4306759053547964
0.5153695466698706
0.3089916675540252
0.3582331828275466
0.1889049635363624
0.6250822040306097
0.5493846706501769
0.4104916561430518
0.2427738383841661
0.2576424446991239
0.441574057174195
0.4463403985942932
-0.9281258172724228
-1.524883878350819
-0.6258103019162663
-0.581740147106412
0.4595510650448067
0.3491973980128534
0.4524325005135683
0.145320445468599
0.3089530753689565
0.0813719420038526
0.4228559276291491
0.4123593958848275
0.3614723751480154
0.3436212586701243
0.3123836538263624
0.4104756213887304
0.3568617604946027
0.0197190209706237
-1.638323424396448
0.3908783941257022
0.4602633141187149
0.4748251058754451
0.4593625699034667
0.3360947209746188
0.3125474362060098
0.2834812833297371
0.4233645288284548
0.2262568008293216
0.3759409816145637
0.3407488491456126
0.1788730778288889
0.4359808926115862
-0.1983867433974095
0.2251840667378185
0.3211648625921711
0.3788042177055425
0.5159366863759642
0.1957432384499008
-0.8045590756428309
-0.1330101355371066
0.4883009871897972
0.54969369782362
0.3390517207647501
0.2730053585711508
0.1904893675417085
0.3109165381880154
0.3633888329968755
0.4260698429735874
0.5975855788634133
0.2329364003619471
0.3902231968276817
0.3393093029975657
0.4196426867301786
0.3902056359447443
0.4626602919538946
0.5084171800084291
-0.0906075549338281
0.2689557571663273
0.176875625636849
0.3418742162759665
0.4263659392749624
-0.3998947102802893
-1.1315898966710969
-0.1644014749513521
-0.5350089295380064
0.2822041693638682
-0.3336873609540212
0.2551357533352235
0.5657560017114651
0.3826718822720013
0.3890731655573052
-0.6972625740353181
0.4234728644028394
0.431324929568634
0.6120818733455075
0.2239648774888986
0.4171683154865039
0.0424119926695548
0.5904583990883897
0.3945098277069023
0.3540276851118111
0.5355544113282382
0.3160014209814204
-1.4192821202343069
0.3920793204654791
0.2793849395843363
-0.2008009064154828
0.5891126371313303
0.431116680950971
0.4454006397028589
0.3796391303545335
0.5172501540393203
0.3453019919178093
0.2820895415546526
0.384559582630034
0.1297745040532184
0.2914370107086693
-0.0724082684665797
0.4632209476761431
0.4398751074758968
0.3367316204727033
0.2479113934524818
0.3600338487993597
0.0210584892968913
0.40645568692533
0.102571774647868
0.4654845600553893
0.3766277906017301
0.3553315778324151
0.2885418451164752
0.5459253294163774
0.3247241509245974
-0.3385152607765496
-0.094942681377805
0.4345657064947173
-0.0971468356747199
0.3847661954198089
0.3443499608388232
0.4444800065510363
0.6582788738764002
0.3222229243370265
-0.4420561906775971
0.2449607806185275
0.4223889452002969
0.3850927305583175
0.4072594007199253
0.4865965539045273
0.1895950915592774
0.4465662711762756
0.2412335641965633
0.4882092116863297
0.6204765724441962
0.1272706640237666
0.4263660818477379
-0.0172060918837133
0.3211871403658881
-0.5501445667026659
-0.0238358500185592
0.3742497406312742
0.1184255629250532
0.5334021747071196
0.3955074554719415
0.2212646788531598
