0.1468716435667703
0.164455690220104
-0.1089129843425958
0.6482211871518833
-0.3773390313779711
0.2731513122596732
0.2790703037154897
0.1841604761668847
0.4610886529361882
0.4283009414390436
0.1169527387076923
0.1971800937574731
0.2251737512393809
-0.528432466992847
-0.3385328562766913
0.1194238880557163
0.434974032305127
0.4457480705235535
0.2867362489940765
0.3474536384058233
0.2728335484949835
0.4631623997289735
0.126075402198062
-2.8800554529864337
0.2006795646326244
0.2646054813519899
0.1504140223984187
0.4184965385821302
0.4431556587239196
0.4176400039631354
0.3991110188624532
0.3119779902773328
0.4352939154189679
0.2286902790624696
0.5415561480208764
-0.1675588697256069
0.2135769881788621
-0.4996344340212302
0.4059862463716739
-0.0051442990086211
0.4836493765621359
0.7569210607744024
0.910515658172404
0.368781668998985
-0.0148495587645807
0.3205699458970856
0.6193782498302102
0.34092875928589
0.4189542785582731
-6.224542557473674
0.4617832963535391
-0.2813359342243002
-0.5285491947986509
0.2939515183597906
0.2009653090340672
0.3503932554093142
-0.0837603939731357
0.4789520512680328
0.470161546585971
0.0142361043370529
0.3546318040804019
-0.3977372029909962
0.3845443914325788
0.537967141993777
0.1673815294306068
0.3916116868844467
-0.7125579926724664
0.4219358926139522
0.4415845339936532
-1.337422885186337
-0.0572653542210886
0.2808786737470309
0.3934767986960389
-0.693195686051563
0.0300635221076719
0.2035988760213289
0.4018293123127118
0.434974032305127
0.8349240983315026
0.3211725182698501
0.7393977742334492
-0.0517392313455871
-0.5202334840630889
0.5588664188744792
-1.8534829007308609
0.3927115803906513
-0.7955313372376319
-0.8926725352439298
0.1258889653964867
0.4627355092566361
0.9063501036808668
0.6028120054554711
-0.0075233242879305
0.3064012336499822
-0.5010177621588164
0.5141445885632293
0.3296125038594775
0.2005073376652868
0.4231057202306204
0.4267754579038995
0.3345414197190062
0.3231263421271681
0.3448574374321325
0.5248832082314857
0.4715530170268454
0.4521429256323348
-0.0428839964609576
0.1164156764350894
0.2288196240157685
0.1208968484460321
0.4895733470912962
0.5132126128563849
0.311492599271655
0.2186643354846923
-0.1342303887912684
0.3670976536427111
0.0427105199413481
-0.1919130987329087
0.4102230356629275
0.194666606652526
0.190631246167335
0.3595431916968786
0.1957432384499008
0.330064116831622
0.5324761524924418
0.6976622750186087
0.3665385568505674
0.2417018347311923
0.262552765268531
-0.3236108393834758
-0.3660718848756221
0.298103860765866
0.6320643507875014
0.2929971589378739
0.0642538855320172
0.2239992690519476
-0.3298304857942205
-0.2206154575967649
0.3218122840664572
0.3475877338958238
0.2378280192751292
0.2137939279361043
0.3180238659400382
0.4297306696419681
0.4309874461073741
1.0698899513520757
0.5011584098018572
-0.1293312025295109
-2.465492689458989
0.5483330350661043
-1.1576572776704168
0.077613305899994
0.3030983957804751
0.0535816618731087
0.3597939302018358
0.1551937901072315
0.1315283597881254
0.4283009414390436
-0.3543079935136269
0.6283309291253812
0.3466925506666595
0.3736724817656527
0.1412553702911956
0.3176123454568768
0.5989458656862341
0.3279040427131862
0.4072278629162256
-0.0416725348625499
0.4083301266644003
0.3176123454568768
0.5948557192621309
-0.1986044634420959
0.0411634955257456
0.1384341852761883
0.3658057285165728
-1.2920920549593995
0.6710774136502167
-0.093057470888344
