-2.1496122565421234
0.4221701092204969
0.4265451866274971
0.4164031308443403
0.336187227326379
0.0107822543843977
-0.5786917210828022
0.3857922645921257
0.534376062179163
-0.342722714240633
0.3840692132159768
0.3594014767270607
0.2663185897313431
0.480193236558333
0.2329500453698132
0.3728246253019862
0.4613248601499294
-0.127453514422184
0.675273986136908
0.7854269315204946
0.064408362638665
-0.1198796204918287
0.0104337378044864
-0.6012342630508998
0.3101024423648159
0.3779435603440244
0.5625412870803762
0.3543392196142694
0.43597865892311
0.3934695706659379
0.537942543927714
0.5963975762875079
-1.0086166176034903
0.3784941336006671
0.2819211447638273
0.3055793963526492
-0.0477484161047756
-0.6566863300363651
0.5281384095507609
-0.7422185459556943
-1.0017005719736876
0.4365224726578438
0.4275498095380987
0.2822041693638682
-0.022093758338847
-0.1076272885447746
0.2104282252481054
-0.2419123148307047
-0.6802649566034714
0.5353957479951057
0.1684339689629282
0.2604917724699138
-1.0962641497214909
-2.2857691752916875
0.5181170737128643
0.3944835678360633
0.5678388113769853
0.4034530094246886
0.3247241509245974
0.7549624194661949
-0.0777976299490719
0.2844763071914699
-0.0106596720767893
0.1433924920651341
0.0690604424650705
-0.2847983758817422
0.4277068786479024
0.4474500621232167
0.4198244952515206
0.3619664642162749
0.6786186059951314
-0.0237002734235498
0.4712332174139202
0.441666410673915
0.5423345935635948
0.5360567612600572
0.4385619994090885
0.8174015640700767
0.2554769129752635
0.4593549219440338
0.0033767804636792
0.4377530349208644
-0.9879095495965114
0.3769891733738959
-0.0020191148617449
0.1886214144516812
0.4172535260414711
0.5162400701660366
0.3925127859912935
0.4212588707627193
0.3546190852660648
0.1988614044324279
0.0908913612363218
0.4251544445294299
-1.7425844491341484
0.5242476264659643
0.5408299941459597
0.5286588097780007
0.5970848502309607
0.4585941142689589
0.0198288346513463
0.3133038422817583
0.1636120797914225
0.4918860607897037
0.4587126630025487
0.3117789172600076
0.4669474683802537
0.369196298787096
0.4352334815841261
0.4146869483223909
0.0704092981967854
-0.1911945195795722
0.3180238659400382
0.4170558553424834
-0.4011100425398378
0.4044798888343215
0.4386166058422607
0.124430277879631
0.0469602825282475
-0.5121013962869726
-0.2399914866776765
0.162070113991014
0.4645226912687977
0.4811207508664592
0.3799313757501674
0.2688852762216929
0.437713349101822
0.1291742881893186
-0.4276982401353561
0.5487118091251451
0.3566514506469886
-0.3408993613661474
0.2482289959586147
0.5085352847276944
0.1004359900320675
0.1007690045633075
0.3791064347448367
-0.4672690731273667
0.3888790968970359
-2.356450596965795
0.3521871392921826
0.2767444804960206
0.7057933347295111
0.3854663657468317
0.407953514580291
-0.0074749669343945
0.1261812037647195
-0.5523134211053551
0.4170864193456166
-0.4635066184789833
0.1047201254165828
0.5662723835175417
0.5292412739467384
0.4799823853650602
0.4110018753852105
0.2926677819967258
0.3185659925062358
0.3697075611754186
0.4347061500029009
0.4327023745649661
0.075223409203298
0.360475548258963
0.4226150342183566
0.1250460016424025
0.3538638163194012
0.5353603156319368
0.3413670305677336
0.225356077594214
0.1598527082602211
0.6674074070152394
-0.2338570685169542
0.2924304941461165
0.5300737570914643
0.2742418386358276
0.6012389344812846
-0.7753133914341882
0.1284943577943127
0