0.3928596096434447
-0.0010737928235901
0.2290511380676774
-0.7499408885085089
0.1526648248230484
0.4577661754783081
0.4033324417934321
0.1206124307694354
-0.1665143635399431
-1.0138799353211272
0.5390485715540222
0.2934587886385267
-0.0425594784249922
-0.0561288948608769
-0.2433315059368973
0.3581008227707551
0.4082793874427237
0.5463774562265478
-1.2727413193802593
0.8243990309436348
-0.0205283616712707
0.1753971637419613
-0.0663402348550732
0.3320118514847331
0.3048869154312582
0.3635428254012288
0.3176697412659153
0.3398999276686882
0.2568414248788492
0.3154833958185173
0.3237496948269586
0.0753291813896402
0.4222454118437588
0.2540775815738848
0.4881459356755395
0.4368647206148734
0.3331228035395726
-0.3127273641736937
0.3536194981377697
0.49462307310764
0.0670580235670921
0.1640150592407035
0.4164421182102832
0.3388404381927108
0.3924479216179504
0.4372970455957719
0.4016853458225105
0.4745864144135779
0.3630575877513036
0.4698398330701149
0.5560788144307001
0.3687425965693791
0.2707321716589506
0.4170558553424834
0.1400892293128989
0.3175163995866028
0.2908643123208019
-1.0829055130176333
0.3639858880347474
0.3487825786877359
0.3642036325862707
0.4701000419684246
0.2550821231062448
-0.5823137117912692
0.1063869309383704
0.1325588720119303
0.464033897896063
0.5805211634495486
0.4952348025079781
0.3791554897215132
0.4435789322699233
-2.090587524859062
-0.2399727976748258
0.2762008740876033
0.2139102670238676
0.4167410766969517
0.3342561783999404
0.4203459773165018
-0.416172321700361
0.5427085259386226
0.4288691373895532
0.2476706441943905
0.4134300327451161
0.287023841394954
-1.5427274456855775
0.6396489245510409
0.2659227845599508
0.2055299815051701
0.5513124369596886
0.4743282147887657
0.3739133030914581
0.2719147362276274
-0.0817553495171952
0.3107180976329666
0.4997747420268761
0.4302403478171577
-0.1584020938277083
0.0628782477769783
-0.5561018257572069
0.3716650314226338
0.4671877854303874
0.4393132246969427
-0.9759205756298002
0.1051784274382305
0.4177181461676775
0.5148246897717518
0.2206352828099219
0.507471497697146
0.347842904687738
0.2027934579610091
0.3179230351438963
0.3210499002146025
0.4248925175766124
0.4218446628528227
0.291384773411836
0.489166476413894
0.448374214334561
0.1820479886316158
0.5338660367863723
0.0785168699464055
0.6153886357257631
-0.1691881388569473
0.5414244755101003
-0.0520026823743763
0.4039623636219114
0.2649535825674464
0.4819759164459739
0.4831451104124458
0.6090246530433461
0.8262328507812691
0.2646054813519899
-0.1455775429254645
-0.5506722021469218
0.3107177259563878
0.4281916263860419
0.0547683096441028
0.0265097744084282
0.3799708447965055
-1.6760837029522593
0.291891633656404
-0.416957449922146
-0.273926103772731
0.1727973939897347
0.2681667934420221
-1.1165766367207193
0.3193751694044882
0.4458020386316099
0.0036879574403321
0.5163582255250683
-0.0315771257972812
0.3552435334807399
0.5234002338181855
0.4704299729889374
-0.0194202083773161
0.1871689803901558
-0.9110080222007816
0.396724591156979
0.4877957822938777
0.1644024922200388
0.275814661373472
0.5620907128845001
0.1669829732866058
0.4505626777988654
0.0196596973882962
0.3784714174423713
-2.197415516833486
0.28620263047671
0.3343805367959909
0.4495128969036915
-0.642914788680257
0.2983843572357809
-0.1497281418564031
0.2061876051193856
-0.5475706276045892
0.5569067798932668
0.4111542041361329
-1.2401013134326135
0.3623827827940617
