-0.3154042537211359
0.3744523844230574
0.4528917174791209
-0.8740107115205675
-0.6279722989636177
0.2400192129879597
0.425040349760156
0.3980466806135808
0.6193465069700178
-0.2689229393428899
-0.1586318675709902
0.4750336829271877
0.4087523100542061
0.1076348373153724
0.4747680314038434
0.318827674236412
0.449164773460335
0.5286588097780007
-0.8311361301713759
0.4262664015529825
0.4593058670926089
-0.6030855999790082
-1.7229518401010948
-0.1089871748707483
0.3020359967851205
0.370201643262559
0.3904353135219497
0.1100763615042688
0.4684771961170303
0.6116793647391116
0.2725096575735257
0.0161855019787314
0.3313913145961622
0.5216053693066492
-0.5269340183428598
0.3660676747499246
0.4028228334605612
0.4133991141506956
-0.1997392055467223
-0.1583947184837457
-0.1660369376998148
0.4156921286183335
0.4117528558976959
0.3272469369880388
-0.0618414252188076
0.5833609467998419
-0.2764731244566336
0.3030123910465968
0.4669379888969034
0.4712704972277992
0.3382429543106848
0.3472208151411591
-2.33409170172813
0.3239579258526791
0.7611080190266918
0.6030500220934686
0.4244387642328047
0.5360935936047156
0.4381393328774143
0.369521015565686
0.369201671181986
0.0497457348682316
-0.0347884842529415
0.4836033116492643
0.5276900705827404
0.5763834182864335
0.2026380740853729
0.1173683640659675
-1.17075414917124
0.2328404725604129
0.4029687774375266
0.1584708015335092
0.4181999242288678
0.176229337937843
0.5686372047703672
0.383682310831885
0.3867810859615156
0.4947294578485322
0.3091902026762362
-0.135183446585738
0.3996097850996893
0.4607010746998211
-0.0066436810889736
0.374722841367378
0.1519977688049966
-0.4945009226891848
0.4786364535263002
0.3328403002778335
0.4536263289456065
0.4361730299873728
0.3441703516083665
-0.289531750439734
0.4370236996114503
0.3213981911647863
-0.0682042319903353
-1.6730273443895969
0.3531699352392132
0.4118719840733898
0.1865504478400135
-0.8379987172329392
-0.0850007311061837
-0.0092337862769122
0.14193652719482
0.4473369041249069
0.3956077931121659
0.3671854043345487
-1.0172184968978348
0.4148658336858928
0.5342447099302188
0.5172206367431917
0.4489511978011001
0.4728767734610379
0.4385942405390937
0.3892594450602447
0.5500243888631361
0.1857186099938257
0.4228778773677548
0.2232007797586001
0.357655566816608
0.0552843715919182
0.0023322907205607
0.4531918359903185
0.5346600754845442
0.2539663956793843
0.3486608818574528
0.3614946442671793
0.4919992711184245
0.15798977721769
-0.4581499077543356
0.4153761607950223
0.6521975804973248
0.4627601927728948
-0.0089720568664181
0.3637211785023993
-0.0932113209887712
0.317446053673728
-0.1856064591786357
0.4219466357353876
0.4948579510140578
-1.3877209467166365
0.8198339525359294
0.3779435603440244
0.3939302981012622
0.3037491678447767
0.0854131586237288
0.1555474972070761
0.1356953686592917
0.2119852930997839
0.0162311046766291
0.3142965131152358
-0.3950093969630759
0.3543055478196216
0.5200096387551167
0.5192810318866834
0.4497532001902997
-0.6702982570258187
-0.3095131790998044
0.2974988950787819
0.3404803020909897
0.1821814546642585
0.0437352559989226
0.4906909925776984
0.1914376474773512
0.541791271325506
-0.2446617862073513
-1.7693020344327424
0.461256505401712
-0.4248926052521404
0.0518106484066223
-0.069687457755788
0.3205816081037276
-1.3792828303738514
-0.0333820942420252
0.0804238584573276
0.1085216734411242
0.3124034256501852
0.3175508155103553
0.6612107989975335
