0.2553889446531943
0.3423721945494178
0.604602592317768
-0.4355565375396207
0.5090010769333118
0.0828116783113696
-1.249279708762135
0.3610691810941808
-0.2910411174295855
0.4021624460219556
-0.5298503075183302
0.1741296230919095
0.3205702726660628
-0.0110575271818939
0.4115046906670581
0.7880461723978844
-0.0471445874431216
0.2678467379829332
0.2281490334844553
0.3577744777462119
0.5798763979973975
-0.7662073416087987
-0.023831689055409
0.4067470424684892
0.400890579475591
-1.3527269325829412
0.3628480614990872
0.4509568080863059
0.0398796038622961
0.6541446862315152
0.5327768298488071
0.4047248998148217
0.5927883487548821
0.4616060286296568
-0.2377337383427518
-0.6537203800103124
-0.9521769915899686
-0.3891429249881579
-0.2076723230870754
-0.649983493382481
0.0784356516799532
0.0914265709256937
-0.3257991761485653
0.2517990231722219
0.365587820422409
0.2819950443101698
-0.0042433819617303
-1.2618113577073595
0.1918515693649538
-0.3170168702050579
0.4613239935197824
-0.3327649645011284
-0.8141870287792145
0.4619167542189307
-1.4077014544245676
0.3942634598274243
0.2999698494278551
0.1465893243972562
0.5911698006853179
-0.1105247010570549
0.1942992333744123
0.0884258936720856
0.4944472041535481
0.3414518556816003
0.3354434710020906
-0.1429407901915048
0.4926351491859606
-1.373412789773945
-0.2149707881249971
0.0764971878048677
0.3857922645921257
-0.2493381062399415
-0.6666521444687347
0.4613274941004601
-0.2299941265477304
-0.4857684576712957
0.5092749806422269
0.4039906673903537
-0.6202262391577087
-0.959344507603498
0.1086389258169033
-0.6760225653482906
0.3228242445799478
0.2765375347223975
-0.1760788220604192
0.5111955456192834
0.388267883114654
0.3804125779819509
0.1690264225481965
0.2281576629462624
0.1875116966696938
-0.0216853189676825
0.4419547947407663
-0.1364483971162944
0.2923615836437747
0.5304187000732847
-0.0831520471497252
-0.8535937899515993
0.4713141068836242
-0.4095902478862638
0.5151855513233873
0.4887091807302944
0.2737291008087117
0.4831099352506099
0.537296905218292
0.2293523361619164
-0.5620913994264581
0.395853050695881
0.2293268407649809
0.4430404971487093
0.2702022188154597
0.5730371112455775
0.064687623213277
0.4938670878480121
0.4791570946290935
0.3733758337631854
0.5407114923818758
0.2384433102084252
0.5131300266046591
0.4268194978503126
0.3213753868453928
-0.241586378451246
-1.487458518626832
-1.2663525245935692
0.2889628613419969
0.4974916141905548
0.3672358544970842
-1.133261333468566
-0.55110711381894
0.4557586301094068
0.5451179693508118
-1.3416283332403252
-0.1809952973720079
-0.7714870018168029
0.2034634268149079
0.5655664574209651
-1.6555082393233962
0.4091071697260262
-0.4988275263477755
0.3407488491456126
-0.5749436568130993
0.3087632048622299
0.0247192891059158
0.2494202318264226
0.5829887844317733
0.345056709957958
0.7553378376120197
0.4209153809291715
0.3526623082182145
0.1197745688780917
0.2371342461847136
0.1553824607066389
0.2957159442814438
-0.1402432164828297
0.3985060144434599
0.3520995363035564
0.468841826473514
0.0656916319668354
-1.3068064637708103
0.521515222012544
0.141040098536367
0.286495354306482
0.248530363955038
0.3442797242779556
0.0994727083923189
-0.9126329182323242
0.4490927076216295
-2.858263249911521
-0.4625486223329182
-0.1889361833543702
0.5338286865215128
-1.2762053287674964
0.2544325663148938
-0.2647753948437585
-0.2436429828288914
0.3022178277471987
-0.4031224839138687
0.5007114432818897
