0.7534188407855054
0.3237496948269586
0.3521406292118616
0.5349902665349023
0.2505622303021856
0.5291895112967643
0.4062529684977423
0.4376877458719128
-0.3779619907205027
0.6951864449246946
0.1759049643168667
0.4929753008652689
0.4605728771309658
0.3959178088429332
0.6178874970390763
0.5836536862898237
0.4501556748468081
-0.4891186787181834
-0.3076714193025577
0.4285813656293644
0.3615128684265543
0.341739587503361
0.1705583301608482
0.2070199653812737
0.4590321102749371
0.212440157510311
-0.1076300106695417
0.4175997314689311
0.4183114554542804
0.2040603837521445
0.335691735795006
0.2994726986772527
0.3390489164764056
0.5013524225192333
0.1512753092615802
0.172860908373701
0.477563106483765
0.3650599606414963
0.3657659953064878
0.3771362241190867
0.4297245549905548
0.5512358158168281
0.4890459036530473
0.2673999828315959
0.3981285902331137
0.2181277152500797
0.0570993292072399
0.4298809869095841
0.3446879941729925
-0.7239700854801588
0.5170677868138117
0.3620752290654157
0.2920300071568885
-0.7865745552102054
-1.048439429421947
0.4140027082034112
-1.0284734232553985
0.2374821971653216
0.4252829952352102
0.2541694459758385
0.3637433543884347
0.5181207424704608
-0.0036066316657366
0.2464537526982533
0.4604682863670615
0.3032061303822836
0.4758119822831411
0.4267754579038995
-0.8570851440121544
0.568878519194022
0.3748670187558637
0.265919398170644
-0.5190005211193752
0.3537111490070174
0.2058126640708706
-0.7235394043383734
0.1962740911859317
0.3980823627565442
0.4774007241484788
0.3894667585009286
0.2605682855929506
0.1854500688382634
0.3854017195688156
0.6925765136024516
0.5549773812414577
0.3621640931073377
0.4683350306828236
0.3614277729863302
0.241417374699196
0.4973708969773699
0.345678928800961
0.4745656365492197
0.1492969642461389
-0.1110171005680092
0.3700698619235635
0.5379257657171499
0.0691841289810693
0.3385576433363177
0.3457718879288274
-1.2405260533957956
0.4770642956610534
0.2689656891500266
0.3471970554719001
0.3629350001153787
0.4876974308213852
0.338802710575537
-0.5331352688810621
-0.3460061899189611
0.3705143323053086
0.3280609033597575
0.3318463423843975
0.391414232177773
0.3840186700552379
0.4156500054535877
0.3040443673588409
0.8344468795474745
0.2928519314996617
-0.5993404894145269
0.6022900527465996
0.3367193270560686
0.5102315085787782
0.419029156861971
0.4453304728591774
-1.290087757567062
-0.7934775054485607
0.3370001110977321
0.5268433433330347
0.39724766954605
0.3084409677721372
0.3206513086125306
0.6476920236169972
0.3442416293898852
0.1692134314174667
-0.1392856880817923
0.1603355051055794
0.3385576433363177
0.558543650897925
0.4985559362503311
0.5614135195285019
0.4861898087186544
0.3943524814262309
0.4893732519268532
0.6240461537606611
0.1963148014818324
0.4568355353895168
0.404274805433209
0.0788721785914307
0.4716776877956655
0.4608709357100635
-0.0470854811047026
0.3998273932929876
0.5682118136214042
0.4067115501607781
0.3507146942534629
0.5695410396002588
0.4486980715561706
0.5564039586453645
0.6475994528933923
-0.430039356723963
0.4053461453109381
0.5078501739502025
0.2586063698641588
-0.0186707236019927
0.3962125014899875
0.4486293128502523
0.4383612721645216
0.4556043076471791
0.1218917899411452
-0.2358803301203867
0.3177853849239251
0.3982720756635542
0.2072961519145578
-0.2497726030295011
-0.0335586583797024
0.4113629525531418
0.4348812278074129
0.0839015013555196
0.4263035581760975
