0.3876550842236091
0.1444106203740196
0.4887648899372394
0.1495821065449982
0.1273706385557695
0.3686322087220613
-0.234293434720036
0.0741223682395599
0.3658136233456632
0.4629255336360633
0.3600229838372715
0.2201887576597084
0.4035362415377113
-0.1200906346025776
0.4067470424684892
0.318409684223336
0.2471079674636297
0.6481160072173536
-0.0387162529582976
0.47816857556106
0.3680293234022828
-0.1320437596710716
0.6237851798560219
0.4248772531216889
0.520106270643445
-1.2129565005747376
0.4087900550985717
0.3639858880347474
0.5458481824108788
0.54572776631862
0.311166413482313
0.4745788986391538
0.287023841394954
0.3264515348807211
-0.5337580087982623
0.4159830874907062
0.1822076028108545
0.5078501739502025
0.5040161766412634
-0.111536174314607
0.2103689891018964
0.2113469996405931
0.1629175358175873
0.5076642789150095
0.275814661373472
0.6534511806941509
0.0545447899654485
0.2692916904965348
0.4584590816687977
0.0740040408878146
0.3841887440042423
0.3320779255253198
-2.31993455249174
-0.8551206018770331
0.573646816541784
-0.7861723359301974
-0.2460380915642275
0.4962854143423589
0.5487659964412569
0.3178932318340603
-0.9883049016558888
0.4141259701456942
0.0439873943545958
0.6557617806183188
-0.1033031571675963
0.435853952144474
-1.7479825931861397
0.3955142775323834
0.5523260413798784
0.4507460398165949
0.4908932039984751
-0.5968927133618837
-0.4049012058464969
0.3167272882694369
-0.2985810543175738
0.420907365468151
0.3141360367101298
-2.3501112003119107
-0.7546794568772555
0.4673662907896469
-0.3663813576046366
0.4643032570001232
0.3231919073119791
0.4147616347743946
0.4521429256323348
0.312623188186059
0.4525007703021695
0.4937298758005924
0.3811092228291615
0.2239912576786572
0.3414853649579314
0.3013219097308693
0.465629991851376
0.3018558449499088
0.2663557458006929
0.5569488283507987
-0.3434247565643695
-0.703626424710852
0.4039026365904898
0.340937440408213
0.4412668306533781
0.4535230153675384
0.4755863202095407
0.4509603646336266
0.7559729440353204
-2.819183929733609
-0.9375278448891148
0.4887648899372394
0.4669674390998339
0.2184713242367792
0.548979821808484
0.287023841394954
0.3986719410779281
0.413609275744726
0.5161007653552928
0.5413898601786863
0.1881784022423116
0.0573694052344645
0.287023841394954
0.552247505743345
-1.3482399329126988
0.5043718391605044
0.5523538827242492
0.407920983167933
0.492207010771486
0.3192525817685632
0.3729274881689601
-0.4611357762011225
-0.3117787389563682
0.6800205993482756
0.3709820318319449
0.3042063989777333
0.3932747360525941
0.1940197093039255
0.2825721530661157
0.4327023745649661
0.1641578225084506
0.3026743447892538
-2.880945001515212
0.5349825712882045
-0.0422153046161976
0.4406466138441378
-0.0770875696385233
-0.5686850812568456
-0.128667477957094
-0.2871718811431258
0.4515872138102956
0.3922776427598806
0.2127814441735697
0.1188548345073906
0.1949437968464774
0.4835305868820022
0.4574217103107827
0.0339570456842109
0.4560113831025869
0.5303051337610994
0.6190581284998312
0.3189828275490395
0.0043512696489451
0.4530185366780155
-0.4501000254574822
0.41585262888392
0.0703964651577119
-1.150004570067364
-0.2623398464555446
0.2842312007581169
0.2597403340699508
0.626816649584039
0.6159428751136964
-0.0081845765459355
0.3194249923550595
0.2279233727047684
0.3755337243284815
0.5267195492023568
0.3238044957283987
0.4150106373073016
0.4751371846599312
0.5145097718684313
