0.4608975615039957
0.2826472023861329
0.2418454418188808
-0.0474961832266603
0.3874112198240317
0.1548101684128759
0.760428082197407
0.367394267914799
-0.9094100259606824
-1.273955306324913
0.3864535650139232
0.0498236046669011
0.3680061395289595
-0.873553061482939
0.082583996724133
0.3477050969911464
0.4702205634601524
0.0700723397867266
-0.1887212917011307
0.4117680285061797
0.0787810968189208
0.3742497406312742
-0.153111948865759
-0.0079470324992562
0.0756220767877092
-3.851195588528781
0.4673166964701347
0.1802560309347719
0.4589882601795548
-0.4020001212813479
0.347364725689139
-0.2675153075466405
0.3647487365915891
0.208010815033682
-2.7142263599484027
-1.1387157384696758
0.3281183586982316
0.5779531507713879
-0.0210793810819775
-1.8184115766198088
0.2769784607604331
0.4103581179498157
-1.366138354510966
0.4023794393900668
-0.6523313245988711
0.5419899838155814
0.3209723289115272
0.17965173348864
0.2979456427707565
0.4462721043637713
0.3938440442434072
0.2339194492066448
-2.0939108819210834
0.4200741232588597
0.287805861924088
-1.413354805873574
-0.1389844629418652
0.4186801284903987
0.4592637260661261
-2.3754765828537083
-1.3918861736826715
0.2718812562141562
-0.6949987917035103
-0.0633027500699769
-0.5412274747869389
-0.3075970923306438
-2.42174706623935
0.3531525020062766
0.4692911856264714
-0.4598608587329638
0.4120032797550561
0.1054805508661839
-0.3471298200994289
-1.5412805269153995
-1.4968494909850871
0.1162640223334575
0.6766425122597607
0.2629764894788722
0.5924998723764479
-0.412901501923461
0.3868160112038402
0.4028121082597424
-2.540419099494229
0.4534202968893766
0.3916767569187376
-1.0506765252185457
0.4221701092204969
0.5903477342500931
0.3686454249633573
-3.153131365135901
0.3832575968590716
0.5605093939548446
-1.5116221350848025
-0.5558989559535304
0.5658185713365734
0.2087646697442721
0.8797990780550773
-1.782707807560035
0.4755370536752371
0.0404124738151396
0.514684653676956
-2.41343266255272
0.390057511739746
0.1000727642612583
0.6539397466331753
0.3670550394609404
-0.878420939231968
0.3680074333820483
-1.621630018660338
-1.226450666533662
-0.7518225869530634
0.5644335805240143
-0.1652917522124191
0.300385080935052
-2.3825492952823546
0.399470940341595
-3.905746732594205
0.5334080359599901
-1.0502311963191138
0.3995662556304699
-0.28758722404737
0.5935112127646526
0.4992157886800507
0.3899170326151844
-0.833120010129686
0.4338235920324085
-1.1543336636567467
0.3271539949712777
-0.1231858775835899
-0.6309536007012827
0.2136888917026402
0.7649855366774124
-2.6395985514659017
-0.9112578793236376
-0.5230921166935548
-0.2381764928631399
0.0335837755684819
-2.9303274346919985
-2.7209510200313978
-3.203799056332924
0.4066489677023526
0.1114542025688607
0.3466923587809553
0.3812552743308152
0.4761760067810082
0.5326970662018402
0.4413772503419821
-0.5981862128348635
0.5072317119292898
-0.6053184884182948
-0.996035371302908
0.4131518447427977
0.2866217193254251
0.4628300501649932
-6.09604867779777
0.1010320382012052
-1.4782434721464384
-0.3205704582244265
-0.1553806025692334
-0.7357906853842308
0.2888122995919891
0.6379858296733911
0.5718581581988863
-1.2359194125821868
0.4884088560113667
-2.767489542284144
0.3740061789154729
-2.176351687107292
-1.6262200012260208
-0.1356006991348919
-0.2081487190347633
-0.9544521212825782
0.2664533268418603
0.0714832721131672
0.0687436996855839
0.461844134418542
-1.220551244130198
0.4234418630348169
