-4.938092274032016
0.3836233552200751
0.3875029466961892
-1.3023734560499898
0.022939873731465
-0.7168154408213162
-0.6906662268136436
0.3217651044894367
0.5036171593793014
-1.476308398134637
0.5638430975072478
0.3171759619612911
0.0981263800266891
0.2332783151961441
0.1678401848268043
0.5889630857264044
0.4684829446032256
0.0005383833180411
-0.9040935405937396
-0.8533531741547216
-0.0137371175810065
-1.1244795271809187
-0.7772094209251921
0.2839183566865683
-2.289931672014727
-1.7239461877715505
0.4861215080917245
0.1527949705763393
0.3861184316688171
-1.8802723709784133
0.2094832393713599
0.2281294269437097
-5.738278442047296
0.453859433864078
-1.279097036617164
0.3999591916374441
-4.06232408333713
-0.5335243907279216
-0.0529842217067174
0.0014810070446005
-3.7005790806773016
0.3972396084219184
-3.3176449322147272
0.4253039936944625
0.3702510726572987
-0.8148987028466497
0.5836746968338589
-1.7124463573594653
0.2731513122596732
0.4878232774866455
0.6227170431779889
0.485374802022429
-2.3842205717141813
-1.208939450196708
0.1933078871163173
-2.340747410291226
-0.2310003926845829
0.4704520551952751
0.4476381666440021
-0.5506884525326026
-1.2439592677682094
-0.1842198008274005
0.1143664034708689
-1.4404462772046476
-1.4497285189139664
0.0893399631396748
-1.4456795616055895
0.4867211054591389
0.1709096879040222
0.2925091032764603
-1.880435853731032
0.4826798459340271
-0.9135279841700706
0.0679427852661173
0.0917525772225401
-0.4632816816143835
-4.686355655255368
0.2415802933932913
-0.3532004305090379
-0.2410115649626702
-0.8198690299960569
0.0526545257189901
0.3200899706386361
0.4716321296556434
-1.2968804553024138
-1.0742759255832095
0.5393648356813154
0.2019098203087569
0.3718806460600023
-2.2025450606357144
0.6511613264805945
0.1994460861358669
-1.6042595663352703
0.0024906229074705
0.0446712215310941
0.4160646555297589
0.4445736412021118
-1.1066616535786888
-1.4479009011282702
0.2034403069982366
-0.2649772044749012
-1.5883811177194838
0.5930327695120906
0.7323980826245426
0.3370435738858542
0.1782470278682695
-1.8180110034225472
-0.5945844783254537
-1.5284490206430907
-0.7690011944311594
0.4774754615237579
0.2310100199714629
-0.4441025176278217
-0.0907104572133893
-3.3767213813310413
0.7298853855289674
-3.4818389688308744
0.3519033689213188
-1.4387657958545277
-0.0049728114513863
0.1246977985576963
-0.0629829976859465
0.2201371728035573
-0.5262948027864159
0.2820889192829463
0.1477069806063415
-1.93176821237078
0.5793759267328504
-1.1927998343684545
-0.3968678902178545
0.5884368970826347
0.3610572480144902
0.5127877417882264
-0.9763698989455608
0.1806057942719565
0.1449738530845561
-0.3386675179219223
-1.0013987217982836
0.3264280217487152
-0.1993854857466582
-0.7458728915644005
0.2679482952120505
0.2608652938210805
0.6414997589835689
0.1584116192154539
-0.2687255742079111
0.3338841583452208
-1.1675819088061097
-1.4987534909469158
-0.3781505636899955
-0.7970529719465217
-0.2354037121037588
0.5257188341190998
0.5202772298656438
-1.8133507448220805
-0.3483259365178493
-3.4262603493051254
0.400890579475591
0.3760538624833452
0.4429141355577118
0.3249723199392271
-2.84701254304482
-0.2589998677424583
-1.2441812418226004
0.1267534748147863
-0.1619697007882442
0.3619231697947236
0.3338481888435885
0.2891007161232868
-0.0951554546212611
-0.4673690248564242
-4.947141303867997
0.1085563622295503
0.7436938815872766
-0.6826062975214219
-0.4593992994224199
-1.555109497344273
0.2888515262154033
