0.2882483114358898
0.014487208652733
0.2825507929378983
-2.483495320547721
0.4422022378038224
-0.9573718930725936
0.5712634696448946
0.3127666594270444
0.3951239811514375
-0.1127871160447505
-0.1233704835555115
0.4590052902094997
-0.1390880957763196
0.3880807081359819
0.3266075535150719
0.3748965849568706
0.4951496238503007
0.0200629374663393
-0.0391933171341907
0.4266391508490978
-0.6685898275858184
-1.6133632497319406
-2.085476238020743
0.4173683049721202
0.6209846730785055
-1.1847933439430651
0.1112905152547643
0.3086027412770085
0.1641257346483437
0.2647812758732769
0.5165889131195945
0.4223949947950169
0.4572407368920099
0.4331373960390867
-0.7089884250811226
0.4742859562860738
0.2257868677198595
0.4727727600772992
0.2074171051598407
-0.3747739640945914
-0.6437173001862294
0.2582236088342488
0.6174383116485348
0.5149757146741922
-0.2260067099749775
0.7503918986912912
0.3819148037886659
-0.1078479103864305
0.1511845642580234
0.5423691849980418
0.431324929568634
0.3186544463179706
-1.053850620837071
0.3251402447508031
0.4064497047908929
-0.121798362703795
0.3543002908751775
0.3542770604977183
0.3052925443581484
-0.2082895840358228
0.7026186036044081
0.066641027118242
0.2490044105855217
0.3569846877179614
0.214068283286914
0.3972075779543968
0.3266455278333137
-0.233939926778158
-0.1382907902843947
0.0614590076375452
0.2073915400992654
0.4342972754531888
0.1746546801865896
0.2761892028770805
0.3866330431477497
0.2125104213487358
0.4603680620672808
0.4908456298196921
0.157628162981552
0.4509225110178625
0.4674398713669574
0.3740619833850022
0.264472111875027
0.4674975274378974
0.4719782186177435
0.4764611401020346
0.091581865207227
0.1972795597058673
0.4145722439115254
0.4374669652697536
0.2205251930431886
0.2697126638321522
0.0934236918274394
0.3590012833698816
0.2391962923038244
0.4571240163411571
-1.4864365300236242
0.1289558366543352
0.1873422183574703
-2.410107872325243
0.3354503088906764
0.3800107265185447
0.2424125904143373
0.5262473232662984
0.4664826614076573
0.5427468582010517
-0.7556055170589668
0.4941737737885859
0.3455874192299485
0.3171423642984954
0.1406884703910103
0.2814627456991841
0.262749027982214
0.236268914244765
0.4148117098660453
0.3938265369462592
0.4266391508490978
0.6481755054596026
0.4736053285892008
0.5397362641453459
0.4701772781923761
-1.3870559070846136
0.6907354879820798
0.1477559840899268
0.3918717362089495
0.5151827528488855
0.471771214890107
0.3387578898122812
-0.8585362679220673
0.096834231752289
-0.6300038598764056
0.5598452307744889
-0.3504181322024194
-0.9088197514575818
0.2582227014971917
0.4603360096443796
-0.7730502938598013
0.6154683390663065
0.4643089197125379
0.0936596695162691
0.1705654347342566
0.6712574537077689
-1.6142459041646011
0.3181951401422311
0.4172746248095134
0.3443613907794554
0.452783956829148
-0.0797721111367183
-0.0549029011913747
0.468370130647715
-0.5404342109924812
0.4972328404000584
-0.3222839100894482
0.6045418604413131
0.492121137739977
0.7492189021759249
0.2923088338364785
0.3978279786787942
-0.1114919664255042
0.3598231029370422
0.4449559023958287
0.5385067155714484
0.4025024364015706
0.3215405398799679
0.2581899147818736
-0.2490617481368802
0.2282505747620002
-0.198207128724525
0.4682515943964624
-1.8157375181425413
0.1417633534340992
0.2874420595158615
0.4315286134329865
0.5357252407573044
-1.7917230664041923
-0.8552713210485123
0.7359659157438333
0.0971766337284928
