0.1417521459246935
0.4323012549308804
-0.4558215905777006
-4.0396548334172
-1.243285892848534
0.4181362678631735
-0.9462754971927526
0.2341813418369532
0.1592135812058394
-0.3568774998265245
0.1292996317906998
0.4228650915883153
-0.9808416860793796
-0.333457269846807
0.4334583948075416
0.4510693961146079
0.0893530995088859
0.3840921535837598
-0.5865743392099186
0.3711341336450655
-0.3457886423142332
0.4313162962514934
-0.7270158699697893
0.4377269166505078
0.3646122325558103
-2.0861175822243565
0.426775204620947
0.5661511783658654
0.1606761536708663
-0.1063315270243215
-0.8526019835478422
-0.5040814229401874
-0.6895926592390814
0.465552060553885
0.6543776754483771
0.5453899224405503
-1.539184029883924
-1.913773372795867
-2.198137874511674
-1.0206717074727785
-2.7215625579673297
-0.3412829852230272
-0.0444536527568282
-0.0770049764389126
0.1807667525950747
-0.562106327328317
0.4270249164494803
-0.288013420498425
0.3591597144774168
0.1915892265895693
-0.6853903232245658
0.4024560444775272
-4.259024530743328
-3.343228441546733
-1.8077436171026908
-2.960761195197634
0.13924088836464
-0.1362091198289465
-2.493844486399809
-0.6487590603519613
-1.1377718577922131
-0.7454618374976644
0.3332152768606131
-2.333206682448967
0.2670166196349028
0.1083610300459467
-0.6399912840210035
0.3256128209941568
0.2818075474237013
-0.3448901820422629
-0.4598336332880703
-2.6586744960374364
-0.059969501100929
-0.2023732682209935
-0.2704200419225996
-0.3066018778291272
-2.6291232012212298
-0.8921118948415082
-1.4146271679126137
-0.8859165299196926
-0.0432230469253873
-1.3652139741240108
-2.002377131723254
-0.8432673935381501
0.2129291794418959
-1.0144530005899297
0.4620203201663367
-0.5629372345361332
-4.177315265430605
-0.7768164485788067
-0.818671368783607
0.2183826224602933
-0.5857245449236435
0.4592292570465489
0.5058873515190511
0.0350133821877893
-0.1314116693209351
-1.436801188141672
-0.2557965578199929
-0.7291970321590642
-2.2452996404965644
0.4420249307837019
-1.2081596282991656
0.4454667922573933
-2.7936695511877754
0.4719610988469231
-3.606044640176961
0.0372194841539708
-2.184259015679032
0.4955065535537368
0.4808141288442777
0.3620679034400204
0.3378336786401785
-2.951990430752955
-2.9955460053541123
0.475375012964583
-1.862719024819233
-0.0828942933500764
-2.4958103653782517
0.3692336973288701
0.1824797350051123
0.3989501623718767
0.4193628422719889
0.1166896298244298
0.492121137739977
-0.2879890967957459
-1.629922009472362
0.483974184193614
0.3771856030516609
0.4809818204352379
-0.2175435641404818
0.5091440231364744
0.3312061196617988
-1.043545251409444
0.2394788759212811
-0.1433136238891062
-1.0854150604595354
-2.491911161286692
-2.1594966566463643
-1.9420018985407344
-0.4848767428806864
-1.485704396996212
0.4762823082741209
0.6024897353927811
0.2223991966056014
0.3323897660367532
0.2378716846915691
-0.5091904984012539
-2.362245717512504
0.5904752515588346
-2.560089521905043
0.2632452939275802
0.2919296265562267
0.4554629085824141
-0.3262516791334071
-0.4315286337740543
-1.7765457218614686
0.2299048751049967
-0.5382848880692329
-0.7566445594937053
0.180806266121458
0.4602486319345474
-2.2567889399808734
-1.4236165913749332
-0.2058616153790477
0.3794050793160015
0.1227260212406657
0.2893284140878733
0.4245000957799298
-0.0586465283427582
-2.7138011250091765
-2.449987216119574
0.1510169275001379
0.031599482221429
-0.1173819255842521
-0.7715657789668079
0.2018493882984654
0.6154075877979536
