-0.8071907390230155
0.3634555365053523
0.5768603150567421
0.3767050583776244
0.3479870842659602
-0.0462754509314415
0.1504652369164906
0.1213248721573093
0.3131164364322273
-0.2187749951320722
0.3247488810724162
0.1884757129475117
0.0454675418648585
0.3963210537889039
0.5447732394626962
0.5036491958580316
0.4407904298205774
0.5302905750234189
0.4905795148728278
0.2908306382484245
0.3105308053273819
0.4294607046118168
0.2961439204601471
0.361611050467032
0.3255952010933824
0.5056962482651108
0.4714075406550773
0.4909813493473889
0.2768866986363096
0.581153427853889
0.3219712816375692
0.1320450662558819
0.5002520859477618
0.351729898521248
0.3635983122944384
0.5479790694165948
0.1301934556649466
0.152325499771686
-0.3494825545817834
-0.2547119142442651
0.0757314337969898
-1.142632670137429
0.5909421276053424
0.4568687946819887
0.4159851578324121
0.4154140514213806
0.635864426341008
-0.914714472736038
0.4010744609294784
0.2661927081446769
0.3121194837553928
-0.1279180145627464
0.5244516845880166
0.3444980589694363
0.4654773057610936
0.4127072566179238
0.4734666540855052
0.3329208664923281
0.3535367558407329
0.3346598229153447
0.5301574869000044
0.4782834023798515
-0.1838940205372187
0.4256412694197742
0.1958684090686979
0.4304580187533426
0.3651255688390467
0.4578311101163509
0.223329732995821
-0.9174245167162552
0.4723820917664862
0.032590431944196
0.0004619745351881
0.3192525817685632
-0.0231058718451796
-0.1993812787808838
-0.3117688689408744
0.5064078396595337
0.4146433750204824
0.3721957643286285
0.2120749491325978
0.4601465734242043
0.4504273390370636
0.3690889136051346
0.5243864449716891
0.2083211676542556
0.6247269784181007
0.5496014746006663
0.4942026396305523
0.4582712198953356
0.0455028216106335
-0.045754456405691
0.3348449016715078
0.3038277322766021
0.5703946631626118
0.1635782958869293
0.341092765742994
0.4259909001042277
0.2778235378446295
-0.1029986945331915
0.2991349641546377
0.6283512079658552
0.3617420646722007
0.6786186059951314
0.513690614134149
0.2644537053591643
0.3761555685439905
0.1819856236856093
0.4659182675091233
0.0286998301379606
0.3944467582445273
0.5747356401324464
0.409476616308273
0.4173580339397101
0.6738795012839226
-0.7023915781859656
0.3364622816129931
0.3112160290091318
0.3746577147941036
0.3787424708190612
0.4132404020417066
0.4808860853764198
0.5438582621103635
0.4969549507598031
0.4670639706715724
0.4104802196787998
0.4761163941655174
0.7692529777065675
-0.355170894828446
-0.2014113191554423
0.1994872290231696
-1.3872918123664617
-2.431605074034501
0.3422860634014096
0.0895199328263183
0.0099860188113564
0.5680213282862884
0.3627930365663599
0.4946068702126073
0.5960079940682804
-0.9758131894605688
0.1667462553012622
-0.0583723095554482
0.2961126798429939
0.3114322578586623
-0.095713797680011
0.2848191358973534
-0.1055381325990859
0.6564008442070515
0.595891456496558
0.6785326196986422
0.0975564643973075
0.3540618014215491
-0.472428512900428
0.4656563008730672
0.395853050695881
0.5172875421537664
-0.1355644659748273
0.0798934234383307
-0.5972277978993259
-0.3484366671984729
0.4088129507831307
0.1392823737011128
0.2423566952904491
0.1127785638670316
0.3310255114728467
0.3348649748640649
0.3635983122944384
0.5275332069498729
0.1041161062055663
0.0128911159943213
0.1684305180803687
0.2759700251766472
0.5329441721840587
0.2259056662076591
0.3540045532368463
0.1255504017827594
0.3045245704685895
