0.396724591156979
0.4183834380508393
0.2263775932060461
-0.2014588803804763
0.3603100286049912
-0.1970963640868518
0.5534396131824529
0.1344492418195429
0.3394731923418095
-0.2003214326853739
0.1584407727575224
0.365309450292934
0.4341798282492302
0.4085346119045527
-0.1055908494308729
0.4223336511259992
0.4699219710380533
0.0764006349040968
0.3272469369880388
0.5856803305020553
0.3584841863919989
0.2669974511125783
0.2770464058637737
0.2512195223043116
0.4782525641055668
0.1313576662855953
0.2666074895667009
0.3594260499149679
-0.0937308473745445
0.3069825060310275
-0.6794556532009057
0.5847356925267823
0.4875868693209309
0.2932883814947796
-0.3687315347853233
0.544216148418349
0.3926907188784219
0.4934607744822951
0.4217364026955232
0.3034662851816532
0.0500704414156797
0.2697245757563951
0.1322037269694737
0.2568860641399693
0.0174390007898731
0.0780028674506429
0.3845582370760737
0.4270715711097911
-1.429621167107873
0.3937346547531963
0.4867026418373451
0.3498950875990268
0.5867769611914335
0.398793513284922
0.5433111859623087
0.4048082340490423
-0.0718705119457736
0.3106161456749077
0.619311549982665
0.4507723222626716
0.3253092336115377
0.4498183215279778
0.0639400660931217
0.3813951670812041
0.2732579323140905
0.1867758785558747
0.5367116237917512
0.2618494316638128
0.2531066723869535
0.6895718051502765
-0.652180105410311
0.3207309950498691
0.3622587509083602
0.4458505636102939
0.3458998927797061
-1.032080730397109
0.3089530753689565
0.5497731446668567
0.3648558300305269
0.4286901039338757
0.1154305191472421
0.3746333770532488
0.1116185705792964
0.4540399656006852
0.4425129557464453
0.1922097473239447
-0.0600107211211333
0.559007799989867
0.1165370569543502
0.2841174972136969
0.6557044956978703
-0.0389864289937698
0.601505070746494
0.2888515262154033
0.4849096837686
0.4071242822840094
0.316607354954711
-0.1483920399243918
0.4445921361478328
-0.0494109857132456
0.4442542521521744
-0.8382457008840233
0.3295997895451966
0.6398647640424114
0.4550827189586847
0.4357932853383277
0.4819060310800754
-0.4322754475568928
0.50070783438528
0.5054940820408381
0.2820960834598378
0.5162337795951207
0.4526001891113626
0.1513044484747685
0.6840841652245685
0.4130187451016909
0.4623024291194665
-0.0607458406288822
0.4943435048472955
0.33038557105082
0.4985030814865673
0.1349922959414651
0.251499824544614
0.4963165254517379
0.4578194905670797
0.4962233584973369
0.6412008927030252
0.3584665669631016
0.3915150575836976
0.442003734491444
0.1476859364400771
0.1492807641360339
0.1068616733538921
0.0763725689662081
0.4799004051415985
0.2994848837798756
-0.1022165676664945
0.7088883838095194
0.6214782628844702
0.3530076506691732
0.4381149403263593
0.4152759894386602
-0.0737018989543184
0.2549069800714519
0.4515523763199416
0.3479347730520636
0.0994078057246219
-0.3408254413840357
0.3664896854148707
0.4615968435660942
0.8203176885710514
0.2839680008505492
0.499883628355089
0.0737459645226522
0.3851873119354291
0.5272231922810419
0.3588416637267941
0.4631372280396565
1.0239201928173225
0.4574511853791483
0.3900051450199251
0.3651255688390467
0.134063461976891
0.513822957298593
0.3154137641741489
-3.662448957971509
0.6202361701146025
0.2672603863170606
0.5084513584366003
0.2445868477781786
0.3560617954676533
0.3921282540352839
0.3191345252465532
0.4320467014408525
0.3727022819511856
0.3730549938579486
0.3392415283383878
0.5057453749027931
