-1.0755714359319546
0.4084549362014351
0.2881868716462857
0.2927572084471472
0.4172535260414711
-0.062637902360397
0.6147192633579172
0.4334798476271225
0.372328689686925
0.2127670120579882
0.5799239037350766
0.5014601824604508
-0.2541185919647862
0.3540277090158982
0.3350886752772465
-0.9974820862269153
0.6493107390925102
0.3204697003389689
-0.4216756329692639
0.3937069924016909
-1.71536228152961
-3.366338331691122
-1.229209846519577
0.408631022531007
0.3405469415421502
-1.084013707232532
0.5090120721379452
0.3973849825367326
-3.450706628113558
0.4303762606420663
0.2829001263176245
0.3077017005315517
-0.598204909181996
0.3581510377314282
0.4465376358021052
0.2232499165266022
0.1159987987363786
0.4956582067901786
-1.2919600042348565
-0.3025293617995335
0.2561086662412369
0.2645570318063942
0.6143231779851634
0.4556227940885595
0.298456013705197
0.4399558771638539
0.293876805765191
-1.367785884761651
0.3959455807090731
0.430477712352063
0.6147192633579172
0.5456121296720684
0.2384727508117837
0.4039623636219114
0.2602449809924585
-0.0372421314030709
0.244482539281216
-0.1372820392139562
0.7058971966992793
0.3501748519299812
-0.2361225892587129
0.0311899377605807
0.1840200405211231
0.4075433699919636
-1.1495518172501924
-0.2925218026216796
0.5251911372499379
-1.5265561198070137
0.5314862029743601
0.5188953268022345
-0.0282856565496485
0.0486978347457227
-0.1198084330329676
0.3698067450613354
0.0910862478287389
0.3148517411572794
0.5502968988360829
0.6557260116279932
-0.491706464112697
0.1105686075050326
0.2111824266311411
-1.1472958705961942
0.5300535607000291
0.4802962381393459
0.497815844087942
0.5756578799411851
0.341271286821422
0.39724766954605
0.572125171484913
0.2953803764695034
0.5092328199355057
-1.3172048561218577
0.3051968952263153
-0.0030188303084778
0.4894839450850184
0.2089775592983184
-0.7498381165271741
-0.8200575281811128
0.406561653259572
-1.9720339472070327
0.0143901126870438
0.2881199694843584
-0.610197603736819
0.4049577232840886
0.3738802387130658
0.439235643991454
-0.4555475992487519
0.4021479945215189
0.3198169234373183
0.4190943255054485
0.4552946436203131
0.4294363000546501
0.4546897422955323
0.49666257214054
-0.3290815855578328
0.5089708548166242
0.582995388987652
0.2951931547981749
0.6057566420090033
0.4327939352250369
0.4471037864536485
-1.53052667836386
0.0301796251874434
0.3038175828003595
0.4006279728927588
0.4669138279406203
0.396724591156979
0.3194089009535114
-1.2373167573140245
-0.8405395053870883
-1.183948868804388
0.4757878097392318
-0.4424240453228692
-3.784804067324693
0.6241631702287899
-0.1780351170545225
0.0044995286476901
0.3219712816375692
0.5170342557074755
0.256963169664135
-0.7838508905156427
0.5056437943993879
-0.0293043837347424
-0.8864387861139056
-0.1803715919900068
-0.0496789847096422
0.4606669074874556
-0.8627753727324966
0.2241378396157166
-0.4446039926226719
0.1420874431729053
0.422763949553105
-1.5781075715557176
-1.5755606784818006
0.4844029477545162
0.4219074934762001
-0.0020169556703842
-0.1438739894226871
-5.525286653110265
0.4580896703291899
0.1932905555486717
-0.7003337602518122
-0.5359042816675604
0.4415418241559135
0.2164126410674554
0.789572279161163
0.392103174174352
0.2789544752305392
0.1041532711482753
-4.351086545731658
-0.2013510074887594
-1.8566130040565496
-1.7676723251328434
0.2322243751835226
0.5361544847190611
0.4146433750204824
-0.2558521461122394
0.4982855543524489
