-0.3151419287708243
0.4309299040392552
0.3502685275458488
-1.6813427013792366
-0.5430982603185983
-3.5422093965413803
-0.970664288863376
0.0765549718045044
-1.8514227240634815
-1.4354095107214004
0.284825858755176
0.5515842293115182
-1.7980752113321248
-2.616190559590534
-0.1398176596572699
0.33371916219183
-0.4054968760336006
-0.4754537411950894
-1.1560219138424064
0.5345066676456214
-0.1100275857232359
-1.4606807800956991
-1.3773068162226223
0.3133121794831471
0.4761532938887721
-1.415661248599825
-0.1709392709773363
0.2926712229523147
-0.4766599959768698
0.211976164038581
0.0360729720430973
0.3994691830166593
-1.6874537818889737
0.3272545264776141
-0.4278928073528183
-0.9255562614015628
-0.9267314463173486
-0.0546191320711719
0.1306860390254406
-1.7488116145472086
-1.7192812018070212
-0.2916567759710716
-2.133681167054076
-1.2274137112395254
-2.10712815567686
0.4278382729779524
0.1605384420791334
-1.4893729238134863
0.3886399205767865
-0.1022114277152943
0.3648449830277707
0.2731237408669594
-3.34851668851398
0.3980826750350777
-2.1248597636544475
0.4243359862795091
-1.8026300770862616
-2.7511243662238343
-3.856477314509282
0.5203463756949036
-1.3066173099954383
0.0804571952927882
0.233956948658306
-0.5617681659336075
-0.2966054899409835
-0.1830025773055542
-1.4631265393561197
-1.438140001712841
-1.4544461963842767
-2.131913254899827
-1.7118637219654371
-0.7792168054669526
-1.2491506858652406
-4.054756973618726
-0.477335845316164
0.4193123012716506
0.379988315370535
-1.6671409090601557
-0.5057466060627942
-0.2411077633986648
-1.9615507010283155
-0.1734552411582028
-4.347616859882719
0.1487842748376014
-2.1952235755756675
-1.2313697939215773
0.2642658236569151
0.2971867202359546
0.2964253903866149
-1.5979175779555128
0.4188143455341831
-1.239672937695152
-2.578798762382773
-1.1167297334476962
0.0458933692496869
-0.5913013458755314
-0.3506598650024005
-2.4241017830902365
-1.6591241258365912
-1.075493779533063
0.4156279804637242
-2.027622071851907
-0.2195455591103253
-0.296724001964826
0.4292955387934848
0.2509750379110799
-1.0138386092468152
0.6895271546507006
0.5105941931738781
-2.262914602790368
0.3624949167442679
0.2074625614011883
-2.189417214067778
-1.030551214154432
0.4921630447989455
0.3789696984049391
-0.5438401694916482
0.1658575466419209
-0.3999138037677798
-2.358591702801608
-1.463383541661255
-1.424023028191808
-0.1628007132405631
-1.9046555785258408
-3.0843424996981037
0.2503699107476682
0.5751799591691876
0.3816187698372509
0.0518444573400858
-0.2040208049813971
0.3860287083066658
-0.6238078768947488
-1.063747419664823
-1.6432424946547142
0.2485179052706567
-0.2362063335846695
-0.996165604188082
0.0305499735570693
-2.7273686406366093
0.4036500103615559
-1.5071873364364896
-0.0024249629438823
-0.8148851810300878
-0.41888932598592
-1.0837307993350265
0.451154781315759
0.6297127816644115
-2.919259017153159
-1.764388273345303
-2.8588396686960555
-0.6007273800735932
-1.7952658064378184
0.217508202001026
-0.3902821137802863
-0.4893322675673294
-1.3554116315309626
-0.9367364289615444
-1.4188556547749789
-0.502088037276908
-0.7535668974982831
-0.4307069290764491
-0.3892588143844523
-1.2005107925912963
-3.18496186173116
-1.4512351988903884
0.1747080572108513
0.4375870255296146
-2.440557525087764
-1.995932963501751
-0.8021124782822503
-1.778756672279328
-0.8961786818342274
-0.5423747247465648
-0.8280119219965631
-0.0247810686879406
-0.247129649188211
0.0922288351519142
-1.2836543620010403
