1.0
0.7016116562610203
0.6223329772884784
0.30752616970214336
0.5636882601679064
0.28381756881487175
0.7016879391277372
0.7807301382612705
0.49885432872486174
0.5280029957344634
0.5884742933380229
0.5400174961524561
0.5868136174076833
0.45207093404523535
0.52500844009281
1.0
0.615730693130752
0.5102002548573253
0.2989502820398759
0.14535768424205484
0.5971507491037937
0.30296695341291346
0.34541812894417173
0.5513932317797618
0.47386111527486185
0.5700405643085635
0.23516534545165993
1.0
0.6146850970050458
0.628016973395869
0.6234696632612694
0.32359204732528013
0.1932500974784865
0.785629301801026
0.42086967188723273
0.427107074639892
0.32649710286280526
0.6232292459543245
0.3414901933417625
0.3399868675183125
0.3261392222646287
0.6712403123245675
0.4755349707785146
0.4428500142691474
0.5741510303545703
0.2775806054476852
1.0
0.39846811316275854
0.6234696632612694
0.6577581574808877
1.0
0.8685813353706824
0.1048008305699687
0.36889397323344053
0.7464360292650963
0.7213989879855205
0.32992549838183444
0.4403313338639102
0.525045957788985
0.41531178356122406
0.3696752054569685
0.5638280381633253
0.6342351977310384
0.571032172540022
0.43527713779415106
0.6584820344147938
0.2786792820528984
0.5439018408419403
0.3226401831048377
0.3641659283389354
0.3402994625475279
0.49679254320594496
0.3896968278291981
0.5516251532744788
0.44100635082804834
0.45258880078905583
0.7309400730437453
0.6865890479690393
0.13851287938178208
0.37873176281916504
0.6047796937561045
0.4843426707003113
0.4874858042804568
0.528756760792586
0.3260704013157879
0.6411758385776706
0.32668286409255015
1.0
0.6503386691979853
0.6669777607926048
0.2505591528764144
0.6419752245682109
0.4785875051947218
0.367622917844187
0.7259795291154771
0.7307717333430739
0.4405060475487072
0.35659974581698606
0.6241136334739701
0.30891581672482227
0.7765453555044466
0.4767287003945654
0.44871184445551987
0.9391044157537525
0.668740304976422
0.6627953568839928
0.10286424599188561
0.38244129131513815
0.5069811651197185
0.29192904217998644
0.640751803175311
0.5093498412990677
0.5729840363337364
0.3123939936920256
0.34329452398451965
0.5993436945967344
0.1972121824163778
0.5415789031416762
0.1823164133172945
0.28997844147152074
0.7330449509973002
0.29490228540888597
0.3368078374658879
0.3307391024442815
0.6648764271914609
1.0
1.0
0.9146912192286945
0.6021733919997905
0.5183282721440023
0.4394387512968474
1.0
0.42766594392382573
0.4983663397363611
0.7359279662960493
0.5774252740978906
0.469497885014503
0.9193227152249185
0.3508439695638686
0.34172334076593075
0.48892375118154385
0.2907153684841096
0.12882676145120237
0.8666415730847504
1.0
0.527123766408901
0.9225785091064301
0.31243213722502833
0.28454326616606745
0.3001629229464127
0.48167771535776316
0.267768029597763
0.6966925796018364
0.2474112282832542
0.6606328636027614
0.32702929224554894
0.46848806005614857
0.8916837645073701
0.7855774849365862
0.3862752974508186
0.46540416149130864
0.8070557274927981
0.5022573937283119
0.7105477917053865
0.36424824725792965
0.12419501966986285
1.0
0.49446935011267446
0.7356688253274453
0.6398196894678463
0.5108786573800486
0.507871805867499
0.6418019313175606
0.43724109850912707
0.20303434105432003
0.8533575342460036
0.24853582849586095
0.6398786913465968
