0.19433094436376075
0.6523366701420595
0.06775304927151696
0.24108782612408983
0.5648427586489798
0.09443402320815046
0.4528187132526333
0.3269625311331097
0.23530711690995257
0.44120472261859595
0.4423767989743813
0.3674668904964848
0.47033069090331986
0.17046095427674307
0.15382849409645283
1.0
0.37521045007074194
0.12522517249155288
0.27556749253029056
0.29071536848410967
0.3806188012352854
0.04356205688745195
0.43564165329787985
0.45613878879582226
0.5929835221973796
0.1483385029962471
0.37684787447900675
1.0
0.3557531608366353
0.13538626310754137
0.48902285358301995
0.24614360788210984
0.02845073863275344
0.5410822690539396
0.5057703681318927
0.4656909914174206
0.30213753973567675
0.47022844543178227
0.42647207748172344
0.123498393666801
0.05629234097232973
0.22894156860669912
0.2517202060319049
0.6872192359182474
0.5464463020975288
0.08913765521398126
1.0
0.23462350320528
0.3249360483357275
0.41334724289458274
1.0
0.3727951040217873
0.04690733795095047
0.36741454942156665
0.48903455148268427
0.3616841241780993
0.4146837793193739
0.47663905131877254
0.35831291876413535
0.41722614486115056
0.39242591746953154
0.48219571532646155
0.39520688910014945
0.3087739098774699
0.3032653298563167
0.46021431842876837
0.11115018927487523
0.5215411482475945
0.13083737883508872
0.16593040884336055
0.09469148747399016
0.22362782939948253
0.3570736581802722
0.3024527476612389
0.31953320831670873
0.2838267516238093
0.6954184134749242
0.5773502691896257
0.2072095499054092
0.17334889155550148
0.5009233649668318
0.1993375789819774
0.26763071425949514
0.4336097200694812
0.3471913646289463
0.20690996611611379
0.06495032985064743
0.8132882808488929
0.6216386018951442
0.6607824126476771
0.2184181822230771
0.29965157402689363
0.6104735835807844
0.4774108847934616
0.06274655310994741
0.2321885525763664
0.30563243331003287
0.17977055648765558
0.4383944378504997
0.34155770311710604
0.4377091340135652
0.4734538571879738
0.3633365932015852
0.7348889200874658
1.0
0.23812024156208095
0.07768562846380175
0.34225273559960906
0.22591429087907838
0.6682634844915009
0.29838644881973314
0.7016879391277372
0.21334774489440791
0.2427458858536617
0.2427458858536617
0.47943252972960654
0.5169731539571706
0.21771336510803424
0.12210215558729408
0.4111336169005197
0.4850450069430372
0.20648501994151117
0.5712398825865718
0.1966586469181767
0.3604908042983316
0.7071067811865475
1.0
1.0
0.5077387577187495
0.28283605774342274
0.2764393753270045
0.6405369468592554
0.2632086096653112
0.40994968804929816
0.5719111495873447
0.6174525504286591
0.2984927747777818
0.9193227152249185
0.1487964117124549
0.7510499815709779
0.3648291820098954
0.48633831680799433
0.3618655676834732
0.2610490903329069
0.710866788975034
0.24341782966551506
0.4154794556635241
0.321035661897824
0.35174759659013227
0.2895785861482292
0.4729253388752396
0.41412387656655203
0.3045591964723445
0.2995773070704768
0.5814307369682193
0.162526128842793
0.044580838412801825
0.5580526289313315
0.6339702230998432
0.13391424795650433
0.3008379933195962
0.19437571020720099
0.3315796151992083
0.6238986072117501
0.36161426197529906
0.17827531042796255
0.31947155212313627
0.4098845889492087
0.1885850947396187
0.3232487897783649
0.36376041417268534
0.329340597116918
0.3964322989919096
0.12911723198382927
0.5021930789163466
0.6262844962765468
0.19332220789182622
0.24962114522086354
