0.19433094436376075
0.6523366701420595
0.09498525867740097
0.1820026146457161
0.5648427586489798
0.05437201572922405
0.4528187132526333
0.3757921734452709
0.20895410950230153
0.45443623637127284
0.3672792580866789
0.3377586985170163
0.23804003814061675
0.1820164976577434
0.14346560311240356
1.0
0.3115377308559701
0.07640610734928881
0.27556749253029056
0.29071536848410967
0.38876834795530796
0.04356205688745195
0.24155021728780618
0.394190106711426
0.5929835221973796
0.1483385029962471
0.1153419764105965
0.7506238537503395
0.3639867048352737
0.13538626310754137
0.48902285358301995
0.1909911550694217
0.02845073863275344
0.5410822690539396
0.5057703681318927
0.43483768530282446
0.30213753973567675
0.03857036702189856
0.5325238721377659
0.11656513540976113
0.05629234097232973
0.22894156860669912
0.23650112439814178
0.6872192359182474
0.26197527109265895
0.07474875887495341
1.0
0.23462350320528
0.31728817619341054
0
1.0
0.3727951040217873
0.04690733795095047
0.36741454942156665
0.4001269168672759
0.3616841241780993
0.5023016592661432
0.47663905131877254
0.35831291876413535
0.9036020036098448
0.39242591746953154
0.4175730787132176
0.38710701755123483
0.22083501061208569
0.3032653298563167
0.4491671868638563
0.11115018927487523
0.5215411482475945
0.13083737883508872
0.16005914299145932
0.10012405774743932
0.12801396152189223
0.3567954699090046
0.3024527476612389
0.26322650232616873
0.2838267516238093
0.4625957988586645
0.5773502691896257
0.19287206404462817
0.17334889155550148
0.37439601739832473
0.2091498939238113
0.26763071425949514
0.4336097200694812
0.4171207198726748
0.3205435411728199
0.06495032985064743
0.8132882808488929
0.42794691107478805
0.6904573083274563
0.14317123154555073
0.29965157402689363
0.6104735835807844
0.44476301781818156
0.06742555929751845
0.4329440137460167
0.2685311574197413
0.16424914676753133
0.41982882889521794
0.22717289565408874
0.4377091340135652
0.4734538571879738
0.2737776125693523
0.668740304976422
1.0
0.28592291256793106
0.07768562846380175
0.34225273559960906
0.12117880855911829
0.6682634844915009
0.2891853850768327
0.7016879391277372
0.2006661988023449
0.13134549472120793
0.4854917717073234
0.47943252972960654
0.5169731539571706
0.21771336510803424
0.12210215558729408
0.4111336169005197
0.44610193242441054
0.2277028437814259
0.5831058644845709
0.1966586469181767
0.3604908042983316
0.7071067811865475
1.0
0.7419446627365011
0.5077387577187495
0.33096730477352926
0.21629919102620548
0.5634829107078718
0.3521856535823236
0.40722561901485266
0.4560621686777001
0.6174525504286591
0.4678077113154552
0.33913260910307497
0.14025775160081472
0.7510499815709779
0.3648291820098954
0.2796842457966537
0.26321203198127635
0.2610490903329069
0.45561621331146857
0.2545093860020286
0.4154794556635241
0.3190100992000748
0.1271290895182291
0.26229053475357195
0.4103071688727348
0.41412387656655203
0.2914521256996858
0.2804788981477789
0.5814307369682193
0.162526128842793
0.044580838412801825
0.5297749937807211
0.6339702230998432
0.13391424795650433
0.28946495082484236
0.19437571020720099
0.3315796151992083
0.6238986072117501
0.3476310291918706
0.42268392163412416
0.1597357760615681
0.4098845889492087
0.1885850947396187
0.3819213891542013
0.2970217015782344
0.20125270618003488
0.3702512933024148
0.16446120374687667
0.5021930789163466
0.4478864333154125
0.19332220789182622
0.16649781335305222
