0.8931539818068694
0.6960917409740967
0.44899654219665364
0.16291192799420462
0.7190507749975781
0.30665317386393903
0.5623413251903491
0.46223770236056677
0.3385433147707861
0.5843581371125461
0.657205374766603
0.745142942315956
0.4413879722113434
0.2764374640956174
0.6223329772884784
1.0
0.6191435308940003
0.3203759015876555
0.24239458593560292
1.0
0.44229704023965716
0.06825978944926508
0.5059633557101623
0.4710072413337647
0.6289868866690355
0.5700405643085635
0.5593467438726542
0.6606328636027614
0.611756800985812
0.08657107714332325
0.6234696632612694
0.30205239323190175
0.14247788801610148
0.785629301801026
0.173355861772754
0.47766293225224976
0.20105373454060027
0.6232292459543245
0.4139222153117664
0.37892234480724407
0.30770923306858194
0.6712403123245675
0.5561266550108377
0.3665882729601239
0.5424888011214052
0.3264971028628052
1.0
0.2232587705509521
0.574548148015985
0.7532851335428472
1.0
0.6767163142987327
0.06917184228205475
0.49616830003403634
0.463515156566484
0.6626877340247366
0.5293765131775643
0.4099093841051793
0.2722589423069702
0.41531178356122406
0.34799923080965617
0.567740420976129
0.432061207129985
0.32508335831521057
0.4428500142691474
0.5186841548004897
0.32649710286280526
0.6486483910911106
0.5890548730960056
0.5044673385482107
0.15151462450317923
0.24560448465469148
0.28487594977117575
0.5524797261743456
0.5268995305775628
0.33089239986779956
0.605208325617638
0.6865890479690393
0.21053835256976292
0.48802177800917185
0.628989891840459
0.5606103228537743
0.5026338385629364
0.528756760792586
0.5480420828474046
0.4473926600385381
0.32668286409255015
0.2781416624777593
0.31671615012203974
0.43592422086585847
0.2505591528764144
0.4926757614314957
0.41050687144199216
0.7606976673955321
0.5410822690539396
0.4686670913916292
0.2918906077768379
0.20490757983901
0.2865258397224427
0.38832283246201466
0.7510499815709779
0.4724139697549269
0.6834466815318615
0.9146912192286945
1.0
0.6627953568839928
0.061206734747356016
0.87986678599124
0.18151574016374833
0.5399514744329021
0.5919937816796365
0.5093498412990677
0.5974716489175114
0.5081327481546147
0.21105340631872635
0.9256300845069498
0.8694417438899829
0.43391953974214814
0.2929563753983472
0.14258769764520746
0.613065826975568
0.3559614606592842
0.29077968559553485
0.3307391024442815
0.7677331684336531
1.0
1.0
0.844988489445517
0.6612215377390096
0.6697763116528563
0.6353356975858655
1.0
0.28200049157537727
0.5645253577562555
0.7364987630741033
0.4513182217725055
0.6151481327351425
0.33913260910307497
0.24022110864391533
0.3521856535823236
0.3207360520880972
0.2924971239509365
0.1450029540270094
0.6479657100339614
1.0
0.527123766408901
0.9225785091064301
0.43045982672065863
0.4523474722873315
0.5523722682139371
0.47883157403392246
0.17747405280050263
0.5781288957316278
0.18937167538185334
0.6606328636027614
0.2395656561276021
0.3105462613460401
0.915482889855352
0.7726547335532594
0.25098621243978964
0.5191684184227183
0.6156286979590512
0.49309782490179943
0.6422727797927412
0.40781204945926824
0.09545138913210205
0.31947155212313627
0.67694724277124
0.6823012611240753
0.6366384342232879
0.35287213405654083
0.24287915292875517
0.7130577134808089
0.4797543511401896
0.48699353112687543
0.6238986072117501
0.7004189910884179
0.8788221923240406
