0.6803749333171202
0.6960917409740967
0.3263767529942787
0.40569661365913545
0.4682568791024402
0.37440019261182367
0.4417918226831577
0.6417031818948444
0.3763743474188507
0.4031402942170498
0.5089934892590171
0.7021387429293126
0.6676520339910388
0.12437831032871237
0.4215503093673728
1.0
0.5612778831475375
0.3283228801009457
0.23804402883964906
0.29071536848410967
0.5702994486168524
0.12754888138163134
0.11841979148684599
0.8761560783209453
0.8282477531331041
0.4018546790799992
0.18951629567590741
1.0
0.6698651592727943
0.13445273575332964
0.6234696632612694
0.2538305399279787
0.2020010691269415
0.785629301801026
0.33017687261695405
0.4711277936270114
0.21651956746181059
0.6169034543248991
0.47727647225568187
0.33086725320197474
0.3892274804652363
0.649416020619025
0.3879174204299858
0.47735349332944554
0.623652672746999
0.08450310992782924
1.0
0.23713320246552005
0.574548148015985
0.5419642316694009
1.0
0.7871130275822675
0.31762152032055835
0.49616830003403634
0.7269258759008557
0.2164007638135427
0.3959888899443506
0.3916449665002248
0.10886972213737396
0.3740548510898886
0.3528066162858026
0.5019726757740759
0.511786588777952
0.32777063324832
0.7348889200874658
0.5109096942650925
0.15881076016027915
0.651311422744655
0.3890897352264271
0.3944747319300564
0.15151462450317923
0.5145468987147773
0.32852603291132887
0.19496249079519765
0.42501125537828105
0.3168053533839811
0.4561768881782749
0.5731224484094262
0.2403049673813762
0.30130404892785684
0.47539287156325566
0.4994968077081751
0.20225232797581674
0.8626751460052913
0.48314065287653357
0.2928368061435577
0.06495032985064743
0.9306048591020996
0.7380411773078263
0.605621461230687
0.8507331335123524
0.5091969063347359
0.4035004579141895
0.8823258718645413
0.5946035575013605
0.6901374299426457
0.3664040518958814
0.4482907809719588
0.46620587203169334
0.20127095700917375
0.3680680417158147
0.17729842264695017
0.5575206337096231
0.9146912192286945
1.0
0.9554427922043668
0.07807406172813232
0.87986678599124
0.22656720908801994
0.3302971463466452
0.5281424617229104
0.5093498412990677
0.5919811404760243
0.17286039232097053
0.21105340631872635
0.9256300845069498
0.8694417438899829
0.14317123154555073
0.19820717678427194
0.14258769764520746
0.6389826114742176
0.43502593668603456
0.5328262719743131
0.4664517996611256
0.7677331684336531
1.0
1.0
0.9146912192286945
0.6026111454896687
0.7730551756939454
0.537019964441517
1.0
0.42766594392382573
0.519133813455622
0.5518549817251984
0.587628234206882
0.5548244742917259
0.9193227152249185
0.28110041382951884
0.1847686042052219
0.31534952485498746
0.2626909894424158
0.5011047078503033
0.5443984896442613
1.0
0.4345587182943312
0.425874468039002
0.4453225865713072
0.2327128316528162
0.42472633525139886
0.6588303014746784
0.17747405280050263
0.6320566268423038
0.22656266072418302
0.6606328636027614
0.4311625024848287
0.1797238812501504
0.912167909070388
0.7333696613853201
0.24855227187657006
0.5242839959168225
0.6156286979590512
0.18014935004227978
0.5141708532663253
0.37897104509804447
0.05708765135015525
1.0
0.67694724277124
0.8656030552541708
0.602969632626187
0.3554180921777832
0.1397353672874798
0.6477752102635572
0.2573956940045279
0.4224971931448781
0.8533575342460036
0.16560384590208532
0.5095714111541796
