0.35930411196308426
0.6223264265874192
0.33479801024432776
0.16586105071157164
0.578733153991148
0.3084719807314324
0.3672056269893592
0.813641654071892
0.18515234169095302
0.3590389871653302
0.43222816493011673
0.40240300812810437
0.38685818182932774
0.2395330323153164
0.1395312929217143
1.0
0.38284575913692614
0.20523865283328496
0.3584253396430042
0.29071536848410967
0.6691734265585515
0.06198579455610775
0.5069249743551959
0.47087130600152305
0.4463388680070409
0.2233013554674443
0.08428206803269733
0.5008718428920987
0.45702022051719654
0.5170787125443878
0.41913559432820047
0.23906711256764543
0.26518122980477765
0.6129752413741056
0.20252884954471367
0.4938778252297517
0.23462350320528
0.1307118752097732
0.5606481550884843
0.19190215167157915
0.3913836491609183
0.35557521114350055
0.41923447093078764
0.42311785416105785
0.623652672746999
0.13950796967929135
1.0
0.2140909265975804
0.6371804857892112
0.4609564447983688
1.0
0.7532065249701718
0.06917184228205475
0.3356891925037239
0.6935809674081992
0.4329440137460167
0.2354350820021031
0.4698461374154032
0.18151930049988732
0.13147944990735294
0.4179106855463227
0.3569478923588237
0.39226844149016493
0.41782090922881526
0.18015974829121795
0.41138759741727216
0.09103526405546064
0.3065463180721678
0.14141802887171137
0.5258060733876944
0.20536337741589902
0.3689230957867316
0.21161698054975475
0.14057070058429097
0.33055500045119623
0.14980800232509298
0.5278890511109626
0.5280972216470737
0.29213008358451265
0.29811334713485654
0.5068881147947525
0.32269130531849805
0.17200673466668953
0.42649937722961534
0.23301482433033086
0.39702030397437005
0.06413885305524152
0.5956403592718089
0.678364941096179
0.6000342906130847
0.7787883858444472
0.3875827230406696
0.35348598292729333
0.25510012742866267
0.07654112967106118
0.4841632418555351
0.38505358545911256
0.37018193569099694
0.16486097661638138
0.3275313140621002
0.6042750794713536
0.30183854130936943
0.29062607645476696
0.4779995354275013
0.668740304976422
0.6673696743027114
0.05035777872167983
0.41520075014647745
0.2733476887314251
0.3705149046890406
0.304041802436854
0.5093498412990677
0.37704209027116137
0.17286039232097053
0.21105340631872635
0.7639843504088955
0.5969491792019646
0.16562494897332036
0.2930871571744315
0.28997844147152074
0.45450347416714565
0.30263283136736285
0.3337111075730615
0.5057006912657807
0.5707985352291968
1.0
1.0
0.8344522897223012
0.4979770053226721
0.4358030735914854
0.4229113040120565
0.744373319312051
0.45573577960653283
0.48384966075449676
0.2803779814391635
0.3224586136476203
0.2526758040189395
0.9193227152249185
0.1391231164417657
0.31823566221963034
0.11298839238979076
0.2250265947708922
0.2145930430216176
0.6364713244392607
0.6113082296626929
0.2794707345749595
0.4532799119298723
0.32848998859691547
0.33174442473510873
0.2895011090855968
0.5292280703549586
0.29698300852389353
0.5963396447551019
0.19026040230646737
0.670422683816333
0.6129719199531817
0.42440625561648837
0.72726752242537
0.4323188722777605
0.16188613565728213
0.41488865152565224
0.5977653345720249
0.23098191831535475
0.762465858623486
0.4534795925958109
0.2825677270462821
0.31947155212313627
0.4459210638298016
0.4589275793457049
0.35691196228295463
0.297241627100004
0.20074370472935366
0.48941191003103474
0.15996582360223097
0.25608062828400985
0.521873921269267
0.2635216060664142
0.5600239963704977
