0.6690484408935986
0.5189501428149151
0.13249902361347046
0.13048038402447693
0.49479954685767885
0.13445273575332964
0.30934588294313714
0.4160877273088185
0.07258558353107697
0.25384544658659386
0.2731205320067979
0.5775424192012699
0.29931950156101245
0.30009733164145946
0.39190500067957906
0.488923022434901
0.43395514136243424
0.35138749399652214
0.1962728679557338
0.3073940764756322
0.4778624929871038
0.060820553106281094
0.4587397731581981
0.5220873032636127
0.4903047069202663
0.5518648340406846
0.29456425448249246
1.0
0.5195871818400105
0.21274012777268028
0.5623413251903491
0.1792725955004355
0.2024205959329982
0.6129752413741056
0.4745064762645575
0.6264929322636315
0.18575057999133598
0.19422069098763883
0.40678633475033266
0.26067765055765196
0.48220045665314143
0.1950513565326588
0.35875637708773916
0.6868247058200974
0.569133886912883
0.15881076016027915
0.6115380576901023
0.1845895819969781
0.2534901676236048
0.20480908524305436
1.0
0.4883033428624341
0.07432998184513635
0.2309996684972855
0.5721869364474972
0.18366706645761818
0.1591794154004197
0.4057129263883975
0.3582589201789297
0.1194998838568753
0.39618675974573386
0.35107408160463793
0.3517355751503512
0.20860478443181318
0.21151743273174894
0.3351337915636119
0.15396503757846464
0.7148407604614189
0.10440864748411478
0.35006083082031114
0.21775114522914038
0.23602794863154908
0.3152612155448426
0.12897168673108647
0.12641315245569254
0.20953980708003325
0.2957229362728672
0.392814650900513
0.23035298119758524
0.3008035665875204
0.4071102764022713
0.2711445985038441
0.17615445158687273
0.6160362085721387
0.1447953615777742
0.22253973135631694
0.31239399369202553
0.6450001140844255
0.43391953974214814
0.6543503796047173
0.7787883858444472
0.3362399559510094
0.3038149502567683
0.26552098119036044
0.14535768424205484
0.51646155199069
0.3529317704598344
0.29276761270089513
0.2614402196135941
0.38316700469779
0.4188216850419828
0.3340471215409654
0.27743906367276816
0.6000342906130847
1.0
0.4940911248125205
0.09619841027830794
0.6251943537695185
0.3363550255781717
0.4624141626722864
0.504738607034547
0.5093498412990677
0.6074968711305453
0.16515821590069035
0.34329452398451965
0.7743810851655712
0.5169731539571706
0.1805263010472254
0.16817532612389938
0.13134549472120793
0.43505829737834534
0.3249134725535267
0.49446935011267446
0.37447819468131566
0.10914270930124749
1.0
0.8052253761904355
0.8196675010992033
0.6507019526271974
0.15382849409645283
0.3994320892147175
0.8857000285382948
0.1495764444577893
0.5102587254704211
0.41982614109599276
0.4194586780383904
0.3368686456788932
0.33913260910307497
0.17615445158687273
0.3673341329152363
0.4322378364784686
0.22640575256191345
0.22069086728751777
0.5386933265263314
1.0
0.1902901500837473
0.24208450921032038
0.3235133926738693
0.2680165156355778
0.2879538275335464
0.48323954966993893
0.16188613565728213
0.5567320065367337
0.24838991065844607
0.6606328636027614
0.6422727797927412
0.3711103004408361
0.7675359488957827
0.7685843232052748
0.3862752974508186
0.3738600159992005
0.19331263581394148
0.6234181304540135
0.24677534696560227
0.41010632516162226
0.39974977214602886
1.0
0.39920397615494657
0.41556935709811826
0.4021182916174577
0.2200021186974245
0.21281701380712922
0.6066399068970815
0.2473926021091099
0.36400808992409917
0.5512003357447272
0.0926065970286065
0.3455747170954952
