1.0
0.5726580707438229
0.3518478252285135
0.47864715545778896
0.8147064000626635
0.34461451488480377
0.4417918226831577
0.6036770826187388
0.2404817938984655
0.5092869469543115
0.694896611709073
0.745142942315956
0.5564708298635878
0.33583315622435883
0.6223329772884784
1.0
0.3811789716719986
0.45298528719709075
0.5847065326973129
0.29071536848410967
0.588063923836811
0.08783929234809729
0.5438672179378209
0.4710072413337647
0.6026286934891149
0.23778117930391818
0.3839817133079349
1.0
0.5129970144215948
0.27756224165024984
0.4961577855632883
0.20477462336108967
0.7170326647358439
0.5410822690539396
0.47146273684904677
0.46922836367373166
0.1909079544823573
0.5447867160385158
0.4032464707231133
0.2880074852838779
0.4943487075036975
0.6033345706609493
0.4703361750670297
0.3707143341581548
0.6759531227215545
0.785629301801026
1.0
0.1559343950821239
0.6868247058200974
0.6151866823146407
1.0
0.5606668411195419
0.1048008305699687
0.4412484512922977
0.8545740127924681
0.19251614434393563
0.5433077844118482
0.4187858959636777
0.7952707287670506
0.31800940138537775
0.35630548449868954
0.40899265208458346
0.4220145847612465
0.6072980606413628
0.4188216850419828
0.5611444711360795
0.13879030272384257
0.5899920849463975
0.2555405052347372
0.3156581211188818
0.17817834258658394
0.435462541700213
0.3455776456877255
0.484331687499726
0.4573076108840107
0.2478437814080904
0.7682233441672254
0.6493358309501979
0.29965157402689363
0.408248290463863
0.6004624280888846
0.4330757016895751
0.4874858042804568
0.5826110750992305
0.42274071552497217
0.23037460184011202
1.0
1.0
0.47087130600152305
0.5168595958714725
0.2505591528764144
0.49595969443820365
0.3067259782701702
0.6963845241054851
0.5946035575013605
0.5108636942731495
0.4886663243176921
0.378812883448854
0.579354373763178
0.23153343096641046
0.7765453555044466
0.18518330803971392
0.670422683816333
0.9391044157537525
1.0
0.6627953568839928
0.0888917558917174
0.87986678599124
0.34537865578685034
0.4530799450827704
0.6339704064341254
0.5093498412990677
0.5721248424548514
0.537284965911771
0.21105340631872635
0.9621954581957615
0.37991784282579627
0.5506083283927117
0.309936240366613
0.28997844147152074
0.5805880354500602
0.3477192223798024
0.25980095716210533
0.4849426225552858
0.2479135867329687
1.0
1.0
0.9146912192286945
0.6021733919997905
0.7547708252438662
0.5274271471194655
1.0
0.3906823691875044
0.5589978933009678
0.7221341494974228
0.5546580791271941
0.48205197721556936
0.9193227152249185
0.22749707020240184
0.23034472074680074
0.24982926483614007
0.21784658682446653
0.35305758117743813
0.34228034887472175
1.0
0.6288749748872197
0.7482524153102478
0.4850011061359502
0.23141570376732995
0.5191684184227183
0.5067462884455606
0.17747405280050263
0.5656404036642033
0.18953369482267496
0.6606328636027614
0.6128081331864039
0.6482856142094283
0.8326915667169545
0.7804770559816415
0.6529942057256104
0.23729072000499862
0.8070557274927981
0.4216120484488187
0.5830273581395425
0.22058993721762368
0.1932455819122173
0.31947155212313627
0.6200657885072483
0.7122199614597923
0.6156932991761445
0.45685983343731196
0.20036529832558245
0.6191560697596818
0.33987985698687617
0.4997296306878177
0.6238986072117501
0.8578928092681435
0.7718211126657358
