1.0
0.6960917409740967
0.4067434794181572
0.26529518334824453
0.36615107686578496
0.11950069628511821
0.3349531889697646
0.7055645543810035
0.2833734791602285
0.2670698319955835
0.3350625495510112
0.407257573312592
0.15941811726271662
0.19459599842079017
0.5260093017679724
1.0
0.2472103544535265
0.24848971372919468
0.2512232860664211
0.3073940764756322
0.5480077440741018
0.15820812570790363
0.25284505975708715
0.5332900050603429
0.4615425015629849
0.18239905452001884
0.2149117241717514
0.8824969025845955
0.49962090887580923
0.14747364570390473
0.5502151926234128
0.3068407534721982
0.16004691027175896
0.42383656282787796
0.33794681259634946
0.7128020608385351
0.1250076305588977
0.24090844358935917
0.2915759768550083
0.1250601510999496
0.2877943225529558
0.435949382480739
0.325909498033977
0.2923578077851693
0.4504780990115136
0.13950796967929135
1.0
0.1164394847706997
0.32631104091886703
0.34550543009985873
1.0
0.5302459604351236
0.03719910292811373
0.3087818953963449
0.7422670372043646
0.15648763752523856
0.08107800997228214
0.24503409069869278
0.19085799326463398
0.3436446393954861
0.21357665503579765
0.3969045643121316
0.7012066460754391
0.228958998934138
0.1654274233399128
0.5794088283082963
0.11251329738544609
0.6098855678948429
0.25306188056493334
0.5521721948967427
0.2630046508839862
0.40912903810780404
0.3060959584741419
0.13858909661779084
0.14748658482626692
0.1805263010472254
0.3584668928097086
0.28646290158800986
0.2505715172961959
0.19223240570360833
0.4072149468528396
0.2233266788426521
0.17016682592202745
0.578733153991148
0.14730750967752573
0.36592902528516286
0.392814650900513
0.17996531271765898
0.5266403878479265
0.15071676257541072
0.4221068126374527
0.17694975149532557
0.4262913794222232
0.539743909948416
0.3303164318013807
0.2237935259275016
0.426118138787741
0.284651281446665
0.2589451141492935
0.1987591647495812
0.6484115071397645
0.11312677989820306
0.643143501172102
0.46230595512422085
1.0
0.6588329272443179
0.05303665626119524
0.6094990569197095
0.09812163258584557
0.4194221477808667
0.25974206174216213
0.5093498412990677
0.5864220165106679
0.16515821590069035
0.1558010570411745
0.36651343611373033
0.20556680845025987
0.15663840573309684
0.1232250684856562
0.11731175160263997
0.633871726314951
0.3595054338135989
0.2651058366612113
0.47756059621388636
0.3237722713145643
1.0
0.27098211583470044
0.7856827173089515
0.5248363500202952
0.29456425448249246
0.599811519351152
1.0
0.2617712247282344
0.40733592393960855
0.4349840253769041
0.34309266987721593
0.28805941536116514
0.2770578117986203
0.16943571815930883
0.3584668928097086
0.39728777664469284
0.5098366754978079
0.3800091452033954
0.7740443718000138
0.925961078642316
0.24088562704853508
0.5660049803302032
0.42631264514336475
0.3854744687891149
0.3810048863884787
0.4182088803780057
0.08329829723842051
0.6634420025490384
0.29110279217096463
0.14458924666162856
0.3878964805488567
0.15727176091057254
0.5797823974433252
0.5919284437463959
0.4671379777282001
0.1751062735415077
0.6156286979590512
0.8761560783209453
0.7677331684336531
0.29175042509505
0.12192091596713041
0.31947155212313627
0.3979182783756331
0.2624087769829642
0.43556254339135997
0.19946168460305866
0.23746239164015026
0.7684608118218732
0.18268847333128943
0.320993077775531
0.6057224552983581
0.19968074773952874
0.5701936377134962
