0.07768562846380175
0.5549073390705058
0.7554238170838422
0.3665882729601239
0.23505204106959587
0.06471405116336003
0.1391231164417657
0.2981792160679168
0.23961829057131978
0.06605871353956586
0.6650052588199779
0.739589787436482
0.2171788734284664
0.16051398023068533
0.5946035575013605
1.0
0.35997061817201387
0.5208202637221087
0.12085894711439597
0.14535768424205484
0.5760615328748253
0.13935524729166493
0.13948554268262153
0.8761560783209453
0.21305413619585087
0.07502606147483136
0.5205064719028646
0.4832697830906221
0.44580693122182874
0.10580331550093845
0.20796179532157866
0.23373768237416312
0.04444587794585869
0.17747405280050263
0.07658252720551956
0.4435625668777584
0.08026690728381677
0.12286996020967837
0.12758497299770571
0.17969578267587838
0.18159629576239686
0.5936781016890557
0.05022348665054302
0.21828541860249495
0.1860962119549805
0.16590387014219715
1.0
0.03889818545474848
0.49588554702454446
0.4143890857172417
1.0
0.7871130275822675
0.08130850857597448
0.21651956746181059
0.3894785168915479
0.1259730121314908
0.07701379343260747
0.0714807281419828
0.17615445158687273
0.16052946190434395
0.1062251311026331
0.14784852771349888
0.40122074077702613
0.11721214280004218
0.07768562846380175
0.4213741521844565
0.046192151051305474
0.5637865963600863
0.4882066497822452
0.1790312650944767
0.05165604006110217
0.33990330592058093
0.19068149416460542
0.09022679376255967
0.3423055988814781
0.06109833740738945
0.209734257913107
0.13650604313545334
0.11638286112776523
0.08280453072947422
0.1354950496287161
0.5316628946997649
0.11310598110843995
0.29525503968889383
0.3896968278291981
0.08590364555605381
0.5253819788848316
0.2781416624777593
0.410234958813199
0.07481424186273333
0.13714776985037808
0.5912723140736851
0.2741063450190292
0.23241061911491537
0.2790159393585827
0.06468490584192432
0.38140175656187614
0.10941964146797248
0.19623830433482092
0.05686575535199538
0.2915369229944523
0.046611520323629425
0.3395489567342218
0.3209138982794099
0.4854917717073234
0.4027672046365773
0.05369018747834504
0.23113295970833375
0.024741848995235148
0.12193246424251138
0.5919937816796365
0.23578316044531802
0.1596548028376394
0.07474875887495341
0.03168429634207703
0.9256300845069498
0.05522397783539469
0.23287896954139942
0.0598327875257124
0.09980099403873663
0.7172835948406505
0.31802834058315876
0.25575426366022863
0.13782842911590484
0.07223943354597208
0.38260294162784475
0.42311785416105785
0.6658130312153507
0.49690398045434586
0.17815274224934474
0.44240291625926603
1.0
0.11986062961075741
0.4678965711398022
0.5970473629107365
0.09802862511942345
0.20901812063080327
0.11016798394984659
0.14865996369027268
0.13919157443507973
0.11388142796198997
0.09842330616707698
0.1503400039489169
1.0
0.5333505353503044
0.6060032073808245
0.5276454313271229
0.18134945995145804
0.08172503503664505
0.16417546914431116
0.09308376558330284
0.07510002314354897
0.6288847535347657
0.20422051440766656
0.04789232204309912
0.17534823156623092
0.21556390839761935
0.7648953078997756
0.68253827927766
0.11044795567078944
0.3094488374547771
0.6076795808137692
0.20751552684616417
0.03629279176553848
0.31839115775894655
0.12605968092174913
1.0
0.4576710069099061
0.2624310277292268
0.4228116970506747
0.11977139828830567
0.039591574978076555
0.6508149336469188
0.38317923930200504
0.16245364936243295
0.25400289715190977
0.15415064977510756
0.5929321297221966
