1.0
0.7290623140740057
0.35837857390546396
0.03589070884428296
0.48415247130346006
0.4709172509493822
0.3986357128268013
0.813641654071892
0.3809933016434514
0.2552587017939278
0.6055547777945184
0.739589787436482
0.4268641587666219
0.319907629549277
0.4710012314144844
1.0
0.7313679243352039
0.45506803308128024
0.47653086098816044
1.0
0.5094615861234536
0.16013443305920963
0.4568973263197792
0.8507331335123524
0.693395566222006
0.3090794870999592
0.6060655437708256
1.0
0.5412826482390896
0.5170787125443878
0.7748677442328399
0.3966110881491624
0.27560016787236363
0.785629301801026
0.09738982491005373
0.5755888773548827
0.24072001290661232
0.5087211345632936
0.5486215500040434
0.2787973146276893
0.2047934538266925
0.6712403123245675
0.670003276239299
0.42311785416105785
0.623652672746999
0.3993879176377878
1.0
0.11728147369287814
0.5384866636483461
0.39865478312021074
1.0
0.8685813353706824
0.09911450612811139
0.3613284405728026
0.7606976673955321
0.586620491293854
0.5517820209579789
0.41153646170404823
0.9306048591020996
0.1194998838568753
0.1691891767891315
0.36113370478942464
0.5082554756485551
0.5742365542696765
0.31170906522700675
0.4476364698177318
0.14949751774990683
0.6164809723217212
0.38297644757624627
0.5942836200395664
0.07136699727925902
0.4136275214358867
0.24636234724006167
0.3774661667537811
0.35665528387391643
0.35831291876413535
0.7516927469995288
0.6865890479690393
0.1264057339927977
0.5401152096367797
0.5593206674943155
0.4948923849637494
0.4250281413416978
0.5826110750992305
0.4441621768379947
0.6262384486489136
0.32668286409255015
1.0
0.6445077203782346
0.37585464732579926
0.8507331335123524
0.4684580982108429
0.39104141159198913
0.7265098447895292
0.3303164318013807
0.34264740607648625
0.38766954909698625
0.2931844343750026
0.3666723628419916
0.32421794995641706
0.7765453555044466
0.5443982760653497
0.28244633630912663
0.9146912192286945
1.0
0.6627953568839928
0.15634257461364356
0.41520075014647745
0.12654175350653515
0.6173386945822786
0.5919937816796365
0.5093498412990677
0.6494715191471238
0.19881768219176268
0.21105340631872635
0.8788221923240406
0.8694417438899829
0.2982600390868984
0.4057843982826127
0.28997844147152074
0.5805590644560974
0.34779018841550396
0.45790487973625155
0.3241236253543503
0.7677331684336531
1.0
0.7367565054628357
0.9146912192286945
0.4407215826387305
0.8282477531331041
0.49220368344323095
1.0
0.8428014430784181
0.4102202081050489
0.7345585161733578
0.5003012553667862
0.5759357742588347
0.9193227152249185
0.4053204803307695
0.43527713779415106
0.372156123518287
0.3784481137591871
0.27039005971645835
1.0
1.0
0.7670387248467656
0.7353051699966786
0.4200531419556809
0.22266713912010067
0.37901645178384313
0.6994775721056113
0.17747405280050263
0.598363494538963
0.135070496135091
0.5205510363053438
0.4428500142691474
0.49906231720034083
0.944834421763578
0.550733381837671
0.8307018474412792
0.343635620676208
0.6156286979590512
0.40165064373431114
0.6238986072117501
0.3851331744910575
0.05804365100757976
1.0
0.6171392021671752
0.4811758610905657
0.37484274211993096
0.41310507502577476
0.3422803488747217
0.7895208595966521
0.2255489037266197
0.37965436229939975
0.8533575342460036
0.6456147046129794
0.5461493541806699
