0.2090067144241744
0.6960917409740967
0.4708858545580589
0.05824490753999932
0.2534743707366162
0.21717887342846634
0.24316915840399717
0.6480049711219256
0.3182208342745237
0.19107912313367556
0.722979280012835
0.6970036481255356
0.2202161223465764
0.1775925664243382
0.5662594557164614
1.0
0.500821942407824
0.5487552877350975
0.2382414840474507
1.0
0.5885261337360779
0.20492325354639
0.1693305660356138
0.8507331335123524
0.38739209989720524
0.13629358172407982
0.45778255881365465
1.0
0.6327598903532111
0.09354688318825607
0.43748114312246444
0.28313922430705657
0.14949751774990683
0.42383656282787796
0.2932110082553339
0.4435625668777584
0.08586092130733784
0.21896650462693698
0.2223600567755478
0.11945175620883311
0.31903929261113495
0.693197020427011
0.29456425448249246
0.28051550320162943
0.4846095749850473
0.08130850857597448
1.0
0.06256118460580956
0.49588554702454446
0.45617407395333
1.0
0.6428221106107888
0.07474875887495341
0.09864703138979419
0.26369979434117014
0.2118008548235711
0.20303083089343818
0.17407817536605238
0.06754312828675708
0.18594002123233253
0.09092617426809149
0.38564863816921563
0.5541685722128847
0.1355848597154487
0.22229849552064015
0.4492802507865573
0.21200626759025185
0.562846848902154
0.2517269569783253
0.4865950774742615
0.05290165775046924
0.22770064720268418
0.12712286486744706
0.18185234853618296
0.37671501278855707
0.13188274750399434
0.06481236440245941
0.6606328636027614
0.178858870802037
0.1401464325887573
0.23804003814061675
0.38343768246127413
0.1654461999338998
0.8626751460052913
0.35983230090606977
0.3895769264692121
0.20612390921238416
0.8706304540397798
0.07955891555490761
0.057259987315337754
0.23073674980977188
0.6147881529512643
0.20090239552893988
0.4717991357336539
0.13134549472120793
0.27343503422547016
0.31984699604188777
0.11575711822338436
0.48452304369206695
0.08583519518570663
0.4089601472043678
0.16217331037826324
0.18204391850980656
0.4888290318657942
0.21105340631872635
0.6627953568839928
0.08687475782716618
0.3820423497317158
0.06870614559714762
0.29454750198723634
0.5871245421822647
0.5445178846139404
0.33671739226549896
0.1492372948004911
0.06742555929751845
0.8971148504974097
0.07809849842300641
0.4160190882715712
0.10713701843513145
0.12549310621989482
0.6838626312597372
0.38408514434154883
0.2572149721088003
0.5506685551107798
0.7677331684336531
0.240785655451027
0.050912128230977495
0.9146912192286945
0.5655302556545979
0.268810647346808
0.36666834506510737
1.0
0.3672887522073577
0.428881513963769
0.6456202078439954
0.16470144842453666
0.082171746984202
0.22772101321113858
0.17242221289766627
0.16261701715194893
0.3194754865803987
0.08839374326825923
0.10267526492810691
0.8242367502646054
1.0
0.25360691480878533
0.9554427922043668
0.3582335391524164
0.2615311775021803
0.42472633525139886
0.289331164128846
0.13217947626377288
0.6850979299902472
0.22104680849683694
0.2231618068926664
0.2969522453409608
0.12897168673108647
0.8166920319485289
0.7337656189801997
0.474954953300978
0.4196679449273808
0.502658727004553
0.07439820585622745
0.4083824657827892
0.14225211589408604
0.11880509436980435
1.0
0.5440635513985309
0.7174038746372917
0.5715149131057956
0.12691351370207937
0.12789533377801793
0.45291645197559083
0.23418123261847473
0.34439265280616166
0.35740464043618275
0.15384750052099497
0.6398786913465968
