1.0
0.6960917409740967
0.3559563140532641
0.2194409743742214
0.6003124062338072
0.3597457896400555
0.3986357128268013
0.5527251091911687
0.5503019698094704
0.500235932742402
0.5624143802519994
0.4364592934306387
0.46179474126679
0.15069228960836636
0.52500844009281
1.0
0.6608952798863256
0.3726797696374079
0.49153011953666187
0.29071536848410967
0.5003463453890308
0.14772749210787606
0.5526912464181998
0.4710072413337647
0.37709297891717664
0.45807035487845843
0.23203058032469892
1.0
0.41970401700291604
0.08657107714332325
0.6234696632612694
0.38460865412787276
0.2024205959329982
0.785629301801026
0.1729565093704935
0.48097821230740917
0.38503228868787126
0.39159269732992946
0.6408103433799485
0.32881195335162366
0.3171961981657635
0.6033345706609493
0.2882258334128602
0.6262844962765468
0.5591430457928661
0.3993879176377878
1.0
0.35556702356686953
0.574548148015985
0.5821747317554493
1.0
0.8685813353706824
0.11016798394984659
0.5969491792019646
0.8155136351496458
0.5919783121240433
0.5100356156314342
0.4187858959636777
0.4785543921093737
0.41531178356122406
0.43600387912116445
0.42650171061333986
0.5571364970030034
0.571032172540022
0.3703046833819061
0.7823674749434268
0.18094495256969623
0.6140760391584494
0.22934769499188126
0.3502177791933378
0.21189095274335795
0.5576565507451322
0.35971043420412446
0.5667521832510313
0.4951667361098101
0.2725088360461924
0.6235451608339461
0.6865890479690393
0.23422904910542144
0.47735349332944554
0.61140936142662
0.5284933609009623
0.4961577855632883
0.5120329318071457
0.5261077231186135
0.47819605904136436
0.30213753973567675
1.0
0.7710792371922995
0.4647376198441663
0.21002907628863074
0.7748677442328399
0.3902432885938962
0.6003879565482108
1.0
0.26608125176434144
0.34514762430595153
0.36656105072156997
0.3446073377034663
0.39532761029560015
0.6962269175492563
0.7360274036243225
0.35060029956883604
0.9391044157537525
1.0
0.6627953568839928
0.11551628810297963
0.5218465264904081
0.3398008539373863
0.23726814801617174
0.5919937816796365
0.5093498412990677
0.4622517574788608
0.537284965911771
0.21105340631872635
0.8788221923240406
0.8694417438899829
0.4747354911173249
0.2675194956310487
0.28997844147152074
0.6058222197851519
0.4094241925213134
0.2572149721088003
0.46024953713619404
0.7677331684336531
1.0
1.0
0.9146912192286945
0.6021733919997905
0.6868247058200974
0.5051920109676731
1.0
0.42766594392382573
0.5388431948481255
0.7221341494974228
0.5576842724839072
0.4366853033829107
0.9193227152249185
0.47987820666906633
0.4033582072599889
0.2660160086895009
0.3605089705421052
0.1289756083331201
1.0
1.0
0.26533355684796045
0.8091067115702212
0.37957950703035886
0.26916574623990996
0.2980532349050044
0.589196564064408
0.14216645907653844
0.5567320065367337
0.18517968308281615
0.26084743001221455
0.6422727797927412
0.21379550863272262
0.9467953617338835
0.7855774849365862
0.8307018474412792
0.4096319635047489
0.6156286979590512
0.40165064373431114
0.708587641194393
0.3844003641911519
0.09761739612102296
1.0
0.67694724277124
0.4763696334812461
0.5775001786045538
0.281801231210886
0.4063798282013442
0.5813220786332257
0.35553046704311847
0.45737602844523195
0.6868247058200974
0.7667884230637944
0.5806365145509119
