0.3215935109119012
0.6170634041260614
0.2351761359981398
0.13924499401499874
0.49479954685767885
0.07345999956022108
0.3636227046500071
0.25510012742866267
0.15911783110981517
0.24760196280097158
0.47265993675484613
0.2004319826183955
0.35571182238121213
0.30672385091888504
0.07707532488755378
1.0
0.2786667306470559
0.10287131405612562
0.1649192002423668
0.16515821590069038
0.48367069650127104
0.12644438090399043
0.36866255799810094
0.39281465090051304
0.5929835221973796
0.46836246523694947
0.3033668865762665
0.8824969025845955
0.48579604069037047
0.17298187366649476
0.4710593765802856
0.3084626599204914
0.2024205959329982
0.785629301801026
0.20955554138015525
0.3639723552007909
0.22089591134157885
0.2164007638135427
0.3725590824115894
0.2994199363806291
0.3489494451353682
0.16710354241042594
0.26417685206656694
0.6762614585942508
0.5426113542926237
0.09263986277915474
0.8147064000626635
0.1332358437599213
0.31045780530974054
0.32488472221726167
0.488923022434901
0.7288605134576496
0.08450310992782924
0.30895757752065417
0.40236498280208316
0.16625221554657843
0.39146519938805746
0.38922509448254544
0.6100034457014365
0.18168644632623687
0.40607000841651514
0.41126634770615506
0.4517809844812959
0.22647964255804212
0.19251614434393563
0.5647711791244442
0.1640212036255557
0.5609758964137137
0.13706146326959745
0.24675215519572885
0.2217572793532002
0.22892553514057498
0.18300422153413817
0.13224473398607675
0.3231918090240967
0.4605329793777294
0.42666094316711256
0.4026190971287384
0.09072011516087608
0.1896213672651553
0.5395275188363035
0.21141555059982428
0.19251614434393563
0.6160362085721387
0.09855800239056849
0.3301946740926878
0.06892168295481108
0.27091988546756285
0.43884190960972586
0.5191731458068687
0.6606328636027614
0.3820423497317158
0.38531221506464375
0.5278627722123207
0.07654112967106118
0.3411504580462572
0.3487037495448998
0.3767933724362172
0.5246837953108363
0.30650669153525223
0.2630501434025343
0.24969072091758407
0.35907267602210863
0.9146912192286945
1.0
0.802649977551191
0.06448736173315682
0.7023481674072513
0.15762996777294286
0.26258036953027697
0.24290080449143286
0.5093498412990677
0.1915740466126278
0.11044795567078944
0.240785655451027
0.4478226646961712
0.28491818877221364
0.13399118318121792
0.1189311027161729
0.13650604313545334
0.45617504351842275
0.2738602424725465
0.26419357305811075
0.4455480588286273
0.2786792820528984
1.0
0.6142150942225167
0.4671379777282001
0.4931183344963876
0.633160218956179
0.4389591999875931
0.5118285025257894
0.3083012995502152
0.4208001446243006
0.30772866935231064
0.30579355478915354
0.43912638384043456
0.5154486831107657
0.161805547365076
0.23505204106959587
0.3459175653079135
0.2046891803745709
0.0673900604069597
0.4810977290978808
0.29538720207860764
0.24341782966551506
0.36064732832591173
0.49776610576334535
0.3943636495171048
0.14004147069285727
0.42293855423204196
0.16515821590069035
0.3928866279353064
0.23425362656701854
0.26970223719007375
0.4593073632354732
0.19339119402480962
0.5478748084045127
0.5983790352305267
0.2692476178032042
0.4519549457712237
0.19437571020720099
0.24316915840399717
0.5801559414528517
0.3208592203450197
0.12869637315183774
0.31947155212313627
0.497896461567252
0.6734927403341204
0.4512595975949005
0.3362836376610509
0.2441685669990165
0.5228203552917837
0.13540116804881158
0.3957887438657926
0.684694991173804
0.13910645333802948
0.26058052611808086
