1.0
0.6084121675336108
0.30474856970276787
0.4126749386397027
0.49479954685767885
0.27481901536272213
0.3986357128268013
0.5869602658303279
0.2384786436205957
0.2808120137776588
0.5399139787617606
0.5729618964009555
0.465595750454338
0.22668807231893867
0.6223329772884784
0.8091067115702212
0.5546431664402546
0.4278337599219722
0.3862507605265686
1.0
0.19883278939255059
0.06140323146936681
0.3558383640397903
0.8507331335123524
0.4127548532835144
0.2233013554674443
0.5309354663044072
1.0
0.23606759670490943
0.2641353933218273
0.2279589024544314
0.22247701660695943
0.26417099723452864
0.6340466277046861
0.24435822586484734
0.42586099888428014
0.38503228868787126
0.46270236187247377
0.30709884982041386
0.25092399631035456
0.264764101383542
0.693197020427011
0.3561693754184905
0.20149416157064579
0.6859238121837058
0.392814650900513
0.7958667887986415
0.19156928817239646
0.8114437945100468
0.5893970214618305
0.2295748846661433
0.8685813353706824
0.4172261448611506
0.3613284405728026
0.752819006597127
0.6033345706609493
0.5339037971016842
0.43429066768534114
0.7367565054628357
0.13147944990735294
0.10426590370508802
0.5029615903442216
0.4037112939429361
0.517290850643777
0.3703046833819061
0.5084623843817836
0.32649710286280526
0.19756644186582903
0.7532821983227991
0.6320126251357505
0.06962249700749937
0.4335997376745552
0.11901899288786835
0.3295959990902407
0.6068998306252068
0.38058030016749456
0.6712403123245676
0.6865890479690393
0.1771531047853334
0.5401152096367797
0.5909078933680358
0.5114130495958383
0.4874858042804568
0.47631009147745074
0.4284560652173415
0.5623894988279954
0.20612390921238416
1.0
0.5974970909115025
0.42654402206626707
0.8507331335123524
0.4191355943282004
0.42412560574745445
0.6177035901883539
1.0
0.4137825494169994
0.04620500695970069
0.5353937540083668
0.3128418715354195
0.10993250844087574
0.502658727004553
0.2619087743398409
0.2923405059811869
0.7875110621102679
1.0
0.6627953568839928
0.14949751774990683
0.5218465264904081
0.5672254631483793
0.3181898898669144
0.6269641331921132
0.5093498412990677
0.4893081352324837
0.3655552228545123
0.21105340631872635
0.8012282291843922
0.8694417438899829
0.2184181822230771
0.2227227312202058
0.14258769764520746
0.5750931922041148
0.09727179967405257
0.21980923086532023
0.38233014078303
0.7677331684336531
1.0
1.0
0.7141612072964586
0.2064778208261168
0.43884190960972586
0.6379700507177493
0.878187983790713
0.3906823691875044
0.13083587067501518
0.6723217405321034
0.3496008197748863
0.5417606269746648
0.9193227152249185
0.4053204803307695
0.17996531271765898
0.3188111685937768
0.21784658682446653
0.18451254446841317
1.0
0.7632111503316513
0.6288749748872197
0.8276243068854853
0.36236516495462656
0.22266713912010067
0.25889232572599014
0.7315339097995036
0.1531024544118244
0.3567716839571374
0.011660341912156322
0.26084743001221455
0.6128081331864039
0.2898497051727735
0.9467953617338835
0.24896340766311714
0.8307018474412792
0.5338072105998289
0.18168644632623687
0.40165064373431114
0.5856955459355555
0.31883477089875656
0.16417223692914015
0.6147881529512643
0.6237465763489733
0.5158018788145572
0.14703852373019843
0.5064261936213756
0.2673465335275293
0.43590414644949765
0.31520930587913804
0.4939409760543547
0.8533575342460036
0.34972616869577633
0.5806365145509119
