0.6803749333171202
0.6535914578164288
0.2933705789311311
0.34241385648659456
0.7035782710768724
0.24219985595217985
0.3315796151992083
0.6478642388719699
0.15585414375983833
0.3306112966698438
0.6142841795875746
0.45831756695734016
0.37399962732073283
0.1707152543696785
0.3710040343409254
1.0
0.5291052639445404
0.45433329023620533
0.2515067652457999
0.29071536848410967
0.6198910454612564
0.09932580426349909
0.2792641002832417
0.8364509921576047
0.8282477531331041
0.08655939438828346
0.3493820878990098
1.0
0.3217340376680276
0.11664454871103966
0.30130404892785684
0.13367988573574838
0.18553285610665507
0.785629301801026
0.2891951481892614
0.4585714023737562
0.12062940248564928
0.12861981016228477
0.3722235635917212
0.17401899042085664
0.2274295886402627
0.5718109192406814
0.17377138231975328
0.157188773630212
0.5497783119903923
0.054011574454540336
0.7348889200874658
0.269855346668251
0.574548148015985
0.49387782522975165
1.0
0.8685813353706824
0.23462350320528
0.2666354429712649
0.536418213206454
0.06039371583840549
0.28306547690859896
0.3906782052454083
0.6694048285186804
0.09083627868206415
0.40188875403207003
0.40040185871686507
0.4099754391125171
0.21754372840557654
0.30130404892785684
0.48070763707937414
0.1962791284379257
0.5284370973103969
0.17443918989868423
0.27119661224594577
0.10668960066579204
0.23740607481981782
0.11438421767623255
0.10458559173412524
0.10306603568035631
0.2240750868020436
0.4672825353743821
0.42502814134169775
0.06442161709075163
0.15088774045957565
0.4480965787250332
0.34740317390504205
0.27797995588365465
0.5120329318071457
0.20477156411200442
0.11666162446849629
0.11737849637633066
0.9306048591020996
0.31671615012203974
0.3626305461419687
0.578733153991148
0.5825666530518954
0.419468515826214
0.5408534375472995
0.31239399369202553
0.2082198320914845
0.3748034834364443
0.12496619333521206
0.427457836637166
0.25890248592920595
0.800737402916808
0.051778130347887995
0.36589846604986154
0.9036020036098449
0.5307712171072443
0.5510792593319885
0.1189311027161729
0.5599981853789108
0.11538919047163572
0.3118603868366319
0.6191597103300965
0.5093498412990677
0.19477244517398226
0.04246549372656571
0.23356898886410005
0.7606976673955321
0.03211547431691929
0.46841077690816413
0.11548431380162248
0.0492467473444436
0.5765239979339447
0.2140621068044817
0.427107074639892
0.39988668151048823
0.4905378138718247
0.537284965911771
1.0
0.9146912192286945
0.5753784513472914
0.5306727811879378
0.43363464318111133
1.0
0.4705355686715127
0.4258846876062196
0.5482937653215287
0.3236570703458539
0.5284029261219907
0.17747405280050263
0.1527678022374703
0.19251614434393563
0.24559606518130903
0.31105042156452656
0.17472957814518605
0.8003203203844999
0.598690849764947
0.4345587182943312
0.565361573648609
0.18941815417102928
0.05909802422297369
0.17084770174003108
0.2427871548474658
0.17066020143571545
0.6552668640628487
0.18925199954044145
0.10521495173810227
0.2608419023058448
0.2140075276843937
0.6128176430256624
0.6263217246709558
0.0796817868330168
0.37650483438911464
0.19331263581394148
0.47603522514067625
0.3003918358815796
0.3112863571084918
0.18594002123233253
1.0
0.4118059949497355
0.45659506887627704
0.4529977779449615
0.28110561443290544
0.14377919100088188
0.6285470005610975
0.38869402691011407
0.3913841884025348
0.5035337887555859
0.24338218459022268
0.6065306597126334
