3.0
2.6666666666666665
1.3333333333333333
3.0
3.0
2.3333333333333335
2.3333333333333335
2.0
2.6
2.0
3.0
3.0
2.0
3.0
3.0
3.0
1.0
3.0
2.5
1.8333333333333333
3.0
2.3333333333333335
3.0
3.0
3.0
2.6666666666666665
2.5
2.5
3.0
3.0
2.6666666666666665
3.0
2.3333333333333335
2.6666666666666665
2.3333333333333335
2.3333333333333335
2.6666666666666665
3.0
3.0
2.6666666666666665
2.6666666666666665
3.0
3.0
3.0
2.3333333333333335
2.6666666666666665
2.3333333333333335
2.6666666666666665
1.3333333333333333
2.6666666666666665
1.6666666666666667
3.0
1.6666666666666667
3.0
3.0
2.6666666666666665
1.6666666666666667
3.0
2.6666666666666665
2.6666666666666665
3.0
2.0
3.0
3.0
3.0
1.6666666666666667
3.0
2.3333333333333335
2.3333333333333335
3.0
2.3333333333333335
1.3333333333333333
3.0
1.6666666666666667
1.0
2.6666666666666665
2.3333333333333335
2.0
2.6666666666666665
3.0
1.0
2.6666666666666665
2.6666666666666665
2.5
2.0
3.0
3.0
3.0
2.6666666666666665
1.3333333333333333
2.0
1.6666666666666667
2.0
2.3333333333333335
2.0
3.0
2.0
3.0
2.3333333333333335
2.0
3.0
1.5
3.0
3.0
1.5
2.3333333333333335
2.6666666666666665
1.6666666666666667
3.0
3.0
2.6666666666666665
3.0
2.5
2.6666666666666665
3.0
3.0
2.3333333333333335
2.6666666666666665
2.3333333333333335
2.3333333333333335
2.3333333333333335
2.6666666666666665
2.6666666666666665
3.0
3.0
2.0
2.0
2.0
2.6666666666666665
2.6666666666666665
2.6666666666666665
1.6666666666666667
2.6666666666666665
2.3333333333333335
1.3333333333333333
3.0
3.0
2.0
3.0
2.6666666666666665
3.0
3.0
2.6666666666666665
3.0
1.3333333333333333
3.0
2.6666666666666665
2.6666666666666665
3.0
1.6666666666666667
2.6666666666666665
2.75
2.3333333333333335
2.0
2.0
2.0
2.6666666666666665
2.6
2.3333333333333335
3.0
2.75
2.0
2.6666666666666665
2.0
2.3333333333333335
2.3333333333333335
2.6666666666666665
3.0
1.6666666666666667
1.3333333333333333
2.3333333333333335
2.0
1.0
2.3333333333333335
2.0
3.0
3.0
2.3333333333333335
2.5
1.5
2.6666666666666665
2.3333333333333335
3.0
2.3333333333333335
2.0
1.0
2.0
2.0
2.0
2.5
2.3333333333333335
2.6666666666666665
1.6666666666666667
1.5
1.0
2.3333333333333335
2.6666666666666665
1.3333333333333333
1.0
1.5
1.3333333333333333
2.0
1.6666666666666667
1.6666666666666667
2.0
1.6666666666666667
3.0
1.3333333333333333
2.0
2.3333333333333335
2.0
2.6666666666666665
2.0
2.0
1.6666666666666667
2.0
1.3333333333333333
1.6666666666666667
1.6666666666666667
1.6666666666666667
1.0
1.0
2.0
