0.8209869292634357
-0.2945488610486346
0.6289045470069511
0.2302462908452569
0.6622187672770193
0.3095968371389535
0.4908933327326003
0.2242409499908707
0.9036009976602308
0.6710499271177136
0.2808234945883866
0.0544023708539436
0.3870197777717988
0.6797273910883992
0.2599634660045989
0.652786627492309
0.1693344529096637
-0.3889981692232748
-0.2536988416846342
0.404603222197681
0.3552486550287723
-1.0801741756548406
-0.0423094448098401
-0.0365248953611179
0.2341997980677167
-0.957647427871958
0.540020202978541
0.6804367894313895
0.3231284920673634
0.7897952313348057
0.5886090756502912
-0.4656385436721696
0.1802314346177399
0.4870096362271522
0.5737107417258508
-0.8873953431752407
0.1548515743000803
0.520605337804844
-0.0038886865518801
0.380604803843851
0.2143633117738966
0.3706959193734204
0.4168853489115379
0.4439789702324109
0.0397926330087521
0.2665598409664671
0.6397788784382046
-0.8578572530613483
0.7063369458130999
0.3842662454782987
0.6277588878211817
0.51711868453032
0.6861271356773363
0.341773404992474
0.308342712425441
0.6335238573159503
-0.5974319051399267
0.4204859764682577
0.5887856014117778
0.496101804836152
-0.0661653743037182
0.65828403124311
-0.0236203490744936
0.5891364360051209
-0.2939852739130008
0.0023317631733821
0.3903010262157537
-0.080642919857318
0.0282370480783357
0.2936980919708473
-0.1469504418310022
0.021411100057725
0.0512202937871103
0.2809086807517339
-0.1113494456667757
0.6604857390367269
0.3560243645775937
0.4275315495491028
0.543390132949707
0.4343388579950705
0.0148896107727279
0.4771407596523355
0.823740155620945
0.1761348586504378
0.5430693270486594
0.5221874935577744
0.7071918812836464
0.6221640285623847
0.2603739491025227
0.3920682667052544
0.8048885089409116
0.3094873877841369
0.6997412338499306
0.042434418416258
0.5496684473229466
0.599676672407796
0.8534298278084809
-0.5648563640631397
0.2423321496026917
-0.2537165376301604
0.6582738384128145
0.3611477045724667
0.1101974149566635
0.8203819912400835
0.4394069247848058
0.0523392739130098
-0.3490409607521895
0.0784735122844556
0.6598779451544725
0.0889497684636759
0.8653008063629457
0.5245524413720823
0.5507976447450781
0.8060923641414118
0.6344255325580038
0.509038926076473
0.435560643506787
0.5981559018167427
-0.4706164304002334
-0.5689885354387942
0.3769918400492818
-0.1291798136015025
0.3538146097704495
-0.5030925964228928
0.5238206585074509
0.6523161986644139
0.8671802640035668
0.581491649910928
0.292509446828838
0.5617460752790197
0.3272630264542234
0.8636689940386709
0.5358777086274884
-0.3789586685922404
0.6473877260892781
-0.7324652858155706
0.4905110596612097
0.7444774888954668
0.2906940563989051
0.7340035537528831
-0.3348276878164114
0.4524300877995722
0.4752458495006944
0.1468078892653996
0.8973579547855821
0.7012824118785914
0.4043339189384106
0.2066607783618817
-0.4002843165739989
0.8507841346060238
0.3464247251165063
-0.3104600822066833
0.4019979784946685
0.4953880251071341
0.7816544666065349
0.5272874826527839
0.6227459987292089
0.6107913155567398
0.8184993941776421
0.7488360438966124
0.3203100997946645
0.5567900052904332
0.9772841333940546
0.4202919346231691
0.4510933892820952
0.4252379444411944
1.4741227222562705
0.4854647958204716
0.1767718753516686
0.4864893464851018
0.4468757632866604
-0.0681388170781555
-0.1233651033594784
0.5949993365791635
0.1634935942729456
0.7824329627866949
0.1727526094401794
0.2806356818895622
