0.0775520041197935
-0.139636110684945
-0.532811446907688
0.6224015342856073
0.6840623430207112
-0.1019819589621852
-0.506527614172404
-0.3433926808335213
0.7205905144767278
-0.9538265110789452
-0.008077715954236
-0.26129355260303
0.4078389290189442
0.143432305480142
0.0792264032081009
0.5971108920883564
0.4972307550115462
-0.6383071926233154
-0.7294654233979682
1.007291187378688
-0.2175418879903013
-0.3853522520729996
-0.1648079128199634
0.3483350178348101
0.0326967923224212
-1.241254454781521
-0.3995257213875509
0.616773291473758
-0.2890824120064086
-0.1728965126143639
-0.6929744419247026
0.3011721270926588
-0.59224456555082
0.7182672720614023
0.6976525338258597
0.3097776432931835
-0.6765931976412887
-0.2582576327630929
-1.1391592712403584
0.3476793670092838
-2.3986128868540595
0.3762455890254204
-0.2063928791399088
0.1324652625971151
0.5771687462763563
0.3419328258890685
0.2245852535669192
0.1418752177753609
0.2046463267084028
0.8356359101387226
0.4918085042473092
-0.9554281475045656
-0.2266460212050355
-0.798190355382482
-0.6333418366418059
0.4616770624480599
0.4751564467505975
-0.1969627589739924
0.6126917677821522
0.6996383886526552
-0.648782482177125
-1.52689666336393
0.1095772697013283
-0.3037968962185488
0.7784872559157537
-0.3073029339652091
0.4738228583369498
0.1051270112152656
0.1978914824195895
0.3501820889003983
0.0616858490686858
-0.2476878927494997
-0.1219997906149914
0.1937987846555231
-1.593650004523103
-0.1650566033910156
0.5030310078782366
1.1638573820579607
0.3671557617323123
-1.423672474773388
0.2222008996293928
-0.0536762190706457
0.5754281533661607
0.6599308282781028
0.0374686049541387
0.4196911918164622
0.5476348471097581
0.8407908329630326
0.1573612370564405
-0.5792195556793097
0.4158650962375229
0.3020028552966049
0.4380399409580671
0.728042385926644
-0.0479062926526786
-0.2072261028783032
0.3506824130584388
-0.4191522995956222
-0.0901426288088248
0.4100596544414058
-0.5572418695831687
0.3427533110166771
-0.2127386727228679
0.750091971309022
0.5713840343535271
0.5911958598869097
-1.1792230763063207
0.0054764958195629
0.1846379530510961
0.7254450201266658
0.5320775948435745
-1.1358994180190922
0.431378521473371
0.407801194804788
-0.2818496259035085
0.7130139079680576
0.3016223695622391
-0.3442430132607495
-1.1270226778629755
-0.6908790637482051
-0.6205538988344009
0.4317680633653804
-0.1218811558373856
0.7884424474625378
0.5198039439327561
0.3531745883109243
0.8831524736167867
-0.1367081513100314
-0.2584929592845221
0.5557520287407045
-0.4132826934109091
0.3651071170707778
-0.3078332705235371
0.4554254576571744
0.4016623468560422
-0.6799517342688634
0.5714568857267739
-1.0062993337963644
0.1372738195752831
0.2714272756512805
0.4699981950400211
0.6188972204762703
0.4965492622737998
0.7288091268292411
0.361344420273577
-0.1079300510657453
-1.5765205530229525
-1.4523705966684848
0.4514033735198753
0.2697442307980089
0.0793466935655582
0.5873831238417919
-0.0058540390194736
0.453623923279137
-1.588850977889201
-0.7921795933604932
1.0082015035581045
0.2740721983369336
0.4779979316455522
0.2998561763844903
0.2237607758498465
0.759309366748482
0.8493062768756443
0.4251462765321208
0.3552029648845281
0.5381459686302997
-0.6042952137785972
-0.3723005149163645
-0.3141237942015444
-0.5384027160059276
-0.067895199154028
0.1661690880730094
-0.9130595103648056
-1.177995100214805
0.033891034481248
-0.1513663175398519
-1.1637703294718282
0