0.5715101816596136
0.3560900651341031
-1.069904093145438
-0.178654427124334
0.999629612511212
0.30201093549016
-0.568315768835392
0.481727808654862
0.7254795337852323
-0.3414007249512153
-0.3909754906842429
0.2179718153809079
-1.2693193131795897
-0.895898038487389
0.1817690224225659
-0.1755740952453461
-1.33204903732704
-0.6491683462406249
-0.1215915837195849
0.5152030011111263
-0.3761941491330399
0.4218200264602199
-0.6821975227921114
-1.942713828299164
0.4633550747608035
0.3029275379991769
-0.6611553553980812
0.5457725035644371
-0.1964763872667716
-1.398612469321992
-0.2818234352222877
0.6396233418277857
0.0559532041226797
0.30201093549016
0.7962559486266011
-0.5920350771820762
0.1325876661307297
0.7955875125663149
-2.3507665589627544
0.4804609373365251
-0.3742672014193554
-2.423322287141485
-0.4760098631343556
0.3245253192421672
0.0853617039291896
0.1015938975519051
-0.3704246884562971
0.1156592748642831
-1.0100286762185189
-5.688785231334315
0.6502055518272603
-0.1513392011023786
0.0751536276868811
0.2217867210016856
-0.0106383526797917
0.4533370832126294
0.3850477562771943
0.6498616070145871
0.6175439969356619
0.414155322927175
-1.0366226045487257
0.4675784002556582
-0.9250814072766936
-0.5113254702200102
0.7531782296230721
0.08754124616249
0.6193667269008195
-0.761244036915606
0.129037543105776
-0.2526512038654659
0.0636460170904177
-0.9523873070736814
-0.9195217815554771
-1.2424825693507342
-0.6960461499712355
0.7062256978056282
0.8527929305871753
0.6894399174191099
0.5023837556745652
0.232244204312844
0.2799174959207623
0.0444376890084852
0.5286323446922238
0.3066088962843222
-1.8443515859938069
-1.8505875570979515
0.7431514837243124
0.266826080181528
-0.0248957136215817
0.0471213866676881
0.8111643385207161
0.6392580877705257
0.29608846729016
0.1394730737397256
-0.5099744678004252
0.0044392035999667
-0.3815073355244758
-0.9729449850326706
-0.2131879343407337
-1.7153719775171563
0.4163980892690833
0.2987272300718979
0.303330937502576
0.5138090806862967
0.8259124232452986
0.557204252242043
0.1474229320822885
-1.5115068301122725
-1.306655483128165
-0.4130707854420859
-0.0660642518009781
0.0188939432435729
-0.9391242067571316
-2.495253523573573
-0.256877576104584
0.126583985917474
-1.120584748879607
-0.8100205342883071
-0.4985781098138825
0.3947875689348382
0.1844175439839255
-1.3483191919583708
-0.1168207355509127
0.5003115280737632
0.4662178588092216
0.3871631527275965
0.7842315864655508
-0.5760743757367727
-0.5797972901891127
-0.0514974118422238
-0.6383368409443027
-0.7725223097716337
0.1017223616675105
-0.259907955035101
0.5341299859386367
-0.0622229034441842
-1.903167770649304
0.591036957211312
0.1284740931840792
0.2996700361321619
-0.0290407382278767
0.06801236480217
-0.9339749818074292
0.3607689104217397
-0.3332518359388816
0.9647872783720602
1.216328844456441
1.216328844456441
-0.2540027408853341
0.6235577388727668
-0.8703264294845647
0.3250850363077368
0.1362003940640752
0.4064325015304402
0.5848145955235876
0.4542249636199001
-0.509168973321689
-0.0522812051072675
-1.2618942687815244
0.6828055222412307
-0.4501802360105256
0.5984167079141552
-0.0332880744036272
0.2582984321104492
0.0261142259620491
0.6079753511741406
-1.3470198176937425
0.1799045973653329
0.6993630695957672
-0.3896406109654785
-1.5036622212623705
-0.0865967927743068
-1.2655946480203424
-0.8532797347782426
0.2412609606156008
0.053677416088686
1.015327492630207
0.3001498410217127
