0.602889017070751
-0.7509939658736146
0.6042513404030739
-1.199633910568798
0.4175902414222994
-0.413710174109597
0.7952605844648987
-0.7869489936165185
0.3341328103123477
-0.0146624940084553
0.5220236204714782
-0.3076091550224466
0.5566447776475804
0.3506628931780173
0.6803543178607896
0.502224406364566
0.7953019126067616
0.6625867984515466
-1.8626284104104256
0.9088428708782986
-0.0083052656136825
-0.0163034598159308
-0.0958818833265575
0.7991376361797403
0.3807314497668519
-0.393833408938312
0.3997453940766602
0.5211356435458805
0.3732144495205891
-0.0018930253380635
0.541411096900434
-0.7743811552142135
0.3857931788553563
0.9520201601942596
-0.2380543137058755
0.4705950645456166
-0.722272771345201
0.6341626047620815
-0.7893635897713821
-0.0927356036561364
0.3879074314450135
0.4454457012839322
0.2764433022905469
0.8650741200603683
0.4697432921835878
-0.0963874902237981
0.4440560641379905
0.147920815677039
-0.2987522740504929
0.4986991840209177
0.6878651476275972
0.2231460830560087
0.0306767719693162
-0.526492840744322
0.0923934224335115
0.2562221030574303
0.3781480778078893
0.0042003460195308
0.6684986631093907
0.7432758744154783
0.3137616644747044
0.7204509708543387
0.4757678262979191
-0.9556106109577734
0.3918375482929832
0.6269671089261879
-0.0619375325974363
0.4929288437111549
-0.3699322598852972
0.6694464077263178
-0.4918690799653364
-0.1445975879606722
0.6167370654774907
0.3393781866787873
0.4282087452807214
-0.2512971637013186
0.1236330183948602
0.5768854237621911
0.0530364563593902
0.5983704140142119
0.530096108934782
-0.1294988990782924
0.4443763738201069
0.323512827052386
-0.398808029832121
0.3696669675844158
0.8012789859892587
0.7081666386098826
0.5762835245930114
-0.0086231169874529
0.4979902111711705
0.6520833439889494
0.2732256960317502
0.3629794171071762
-0.0513737257372918
0.7058617851688053
0.4435438500448244
0.1724651161233872
-0.1620862654587563
0.4841026972072428
0.3591398822405806
-0.7150705741266212
0.5943234540911285
0.3890925539964178
0.6834623564207473
0.122957474799553
0.3085971555210881
0.7423887863481117
0.4629483981310536
0.2493105634716579
0.647307434601729
0.3725275991499683
0.5414159836262483
0.6666346531232613
0.3561593453397607
-0.4729852075340764
0.7644208792825297
0.4812591826956429
0.5427147093307573
-1.5894918712917627
0.430475438087534
0.4558250841399094
0.804604400611655
0.7089606064715565
0.2784883170571181
0.3736543926277085
1.018322069156393
0.5948729043983622
-0.1385858671048729
0.1772510657906275
0.3029275379991769
0.6394596586137177
0.5912199507897847
0.2416821782423305
0.0455142726917513
0.1379220638243997
-0.4945015656966117
0.5689653829690205
0.0496472825064038
0.3055223118083609
0.2085175527350114
-0.37264652301114
0.2547409377104355
0.3519289381745249
0.6045093839395645
0.1766149929073693
0.1203217782104832
-0.2623955937591339
-0.2845416014034648
0.2054975277658572
-0.3462553755343864
0.4761840727099818
0.4351863669780191
0.0425335476080607
0.3686125584294931
-1.806712258089361
0.7758240675935072
0.2298023710105325
0.2696245323789758
0.3132201825257814
0.8163618340838475
0.0272453471126153
0.651429181355375
0.5909142679449465
0.3815734246810866
-0.5966030760013584
0.6029661147058768
0.1556232708717446
0.4804219456020729
-0.0688186300436552
-0.1967223785683329
-0.6301708742921378
0.3719443248041693
0.4730047606972569
0.6168894672517559
-0.4900472434350347
-0.2986909543840097
0.4147603058443053
