0.7752484918801464
0.575910703716544
0.9229036433922888
-0.2909048530959064
0.7138732564029988
0.1933470959019361
0.8760628892709214
-0.0394163432374034
0.1457648454564168
0.5022674619944304
0.123367176462203
0.3144482100118829
-0.7843111679476636
-0.1286402877173081
0.4786617844216049
0.6005567357628125
0.3481411503297416
0.478630203211248
-0.0531208271480879
0.6937810452842106
0.3240661526712449
-0.2513130420037891
-1.0980915488576557
0.5934577454564222
0.4913323566700211
-1.8613391320766548
0.7020319665066636
0.8956290753383097
0.4643355965614785
0.8202222623130931
0.3282245956550918
-0.4829816622954104
-0.1604451208876921
0.7772622154830323
-2.511396924200243
-0.1849869702454862
0.4192066793613698
0.1592330030394265
-1.9772500318685624
-0.236335783920365
-0.0806180540271519
-0.3478656224586485
-0.3815827645465647
0.6176033057787352
0.3250443417894051
0.1768489083814728
0.6078243209258801
0.1519136757249993
0.7353962369843776
0.4999850062205139
0.6605166079607473
0.6758960591621063
-0.648558435440452
-0.1647168159171621
-0.213533367095372
-0.1170217911700534
0.7270840977576406
-0.1957305239733675
-0.078804756350778
-0.9476624713812192
-0.8848871186037343
-0.1207471170131797
-0.0044883593951966
0.7533855329792535
0.3944261882598141
0.9508128800491128
-0.2288268830687209
0.1298138542544415
-0.0085854635965866
0.244725390040163
-0.3193154372285414
0.4354893949437102
0.2883545713289034
0.3096906369652549
0.5003218832457553
-0.5146338443862286
0.116370881518188
0.5018542175636873
0.0392080559008061
0.3499085206828531
-0.3541816866349653
0.2026270388638126
0.8215722190129163
0.1432905226038107
0.1623471425022357
-0.6239013044729061
0.5444022498009004
0.2722036942446098
0.5118552449916361
-0.5961935254751767
0.5977471340464744
-0.1699069880073299
-0.0581513474834233
0.0272940290369217
0.1435853148219108
-0.7192407650412386
0.6243603018476291
0.1356444064733339
0.6161244045001658
-0.8078411893234133
0.0848485606529861
-0.1439315367180964
-0.0643639544488427
0.6245763597940114
0.5815584649459923
0.6782973209907691
0.4420406333331372
0.4217705224838517
0.3687337011122554
0.4689389379289768
0.4972469517362149
1.0324360303691966
0.1692412304079798
0.7777985603716346
0.6484943388169538
0.1314964972465495
0.7299843018108896
0.259759484120211
0.2268870013295989
0.4712447827542637
-0.1402923807557624
-0.0090629721839277
0.6519996056962852
0.3795236630407851
0.4190495312940383
0.6010751263529995
0.6637014020084124
0.0179503718869595
-0.0593993655180023
0.9041343986226684
-0.0391378468443321
0.3142215652373811
-1.702387270994806
0.7886796560142763
0.6225475958382433
0.3500513544494328
0.8405553384403553
0.7659645100103539
0.7268222142638722
0.3871639213200853
1.0836213485393489
0.3235318900462387
0.2115929924496508
-0.3952975821821374
0.6043106494991831
0.3292752605905221
0.4759525491084157
-0.152470679416771
0.4773727333964673
-0.9380897187590218
-0.3763994430520116
0.2636270141276332
0.1802362375590243
0.4306116438561931
0.6440319022181624
0.8247986772086494
-0.5291485861526133
-0.6771352296984058
0.2658053680931402
0.8692076034758149
0.1051622163616387
0.9136266744188208
0.7333135562756007
0.7774512684288888
0.0453443954835932
-1.545349107669171
0.888365415230722
0.2925916745189301
0.5229505556784547
-0.1462515685579483
0.3025459444145082
-0.5315651249675986
0.4475482482963422
0.279639477085133
0.5800428775236804
-0.3829160498963125
0.3865707346953988
0.4348509977585288
