0.3886587410826098
0.3276283992065469
0.7035223149264449
-0.5129851699605444
-0.0253149676477647
-0.4906616625739188
-0.5108262743253457
0.4767992087710617
-0.078760733682475
0.0662881680899609
-0.2226645144184383
-0.4757646416258194
0.457530481890343
0.0418165540802998
0.6811235123062769
0.9272594107758056
-0.3910500615152492
-0.3710266876142725
0.1940153524106785
0.4369428637245952
0.605472585852657
0.1634072117379123
0.4073587809684011
-0.6233475035766176
0.5933375275638345
-0.3363596986716011
0.838932670516083
0.728410576809767
-0.2475308318894518
0.8225936845505011
0.3539805434857219
0.0374313011999139
0.1610627189739433
0.3689763812024099
0.6131878615721167
-0.3736214644551205
-0.6464455897587129
-0.9024255624599188
-0.4547344674400086
-0.5824728771011887
-1.7570267506975608
-1.2525659979351176
0.4047323167343932
-0.0867046708225687
0.191901378749154
-0.539341728802279
-0.5262102638225187
0.0631722186906124
0.3455089509383425
0.2129415156532754
0.6667472430203288
0.230832935816106
-1.2735345414600043
-0.1367171365261871
-0.2460875947184738
0.8164791753381819
-0.5573148757171179
-1.3118837817640656
0.7697028140854714
0.5241358258975262
0.4043287341065072
0.4681381268449063
-0.3774020633105399
-0.1926884972095655
0.4346975172297331
-0.1996741272646228
-0.3204160914946784
-0.0779335443126565
-0.4291778228254809
-0.1193969719808644
0.4379492523305094
0.3572852555004369
0.336787270968147
0.8653208167524098
-0.7306026323753304
-0.8501973097922311
-0.0974279799577669
0.4908978145838537
-0.0014253205554224
0.6279917435298034
0.5165096872964875
-0.0199515209395257
0.1686702443619795
0.3508667019059159
0.098300298316891
0.6534937295752452
0.4240850810863429
0.579730507554751
-0.7648829430814389
0.4789218707054241
0.395421116336769
-0.2595751903698436
-0.0382234235538887
-0.0162259731303462
0.2796849814072081
0.1845167303758479
0.328884205107404
-0.0398882698750265
0.2745945380387484
-0.0664094878559017
0.3359658942679819
0.5195611257064352
0.7106933150567328
0.4718845229917656
0.7284457672827133
0.5041528109840235
-2.3741718207938223
0.5772410682752712
0.2108292024535225
0.5719900666754807
0.2937018421298688
0.7531642111071067
0.0084237323292354
0.7842298211925652
0.6058042002824798
-0.3306213124816016
0.7648831877592347
-0.5213330858244115
0.5249527898537201
-0.5168887553102527
-0.0204876167293886
-0.6559712340715633
0.4715548393412132
0.1886817400423579
0.3353522193165226
0.9339170491165688
0.607876675257291
0.3324872939144683
-0.0038609749424209
0.6535080722829163
0.0551702607195751
-0.8989220498223389
0.338511592374535
0.3435230395902167
-0.2515772659134165
0.0504124019651879
-1.3657345288663176
0.6970860510342529
-0.5384283477572978
0.1774234359035841
0.5657243570940766
-0.3105134514518086
-0.4050218003085219
0.531161321478938
0.3954466837641928
0.5847891959901743
-0.8253316882015008
0.4922831293446861
0.1470035944074921
-0.1598831490691146
-0.1049010426982244
-0.8777674125038554
0.5231591476442582
0.1120477065543375
0.5251642319199452
0.54299669768037
0.0625126780714482
-0.2420932129159679
-1.7208313593833218
0.6678487454427252
0.4905060433834891
0.351041615021711
0.4778013330865064
0.5279696192694304
0.2792070167454146
-0.5498131638257423
0.6966094525443398
0.3184552788068778
0.3710668366228304
0.3873118682139142
0.6033985653371019
-0.4608023670811523
-0.0491553231158146
-2.2591807250883007
0.5751770321906369
0.6035718553474603
-0.1430683273083354
-0.2125662293326913
