1.1979799464796037
-0.0018008425638825
-1.632080489376105
-0.8634553643774662
0.2871564370529519
0.2216770131478973
-0.2311438562824944
0.3137525579482981
-2.345781183796177
-0.0663522973965468
0.3335864092525313
0.0748607047171966
0.5778315078190986
-0.2297867376144251
0.9610128433387476
-0.8656186068360806
0.0130274531382933
-1.211909080414855
-2.64284120667174
0.7398856433329491
0.3509518973650594
0.0540935730229815
-0.6789772497324759
0.0383266069688935
-1.1245177129310795
0.7086066072934831
-0.6828556000443559
0.5960005293838241
0.271497231666321
0.6434398315248188
-0.9874294983596448
-1.5053556317883643
0.4381043241009288
0.288968876112137
0.6978830695077516
-0.770526464620091
0.4367611706928347
-0.982830020136176
0.403510419325903
-0.6194731156530079
-0.3020140887137036
-1.0721946435372764
-1.639216480080561
0.1930166736577317
-0.2396437569389405
0.0565985198177796
0.3919647897711021
0.0842865622646374
0.882875503206057
0.313811647539331
0.8727404116320026
-0.024311396452059
-1.664848522172803
0.6204548788840722
-0.4711029737624196
-0.6615153058907308
-0.8236847181701435
0.5960799539843282
0.4815004721230494
-0.1878821159349825
-0.2948359341158026
0.0703703068759336
-3.024458957317264
-0.238305338759295
-0.1159085264366007
-0.2947243611008415
-0.2640460620852451
0.4398403875257692
-1.5726894619403728
0.4549116172930413
-1.8808055702513875
-1.3594963812190006
-0.3275309482662893
0.3459288601355328
-0.8624543985918413
-0.165688378764005
0.5662715096150119
0.1419089925336546
0.5179652428613261
-0.4290457283068825
0.0262978375911796
0.2007508573193706
0.3104780953552365
0.1735045583009373
-0.5850970428922708
0.0303028403122738
0.8902370120145906
0.6628876315993113
-1.3918513903120406
0.2689226510948705
0.6618772400804589
-2.087081552819014
-0.8686643685865924
0.3545854170587885
0.3095549719088938
0.5040394798889736
-0.2220687717583367
0.1238065601483145
-1.0376581293524332
0.4805098209801987
0.6886449083452093
0.2895901834063806
0.3627871138396217
0.503395960726685
0.9417796144848836
0.2331409591640865
-1.6264922275203408
-0.2546076070984794
0.0407018917407049
-0.7675200049278893
0.0217368461242104
0.6847921652164927
-0.4403798506916485
0.1913052821218953
0.3357153076521738
0.9586984653578792
0.4996142260362015
-1.2582894601882717
-1.0668288814415026
-0.445993479275846
-0.0347618025316144
-0.1380093271614655
0.586169851809367
-0.0389067332715635
-1.5181613475390308
-0.4264896177074108
0.8654120101943709
0.1171003897553483
-0.3855232625088349
-1.3689589618878035
0.3354508695370456
-0.0576250186788266
-1.5751855471682343
0.2406256022809258
-1.6986442917432214
-1.6759246032107586
-1.419150524292169
-1.2376042165405303
0.3410817723167583
-0.0004635692981289
0.1658537216342916
0.7353427088394907
0.0932513711960233
-0.6321532684003534
0.4713457205325488
0.6362587448088007
-0.4536931662407008
0.561862331498517
-0.681105319391718
-0.3678221264637072
0.0125196790632331
-1.4854546655580705
0.5965295136994725
-0.6559499292069534
0.7277223502315011
0.6353238113098473
0.2439382353418446
0.2860692090415738
0.624640854383814
0.789542018135234
-0.5633663320591372
0.5341499236700561
-0.0744107100797043
0.3617912685247685
0.13592723926939
0.768753726951966
0.6217997414300803
-0.532166035025401
-0.2579372983410194
0.6415154217417817
-0.539767201378611
-0.876911059602603
0.1684832999966172
-1.24311091422786
0.3183820924362655
-1.0797413868641443
-0.8510863532774101
0.5102485343233613
