0.717043988605313
-0.7699380943154907
0.4883531339786502
0.4872754267853896
0.5059660097118173
0.4340125317758227
0.4193135437189925
0.0519901958331353
0.4456578088947119
0.6087356608863704
0.0672538700993864
0.9264492144794936
0.586025986753813
-1.5788448667932604
0.6260399571913106
0.9494846529452304
0.4744253275630402
0.3115725839077354
0.3141530769599202
0.629768097328589
0.3434037838639819
-0.1957524873203044
0.0006427472378852
0.7377696778025888
0.659471954359052
-0.0322208772549832
0.6489590835160871
0.7926821603452593
0.7291049603909435
0.8461655201575271
0.0424115152757598
0.3645991573741145
0.323512827052386
0.6416434115196166
-0.5905998557329624
0.7108112417532934
0.1042633181931774
0.076573393254045
0.3250978400024352
-0.0959430318772999
-0.43104979986811
0.2719906677800138
0.4633879469544661
0.561693192491941
0.3132201825257814
0.5310268887814488
0.8808641917472134
0.4814616967329757
0.473523285531729
0.2158796435053122
0.8747822461666939
-0.0617816765761055
0.5951702949992009
-0.6958053324552567
0.8001051348290033
-0.1215366319783003
0.4530465787975417
0.6400566313236543
0.2525277839496982
0.2544653429137445
-0.2996295287978887
-0.0651555133939128
0.5747521616353487
0.1849147290265521
0.6619792750135015
0.2597695232823108
-1.1781442439759164
0.1971056991788826
0.4643297438415472
0.6612222883043491
0.3373696892412847
-0.4258861666296245
0.4980178860039341
0.5204473798226831
-0.1656153302684027
-0.6267893289015447
0.6260176187683796
-0.7513942589990282
-0.1668304745514672
0.5363957328551475
0.5388913036181276
-0.7734835935164907
0.7568875303938524
0.7557504808778074
0.454679259020967
0.6445937304878636
0.650458093644564
0.0393949340131388
0.3205184836921964
-0.2090806324657355
0.4282688229165612
0.4742850581554094
0.5795623267598354
0.4708880799625401
0.3331915307429772
0.4753701207174787
0.0288507852006187
0.218042121434079
-0.5354879122674466
-0.3042976177796568
0.5619839532398592
0.312087144284347
0.4950383964389575
0.6078563500326611
1.3851999664289834
-0.071829862669321
-0.25560315503237
0.7207644408579705
0.3679450730508695
0.6397847179418062
0.6645081549979953
0.323512827052386
0.7332408146127648
0.3737033860308602
0.5834759170322802
0.4477283252981291
0.6433169086319221
0.4533440985526932
0.323512827052386
-0.5710579134316034
-0.2331691832935006
0.2191193258695546
0.3788053721997776
0.4925526674053708
0.6178607822981821
0.5499218395793769
0.5958014918876903
0.6657381770416984
0.5566417498116212
0.9861561622380896
0.8505907408789403
0.5916946057151878
0.5738189828251973
0.688594606506121
0.5422123677321696
0.1088994505842542
0.3336282183436385
0.6716995044960838
-0.0674867008617014
0.2848699606551763
0.0576223019566618
0.0602163760030329
0.1989565230845902
0.2194571959436847
0.5671049772324973
0.4580480843142208
0.5635075802734645
0.6224344497931721
0.381790556534073
-0.477215433001714
0.6362605969553018
0.6210619417823235
0.007411730738082
-0.1876160680320306
0.5882926542672416
0.5737312222889069
0.5044434334532872
0.3564025722446296
-0.0370288131555304
0.492770547634139
0.3878114908676857
0.3744919787374072
0.6251356007335753
0.2502326338162505
-0.6573838222064596
0.6613260182347799
0.5329253049624876
0.6656194332857442
0.7068067201934656
0.9338436288206812
0.3185458056059109
-0.3068310531871359
0.3721226867696056
0.5104634197182708
0.5116300609308088
-0.1698256585863115
0.8374489038253742
0.3060531368034206
