0.9171630821104686
0.5051907654065203
0.043554867330535
0.43626130633425
0.5109115231380502
-0.0101355213989688
0.9317565207799212
0.3447209627447807
-0.1858674215931213
-1.2210146186256872
0.0171352327496367
0.704215170521313
-2.490357609509853
-1.1186242537518376
0.5945546472271471
0.6979152202886212
-0.3148213527055312
-0.7387079421215316
-0.3824146899601337
0.9582463759870198
-0.2801085911328957
-1.9560492038337067
-2.0347777383694567
0.2434761016996155
-0.365788502181992
-0.5154556367835361
-0.1196926883752488
-0.0037518929686595
-0.2262099234358379
-1.160802474681078
0.3500347641393413
-0.9728903057232356
0.5520019326281569
0.1473468235994735
-0.3302699481263837
-0.7836615685874687
0.2817236815116111
-0.3922693723757183
-1.4819994087717152
-2.499194329020099
0.5322930223004365
-0.0491496639400362
-1.3190123182135671
0.2707260156628731
0.2275117973483856
0.2304655427347837
-0.0205883396685391
-1.1411219948032827
0.3476941777852191
0.1918044148356948
0.8544768955376492
0.5285090014249778
-1.8491947571875331
1.0236820104352389
0.52497687292011
-0.8811855250414757
-2.32323232043515
0.2254165852216905
-0.6249398948400969
-1.5748654007129237
-1.730683738267291
-0.5482176234629906
-0.2491082873516168
-0.0029963374981022
-1.732626721493373
-0.0879188746608753
-2.8416154062412176
0.6314511748912228
0.1294277722727686
0.4517110551299416
-0.4016304364003467
-1.3125983812228692
0.2237883668403108
-1.2451961846266772
0.3768299982951791
-0.4673160940959153
0.0958056769662601
-0.2022047753737131
0.6195110545153618
-0.48469831935926
-0.8221733717662537
-0.6216934825301916
-2.394527611180668
0.5926226955568166
0.5468170735687011
0.3457234388698709
0.7637137461649522
0.5097513482750722
-0.2221550365673132
-2.140179379534246
0.4035158487660575
-0.0953316941999368
-1.1214537055687586
-1.1091255092932857
0.2772281983514124
0.8760024577586787
-0.3050980692286077
-0.2179873704073708
-0.7850412764527315
-0.400596259204396
-0.2868401763450927
-1.935405004009484
-0.8511466136633684
0.4535237893941632
1.4911192801699638
0.629430765887041
-1.077767576010627
0.431480598333273
-1.2539402459365243
-1.7956709280511196
-0.4518083701731603
1.0389617031441774
0.287207645348959
0.7985113628448359
-1.401934344907952
0.427385168032328
-1.8518544899219789
0.1165110761286553
-1.6460888616877392
-0.4646534904757242
0.5272474689139659
0.2276344456082462
0.4954833499137969
-0.247867427641871
-0.1530396612656004
0.5992965077757307
-2.975459976008015
0.4064936023498625
0.1913196383172465
-1.0039023348299594
0.0978560451092799
0.94930782333706
-3.0916925840151848
-1.0519974942866026
-1.5813073979413597
-0.7974490024683538
-0.9028810494239408
-2.167970020571187
-1.5318485487517262
-0.9411746992434806
0.4289001827792936
-0.1460103837782957
0.3746081754212344
0.0246743239795962
0.6341434773015403
-0.2004670839085877
0.2149129209133063
-0.2965450687973298
-0.6316159745563265
-2.727825856982539
-1.650437273928002
-0.5571132936994659
-0.1700032863893658
0.5838055715874778
-1.2376017077319077
-0.9019813957163716
-0.5545672268209765
0.4396414818330855
-0.5787063954047061
-0.3125078733060737
-0.1696313748525959
-0.3759146046076775
0.3658731086731486
-2.832634829584492
0.1818002904966185
0.7827999419309443
0.9879767793488976
0.2983807922956333
-2.5066532127135432
-1.181621399404362
-0.9450898274038848
-1.2376244577252322
0.4032430687515035
0.3393991788451388
-0.6676620219680726
-0.3526007399147641
-0.7734294693862838
0.4662625943785337
