-2.8102366502147795
0.0686117708739013
0.604133127001846
-1.1838359989115357
0.8072665232575011
-0.8869806859162903
-0.6164743602756745
0.0284771649195064
0.4286819614293632
-0.4557352339174484
-0.2204178406851724
-0.3195487803505929
0.133767524790606
-0.2645338310552768
0.4277792296866449
1.4777291117935416
0.5342170050657091
0.2647804840189644
-0.4372167989150612
0.5428759558434885
0.3395108010939842
-0.5884539045562295
-0.1251818457228823
0.7280091190254471
-2.275368746334572
-0.7231951603196984
0.3265420691857177
0.0741453498064913
0.0450752067410377
-0.0084472945820807
-1.3867741033113292
0.3515947912054284
-3.6679909945081337
-0.0499063411498086
-2.0513313820258268
-0.3947697322938219
-1.7956536321968892
-0.1836821151407342
-0.4677712565493329
-1.2609976142314954
-2.450360294533786
0.3310806079953441
-1.8298074659807373
0.681848692192347
-0.8350750403449326
-0.1676438956747136
0.8016651307122011
-2.056370068912959
0.2582984321104492
0.6946464695239202
0.7057279528327743
0.6941425053391492
-0.1264787144521212
-2.0400383533367576
-0.9156727651888732
-0.8597586635552886
-0.9530252969760163
0.5100183980812527
0.3289209432496006
0.6015097261702101
-2.4703479009156664
-1.427344780830403
-0.4956426122608786
-1.5583399519018566
-2.8762309165465467
0.3596369781277179
-1.692170850741085
0.3087137412734829
0.2106921339985666
-0.4090840957480248
-0.9672350899812594
-0.4155920945288702
-0.1402526133278486
0.0713691539373386
-0.5667527773988568
-0.3610764680213366
0.4878874303875268
0.3163085339236683
0.035074948511247
0.1514916507180693
0.0507896154994092
0.0916025622308587
0.1168391342399096
0.741861930095963
-3.0161143548657505
-0.2205812202624201
-0.3294653169084076
0.552386427910744
-0.4547869398699367
-2.7874759374813496
0.7872989241108229
0.3406680440121283
-1.9334204729155624
-0.4620900144695681
-0.9834339869547358
-0.3894428845954303
0.4634072100279509
-1.1638751935166116
-0.551110673229799
0.0163012089392768
-0.0797132211961847
-0.8944948307520364
0.6977334343689258
-0.6272800198425172
0.6534189058894158
-0.3652105487242236
-1.0595499115730689
-1.918238326141725
-0.7437425504197824
-1.0281676189083349
0.1517306840172007
-0.5295803715482653
-0.2965662502323477
0.4055494324950663
-2.457651311767752
0.5667401598261071
-4.615431060290287
0.6498926789829083
-2.2606471872698486
0.5411276705536233
0.006819316734708
-0.09542430260527
0.151177902402722
0.0973690768394562
-0.1575027790354346
-0.0943908854742113
-0.0642436613064906
0.2536786886858094
0.6096019195534751
0.4136910315333171
-0.0500809802897557
0.4207874382185426
0.2437131710439908
-0.2849876556290487
0.6482253995636764
-0.4268504828541763
0.2960430801081125
-0.6151713588135379
-1.1531955331689454
0.3178274055747601
-1.379241527460877
0.5471599273858141
0.1718067023821405
0.2184721227430354
0.6756928650747752
0.7444098401466208
0.6651925937183808
-0.4041214204778675
-3.7997077798211913
-0.3038559841213767
-0.6509505252315307
0.2326250463014665
0.3603227236079574
0.330569100897451
-2.5658775288656384
-1.1364195749316537
-2.138073889567109
0.0305391405759326
0.6651957273749817
0.4561359243976386
0.1042116696734773
-0.4323819932784853
-2.7881249475038907
-2.1584179862236543
-0.0441735735741233
-0.1589710920037837
0.5333230475807414
0.0237344665945154
0.4099979802760002
-0.0829066450957196
-1.050872082722462
-2.6157430618427617
-0.0342265526098624
0.2490094814778888
-0.1506598286766112
-0.1815225266348416
-1.740669292686796
-0.2884349018131579
