0.3192688432677489
0.1873656462967267
-0.099754880481967
0.5791684821432971
0.5931360791997149
0.2950043572683724
0.8431014330823484
-0.4558159961549228
0.1019291877652863
0.5814444697622716
-0.1753400385313928
0.1377423891111192
0.3941885856965816
0.4604709896206744
0.388249910844953
0.7984694150631414
0.6403771136717485
0.5287445159030207
0.3616416591867701
0.5072997552607713
-0.1611698223017903
0.0021853047925105
0.344214161925982
0.6119991274612301
0.1851155513333737
0.0052631468621823
0.4083399217354322
0.5898998951274504
0.281048275935311
-2.5191774860993
1.1096756072947371
0.1352733368761519
0.3515304479167411
0.3294277396626097
-0.4236353619553104
0.708315210447381
-1.015564094777303
-0.0534421337256584
-0.0209277622968528
0.0744886087523579
-0.0227508421898982
0.380147187284704
0.4331590684283057
0.0368163336521719
0.4189648040926297
-0.058654620381297
0.5358303558412341
0.3430734638670948
0.2987213211104238
0.338954715947581
0.6598779451544725
0.5422273393866982
-0.0136439986736178
-0.1483245433724551
0.464463408496638
-0.3181340101646799
0.0450509760729687
0.4783580583961884
0.4084528070712718
-0.7109498389806123
0.0803243157961046
0.5944614980841241
0.5617291312135548
0.2285515644954286
0.591149334785865
0.5021773160702288
-0.1221725879420297
0.2171569264368762
0.3971143488527371
0.52128788755625
0.5200196626426082
0.5468615407500641
0.0106080879105709
-0.4810738654309269
0.4491707905705525
-0.6806963643018352
0.0198304131732521
0.5663571404142133
0.4972971062410452
0.4609874698583933
0.566033598265301
-1.1843650168611657
0.7553046463555769
0.6401118168042511
0.3653886513901443
0.2745171604882235
0.2415489951032773
0.3967514480981058
0.3780549239502629
0.248968405196692
0.2072549393156403
-0.4688787174941722
0.5166063504503569
0.6736399492047687
0.3981435099298512
0.3981715595731818
-0.0621641079807202
-0.1812730725336213
0.2206785401437425
-0.6068909904063887
0.4499069053841855
0.0494276411358608
0.3537270506146577
0.7225334045592479
0.6652726821410369
0.3789723380337506
-1.6705245106470663
0.4740303180285439
0.5686383851425721
-0.066817171443367
0.4848833213304063
0.6841920758943778
0.1415131961294988
0.6591091935361278
0.7430307558808398
0.4538903639904048
0.5072997552607713
0.4585256555174439
0.4101690017139823
-0.7345217996994552
-1.4022633328212777
-0.9498203126782262
0.6175997593839438
0.4831484461881796
0.8248177648644734
0.8177902564530787
0.8032890918379371
0.4279319732094146
0.1834654555719312
1.0016394908990685
-0.2834755955320023
0.6106769212618826
0.516072722460516
-0.1031315439074335
0.4908648133475712
-0.1400376852210886
-0.2202635457455496
0.784397727975059
0.2337631390003926
0.5774161619617872
-0.0699394588989147
0.7999928224993392
-0.4204262655582154
0.3853045507480006
0.3687446309811926
0.783437166027937
0.6262267829130401
-0.0928787212990708
0.3934333006144296
-0.6053458308831516
0.3164488954688454
0.5435003073002386
0.0388129681571144
0.3140949879600688
0.4145172620279725
0.3167945313282101
0.5366540184468014
-2.208562275512399
0.558219092568509
0.3389207800268763
0.1850735406330329
0.7172473465753731
0.7280705585893409
0.3314614402647609
0.3432665152216225
-0.1795367080813503
0.3885042601151493
0.5011972963591258
0.7204332116583921
0.4584098432297948
0.1983695408202271
-0.601409597558352
0.5539672835377806
0.114348836285226
0.1574208475428801
0.3331639806892131
0.8515134366590403
0.0828570551129873
