0.036917020026992
0.0884147493988755
0.1351120297715277
-2.322202771727002
-1.3404350105011715
-0.5670678554410925
-1.4021645014967523
-0.9966567912829576
0.3304993637652044
-1.7121554729305424
0.6720213617760423
0.1188045862337149
-0.4302968422369927
-1.6811033781433995
-0.0526587914564429
0.8321910968443963
-0.3671715924641165
0.1115405610785223
-0.2420431007066524
0.7167220414239831
-0.4683751166486421
-0.0392758747546649
0.2327527031594897
0.3859734634799086
0.5247701690978207
-0.4451084231013219
0.500286233035963
0.6283959877969195
-0.4586841329713009
-1.5057165204455931
0.2345396989305779
-0.8102486294467539
-0.6249024230748857
-0.1943826254601253
-0.7634019313783261
0.0907905421913079
-2.043183533690845
-1.1886938572504926
-1.496304472595119
-0.7172766412244355
-1.9818320168291503
0.5677760047269192
-1.7359885027963162
-0.2581523021311405
0.5956054645753391
-0.850532718141429
0.6101408780595371
-1.4800451330038011
0.4062778917560308
0.2152136054253154
0.6751623841826652
0.5976907936053577
-1.0652066813591057
-1.0123772612639483
-1.494332225974847
-2.1180811258777497
-1.1362656591694833
-0.5866318461695467
-2.936666738439057
0.3882489631459128
-0.4082388229848062
-0.2430069187087118
-0.300448912825362
-1.1693617895448338
-1.6618636013297117
-0.4306019626448725
-1.7976451308683865
0.5715374415508201
0.1409947820702985
0.4163626499250448
-0.1203482874582599
-1.247182027141604
0.0263392928612101
-0.1618886415480196
-0.9616736591139932
-0.8388825448255123
-1.2686213451809267
0.4472055691039969
-0.3295433885923804
-0.4095213795849348
0.1289825720168266
0.0577063956243861
-0.0737149141230291
-0.3351858938300147
-0.8024224713266025
0.4443974525655428
0.4004832715158686
0.7776528294091442
-4.09359944926249
0.746920385606229
-0.9064544392023012
0.3778245229255277
-1.2686794975652465
0.0700108667817897
-0.7007621938244007
-0.1913383530793713
0.0383247919067661
-0.9316993033757552
-0.2227375476816534
0.4647148321504165
-1.0915072260237109
-0.6917862359875316
-0.1380589178195753
0.3786759312906938
-2.8157738842322257
0.7958599086342287
-1.463809767790203
-0.0731739406109977
-1.8900999634951847
0.6090099782900066
0.3271717384431251
0.7609419043535132
0.0790062881307515
-2.2183603190333008
0.0838663341570882
0.3166126468564219
0.3172652635511975
0.2674708277873417
-1.6679702337210625
0.0425122286747411
0.3142111866612679
-0.1270927033558161
0.6267952792142196
0.234100372448837
0.7105626330629965
-0.1500182179322211
-1.3506054138235006
0.7724610973959574
0.1863450880107032
-0.1221575355205919
-0.249786518058574
0.7841116821483408
0.4862689052106847
0.0454256313603839
0.5988791627714453
0.1346200202543031
-1.452507151216367
0.463024188211394
-1.2652649486769445
-0.4010733950127056
0.2524802749999061
0.3129988810556041
-0.550675936529035
0.284030756903264
0.4968456837764026
0.6789756851489049
0.1698065958241967
-0.3586032111042663
0.0829982464729818
0.7253935034469361
-1.8292763783524824
-0.0039432360455181
0.5153762747018497
0.4028355479341574
-0.4728758960996685
-0.2651177827369764
-1.2534670906579417
0.4872976478520993
0.4196958705489402
-0.441820173442553
-0.4487886279105416
0.1898891662901532
-1.6201120169354857
0.4359545675044025
-0.5338205750833452
0.3267111549592688
0.566567285486903
0.2449809029855914
0.6286445702760692
-0.4238430927902558
-2.0214710645126925
-1.0013969344892597
-0.9413339301854
-0.2345108375275935
0.1214417699132068
-0.4254407993312914
-0.7017757340142673
-0.5119327154991326
