0.5057291839493997
0.3746007297752355
0.7317985443799587
-0.4237154962829784
0.5815131439692153
0.7034804949357681
0.4659696566557596
0.0059305215282093
0.5872914068290528
0.3425223805700514
0.4161715903046435
0.0932278312668381
0.9066886688621366
0.1451356102845032
0.8055175935091654
1.16330200151573
0.4646311439651427
0.6398902246171437
-0.3331718415484531
0.5909142679449465
-0.0723053884004138
-0.2078859710981127
0.3382051027048416
0.2065079422577658
0.4422050912285409
0.4366576121995506
0.6790015382487544
1.2198176958450706
-1.7352162282606651
0.7541962284509528
0.0804233351466407
-0.3744649829292854
0.7223847340680188
0.7871101496008066
0.5321974451169977
0.5240681488637682
0.6583363423231896
0.6812814776546587
-0.312272714966825
0.4379147296942428
0.3846413407685604
-0.689278112690722
0.7283981345198329
0.5376034910290418
0.1615723956181132
0.7285582887166875
0.6592246598947379
0.1413678767953584
0.4542747319080061
0.5490387387990178
0.6527078157969458
-0.0557977010894743
-0.856141466510595
0.1655599167463436
0.9343530927805682
-0.2856970429134569
0.532802840169425
0.5541704343814817
-0.2203879543772267
0.1402201043678861
0.7652184697135097
0.709149523083342
-0.1037211790990626
-0.3650284692917545
0.2014462215318043
0.7197913807202928
0.8178883112514642
0.317568305156486
0.2149584841164656
-0.3971137501949353
0.6229951544238334
0.1935323944160771
0.5584963021872246
0.4579343647384479
0.0701793495332497
-0.2041082427985261
0.3331708437950832
0.894934734402187
0.5832712389280008
0.1356063875086608
0.3493253774921503
0.1431864340217099
0.620156907229044
1.0800639899630098
0.0259632429823594
0.137376052582636
1.2380459232897263
0.5625672795264077
0.0955366539754019
0.6700761721552947
0.4228489652779317
-0.00166278441334
0.6946656506965505
-0.2500733552598508
1.1325666496522735
0.3834909776510942
0.2581960103921488
-0.163353009257685
0.4659582073728512
-0.7966262389833888
0.6432910850731638
0.2811596837544284
0.2583827826042428
0.6789071976912481
0.7304930917797149
0.4733440381130015
-1.4346790715867803
-0.4617842637387584
0.1482223048090973
0.1611077155344124
0.2102661712427272
0.847302717449431
0.3385828574774299
0.5852289032305628
0.8703482762869378
-0.9618660212151464
0.7017867639884922
0.0536781237906172
0.6059217430244876
0.4588510359844287
-0.7316908049975589
0.5863006836009803
0.6007371622811157
0.2653106991978469
0.5939125040043876
0.6487606246848775
0.8062577820028956
0.7467234678256833
0.2275858040357903
0.493696918212096
0.1741878220037905
0.8819116203229204
0.7923668846724256
0.8299945483004466
0.6247589664367224
0.3251600371676003
0.8571581607933356
0.9920002166028986
0.4207385282270857
0.3477125195424946
-0.2513616008682818
0.5495946818184189
0.5052498698710562
0.5492447871508024
0.634279243620736
0.2372813682495717
0.7433921011536682
-0.9755098161793226
0.5777158682668739
0.5157939291421655
0.4923791368218363
-0.2026461318870003
0.5688256487853115
-0.6260797102882211
0.6357335288319902
0.5772410682752712
0.406700549316746
-0.2075901966799735
-0.7323868539638778
0.5229684678618908
0.0937878796242805
-1.3443917294600092
0.359386743794107
0.6514476107173144
-0.6113789082960592
0.4253405000040435
0.815891873022629
0.5321974451169977
0.3079875249738202
0.3928187026497032
0.1841759289836676
0.0231288737881138
0.5037887616413316
0.6654109213576279
0.1479539879118735
0.4828771862929132
-0.0069200099841512
0.269869836379548
