-0.4512006786004413
-0.3036795809724868
0.2857361063943187
-0.5635588626899365
0.3890355801441087
-0.2271188350605748
0.8594292972436447
-0.1242753539385535
-0.7214115936068168
-0.2186653812146953
-0.8179499305263959
-0.9510991363038492
0.0382079343377105
-0.1509318956025293
-0.6702202489597084
0.6484693726729321
-0.8345150552630117
-0.4834482359103102
-2.3116639169721767
-0.016625204687219
0.1701654510324156
-0.0453444128175645
-0.6387107617042233
-0.7211774403067535
-0.2244796174195285
-0.4137298509178657
0.5642213620558905
0.4562334436301946
-0.3592729107707611
-1.8356502539538613
0.4996415812274593
0.3962564058442702
0.6924271792427182
0.4676378610956958
0.0521451393760209
-0.2239226649045741
0.3215395370815375
-0.062554090392049
0.4652725120021783
0.0205743161805255
-0.4948222816056891
0.326601006575387
-0.4625482107600762
0.4755527303239229
0.5575460728744991
-0.2524826230296995
-0.5315713735761035
-1.5020206327345995
0.2352588011722569
0.504484770168579
0.8485347620364608
-0.036025175095822
-1.4240602392239905
0.6535066898159553
-0.258135098940659
-0.8399093541464945
-0.935767616190128
-1.2605860648313207
0.6499937876921457
-0.4302787179658942
-1.2893042863084676
0.0919966862238988
-0.2641155224121942
-0.4160177461873905
-0.3759568536618454
-0.3095035648218779
-1.0708733726546018
-0.8921117803864637
-0.0292363464660805
0.7805146544176768
-1.6881014978989823
-0.3241349898987696
-0.3324743741066938
-0.2991460652693361
0.2204954415288336
0.1440374118288748
0.2223661773599785
-0.8117173653283096
0.2683538276921338
-0.0436128173378917
0.110771999409137
-0.0154832907462394
-0.91793865607789
0.6403276788623677
0.480800399132087
-1.3169987008143462
0.7708971884840023
0.7203139876596066
-0.502916895021949
0.1818796829921735
0.4577379783195332
0.0535637294025851
0.7101271846789645
-1.2006315663408873
0.4481102737122142
-0.5792828939835294
0.2087187880170092
0.2347378659120742
0.6434779211335694
0.1835473502576724
0.1927475780133821
-1.0195687289923736
-0.333381081741027
0.7452291684597379
0.5862937890968121
0.958989462437239
-1.7778823661081695
-0.47124733960295
-0.0471235480586831
0.5602257478870029
0.1057275560649603
0.8962170176204068
0.3210398893380508
0.3384764459290294
0.4069967954444484
-1.3106235463281903
0.7951285096399517
-0.2809889962019183
-1.3755998046962234
-1.6596914392929003
-1.849822682688257
-0.168170379399258
0.0657352262223656
-0.4745828465179862
-0.1479435259804238
0.0562832547001433
-0.1589079749608414
-1.02731809625847
-0.051893564908283
-1.240101731129729
-0.4189776908710778
-1.629345392871722
-1.6223143824383746
-0.1565630331972002
0.1659872063906269
-0.5184483813593239
-2.173158343765298
0.1337382729434321
0.0541480330645839
0.2822180569305397
0.3563100646338189
-0.0865375648198277
-0.774790506813404
-1.0064604052418622
-0.6817205301115706
0.6383556205846146
0.4353258036948447
-0.9803436642323872
-0.2058567619547985
-0.4646068979381166
-0.2342837683228595
-2.190133754571093
0.4496330919374287
-0.6669135292926448
-1.792566356262857
0.0826378069307701
-0.5496007190086958
-0.4024454436850807
0.5449055961452891
0.4534580006124334
0.6298198103804291
0.3936721007214375
-0.0892893626854208
0.1365748554497735
-0.0346454994986646
-3.519772579182911
1.1547681467838322
-0.4829611207504427
-1.025954764747819
-0.1250600527742947
-0.3825735554440036
-1.4875807463185406
0.3108261741618454
-0.5786884636744315
0.2636431645768885
0.4775470180016195
-0.0782124263979817
-1.764810425320681
