0.6224284357057319
0.1684499284965124
0.015973495951833
0.203402401232374
0.1799807979837349
-0.2160401514146959
0.9332626752056548
-0.4639616129529575
-0.2474769936000234
-0.0518593770656609
0.8489265357415458
0.7675599594598225
0.6865037817497335
-0.0693805572695026
0.362772924865109
0.5647482721983971
0.7854115053850972
-0.2234631221198456
0.3943436374620693
0.6406873962238565
-0.6405485141004662
0.4148816285483525
-0.4831362151920552
0.2976769670062152
0.3924692903947468
0.3187896595092753
0.4115336081083628
1.0963538023646893
-1.6848871956919569
0.4578203155861522
0.1250585108968832
-0.7759180368912214
0.2248649497891804
0.7004008501360062
0.482010329662857
-0.6720534870567462
0.5190240579414384
0.1306057310421855
-0.3936398564060273
-0.9394876023204168
0.1311861154498092
-0.0538429036254779
0.4811774328418702
0.6108484221583886
0.568679186936356
0.0525570011208983
0.6396788608437377
0.0985964724527729
0.8273978940056844
0.5558737082944827
0.9332626752056548
0.689535826008949
-0.2109171574468553
-0.2674099615106307
0.4808972718245289
0.6093839258887276
0.224066293087278
0.7724897244923863
0.6765435260357467
0.5131372343167439
-1.46344777330174
0.0380863771051745
-0.5479611981407836
-0.0945962388084021
-0.3352314843264644
-0.2858668735141449
-0.7464366922318271
-0.8596684745431586
-0.1555834440382959
0.7914810206354764
-1.0222893398991546
-0.0692436016637019
0.2679771122407015
0.5270546529057853
-0.3786572931823123
0.0499910257405383
0.4810042203354382
0.8802968312651801
0.8003775046513094
0.8923044700576771
0.3346550037050719
-0.3661745133341933
0.1748809358316984
0.9589196964496112
0.5353919646140302
0.8011794971463156
0.6612008198480663
0.9314741229391118
0.3112059014389064
0.4096634078493417
0.880340874639669
-0.027569886996083
0.765924633608969
0.2958186603088411
0.5298102114888251
0.165872151285512
0.6767503054791986
0.0737825592275427
0.5538286558865331
-1.9368961452039664
0.0921038709575676
0.2130421291217839
0.286205589474332
0.6541150136739935
0.853569434128003
0.5205798097508162
-1.043229995204731
0.59140803889568
-0.0469055025140432
0.5171461844089972
0.9022142149813682
1.0371435467363803
0.1967033026649946
0.6926122984228388
-0.2349227208943733
-0.1869925741427852
0.6975821777399283
0.6598573879096001
0.551269608390555
0.6922351610650163
0.2930765627844167
-0.3653211302446029
-0.1659863906268658
-0.0831864822006026
0.4476199961373154
0.8640322141841826
0.7758240675935072
0.4537694184716931
-0.7974490245330547
0.7503825847114083
-1.5747992918771898
0.5722858055873118
0.4460145640361501
-0.4898946323762179
0.6853217794969216
-0.6318600848140031
0.4189305183725815
0.3563857596694277
0.7182036774465991
-0.5644228397416398
-0.5027769054431628
0.7051023483205044
0.2463020997646034
-0.4131967310011437
0.6813967065837764
0.6093973405859429
0.2131056111622448
-0.4587008933967036
0.3957274465394402
-0.1657175703830662
0.250809718297784
0.7001939226933391
-0.6916557728366622
0.3410894449167177
0.6943143916305928
0.8787719147210558
-0.7235671814396261
-1.6757658060202354
0.2327028056544035
0.5504856468162093
0.4725248408441074
-0.4096241360650841
0.6572573934805278
0.2516355825044868
-0.0592681183766427
0.7674701335303942
0.8581009920672082
0.2824084433084376
-0.1052834865550365
-0.5327961993641601
-0.0838922118146065
-1.0568140360703338
-1.5876543445655793
0.3275194264603955
0.4850364143133139
0.5832712389280008
0.5872500700289306
-0.4622998817297712
