0.1636866495443972
0.495457128324531
0.276550302115183
-0.7264512547819914
0.6181953407546127
-2.5227442372600306
-1.8332358185772344
0.0390954440560304
-0.074948950609125
-1.0395906799011765
0.7748391310410501
0.5200304735112375
-1.8422555694948692
-1.2497725831696715
0.3884123230844801
0.7877396726650631
0.2639335114208935
-0.4130669597404983
-0.5483035581698132
0.5841612944896885
0.2099085062894951
-0.6270116755569773
-0.9234302381557228
-0.8181635221193465
0.2633072164556008
-3.5250491277436717
-0.4782953459594343
1.064948372679991
-0.6007851963558036
-1.2565083604941627
0.8478125965715181
-0.3382168047872206
-1.5379323823566289
0.5510537987759455
0.2286021048620401
-0.0227454627393364
-1.854548180111059
-0.6293064906853219
-2.362542104966057
-1.3055256720003146
-2.97770063194638
-0.4607439612138829
-1.8774207599027064
-0.7227526548590698
-0.6649066579845014
-0.1693323575179226
-0.7208384402086002
0.0723222123561591
0.3397658724065773
-0.7362774906480348
0.4843425250079422
0.0558266127330867
-2.164748457619316
0.040269647761407
-1.9078408372797235
-1.8960017590577805
-2.050332102116483
0.3515755167351624
0.3056370915910701
-0.3398594265171251
-2.119830158862693
0.0963023728885914
-0.4033394060859166
-1.4542895466600705
-0.094561186727369
-0.0501123762239388
-1.0304978647733052
-0.7404459035198756
-0.0702539678501841
-1.708456132168893
-1.0803147732522602
0.1087932616461331
-0.7110136735163746
-1.072000035817657
-0.5647678378081755
-0.4967325407227697
0.3366055795665204
-1.1751093805021446
0.1285009969236043
-3.311271041638383
-0.0460400626727277
0.0529918730536784
-3.9761278259548023
0.5308971512134513
-1.6623468246126771
-1.812910369058504
0.1596009245135126
0.22782806689307
0.3790090036372873
-1.388997648513121
0.877260074142511
0.4220785908760323
-1.232094889107768
0.0787051457284582
0.4701899136673986
0.2957387541865503
-0.5483710085031138
-0.8353969665213204
-0.9787234234666776
-1.6592146948429851
0.4047882100378397
-2.537334274710122
-0.4277557580577975
0.7646190692244629
0.2926369770796468
0.2471674914725509
0.4953829779057425
0.4978591265854374
-1.637114827881574
0.0586777878481128
-0.6288133762017994
0.3468672807918043
-0.4517794879312693
-1.0566818639956346
0.6606507304454522
0.0541934406334679
-1.2651740325400294
0.3200121617932485
-1.923902579270891
-2.351917393517215
0.4767701203826065
-1.5962151989526006
0.5822476633361513
-1.306599513243483
-2.4134105446064456
0.365391899273193
0.6059334683015521
0.6606311942255697
-0.0023610641820533
-1.1421443112998606
0.4861197581776416
0.7379298161717612
0.248047539810254
-0.9741295623251106
0.5308999955366972
-0.458791984071682
-1.4360119136047589
-0.9929608240656104
-1.2505259323251716
-0.0855975648116118
-1.3461044099335906
0.411225570567267
0.3269715656801126
0.3427563796746818
-0.2262636356983994
0.294002915526137
0.5962144811625836
-1.1142129460384065
0.1268353587020446
-1.8966817071412407
-1.7758525019094822
-0.6712770390473706
0.1024067030793134
-0.5825183981343213
-1.3134996139548225
-1.0626708251262762
-1.3073833840293343
-0.4499619518688685
0.3666695861982446
-1.993014598116187
0.2566812395146085
0.3367962688262069
-0.8712197442459004
-0.1504640350279406
-0.5873058741354916
0.1146276067486355
0.5680804425067901
0.5622091817327709
-0.2349797909228959
-1.2192633836048612
-1.3514609540351676
-1.2572106944533386
-0.2566272158393289
0.4506093467302208
-0.5311662130407481
0.7091036192364283
-1.2482097334848408
0.1435942125139925
