0.9279109835624695
0.6743058562278748
0.33106034994125366
0.7039469480514526
0.827364981174469
0.9111793041229248
0.8983851075172424
0.31750810146331787
0.7675158381462097
0.9217263460159302
0.5042999982833862
0.8067898750305176
0.8310077786445618
0.32033807039260864
0.8208153247833252
0.7963458895683289
0.47549235820770264
0.901738703250885
0.9190511703491211
0.4033268094062805
0.8444740772247314
0.9339023232460022
0.9259763956069946
0.5277527570724487
0.8063722848892212
0.7798829674720764
0.7187683582305908
0.9231254458427429
0.8284041285514832
0.8155755400657654
0.8186267018318176
0.6268243193626404
0.820899486541748
0.528645396232605
0.5349481105804443
0.4389433264732361
0.7406792044639587
0.6710770726203918
0.36412709951400757
0.8313608765602112
0.7730987668037415
0.8893522620201111
0.6708643436431885
0.7953068614006042
0.7637609243392944
0.8794586658477783
0.8441946506500244
0.8099520802497864
0.35097736120224
0.7349663376808167
0.6314569711685181
0.6361737251281738
0.5452511310577393
0.7062289118766785
0.8048455119132996
0.7916238307952881
0.23985624313354492
0.8309196829795837
0.7643588185310364
0.7874557375907898
0.8023229837417603
0.3294633626937866
0.5981096029281616
0.739112138748169
0.7822836637496948
0.5886301398277283
0.6795626282691956
0.5828953981399536
0.6274901032447815
0.5996686220169067
0.56159907579422
0.5549343824386597
0.4537642002105713
0.5848165154457092
0.5411675572395325
0.6751265525817871
0.5034849047660828
0.7098341584205627
0.5547559857368469
0.43005895614624023
0.49392515420913696
0.7159788012504578
0.6263073682785034
0.7198280692100525
0.564206063747406
0.7608613967895508
0.8071807026863098
0.6112082004547119
0.434209406375885
0.5387793779373169
0.5730376839637756
0.7313883304595947
0.6314238905906677
0.6652315258979797
0.6850961446762085
0.6774225234985352
0.35885876417160034
0.4022531509399414
0.4256777763366699
0.5010741353034973
0.7996047139167786
0.5163698196411133
0.7687885761260986
0.7235982418060303
0.7572409510612488
0.6857614517211914
0.7268571853637695
0.48366546630859375
0.649178147315979
0.7710479497909546
0.774867832660675
0.7566365599632263
0.46632659435272217
0.6497066617012024
0.7574802041053772
0.6158267259597778
0.612389862537384
0.8195757865905762
0.6947638988494873
0.5025039911270142
0.7703366875648499
0.6621337532997131
0.598224937915802
0.45901262760162354
0.3622881770133972
0.547874927520752
0.7009434700012207
0.5657221674919128
0.578374445438385
0.7055688500404358
0.6975074410438538
0.45617759227752686
0.7291125655174255
0.2819860875606537
0.32078349590301514
0.7428300380706787
0.7727349996566772
0.5733647346496582
0.6147176027297974
0.5362637042999268
0.769859790802002
0.7892006039619446
0.4954308271408081
0.7419614791870117
0.7749981880187988
0.7796988487243652
0.5988837480545044
0.6610614657402039
0.49806708097457886
0.28738462924957275
0.1992819458246231
0.23659461736679077
0.19717435538768768
0.7302393913269043
0.22831247746944427
0.24206794798374176
0.17713820934295654
0.25380808115005493
0.21770422160625458
0.5730089545249939
0.18794001638889313
0.14817070960998535
0.1691986620426178
0.13331082463264465
0.3447810709476471
0.16992004215717316
0.2866426408290863
0.23471972346305847
0.37108153104782104
0.18216991424560547
0.14958979189395905
0.2804265022277832
0.06197028607130051
0.15101635456085205
0.17207051813602448
0.46390020847320557
0.3681260943412781
0.13116995990276337
0.25306975841522217
0.259871244430542
0.23631063103675842
0.23132428526878357
0.19212549924850464
0.20738932490348816
0.2756357789039612
0.3590408265590668
0.17522239685058594
0.21460001170635223
0.24382656812667847
0.3684753179550171
0.23951345682144165
0.18420514464378357
0.1666141003370285
0.3910429775714874
0.31270551681518555
0.19406677782535553
0.18951427936553955
0.22983232140541077
0.1976984143257141
0.1773681938648224
0.19679692387580872
0.38932013511657715
0.22941169142723083
0.20713888108730316
0.38095512986183167
0.25698143243789673
0.25007712841033936
0.22946712374687195
0.19391684234142303
0.34736746549606323
0.28356027603149414
0.19240909814834595
0.2921023368835449
0.28650951385498047
0.1913755089044571
0.16780458390712738
0.20956480503082275
0.24840888381004333
0.30234646797180176
0.2610293924808502
0.2750883102416992
0.2842492461204529
0.28188425302505493
