0.8525736927986145
0.6258412003517151
0.6609651446342468
0.7298456430435181
0.9145076870918274
0.7843502759933472
0.8983851075172424
0.8825877904891968
0.8541509509086609
0.7752445340156555
0.7896589636802673
0.8423855900764465
0.7950471639633179
0.7963458895683289
0.901738703250885
0.8428767323493958
0.7670778036117554
0.8444740772247314
0.7256411910057068
0.749829888343811
0.8063722848892212
0.7748849987983704
0.8048055171966553
0.9231254458427429
0.8284041285514832
0.7824936509132385
0.8348744511604309
0.7824660539627075
0.7560228705406189
0.82188481092453
0.7005696296691895
0.7696103453636169
0.83004230260849
0.8313608765602112
0.8387289643287659
0.8893522620201111
0.7593091726303101
0.7742001414299011
0.8139634728431702
0.8441946506500244
0.8099520802497864
0.858971893787384
0.8702667951583862
0.7751398682594299
0.8352622389793396
0.7533604502677917
0.7744360566139221
0.7953510284423828
0.8532167673110962
0.8161904811859131
0.7743687033653259
0.6371528506278992
0.6563727259635925
0.6626781225204468
0.7746844291687012
0.7246255278587341
0.8362732529640198
0.7284145355224609
0.6843534708023071
0.7126230597496033
0.7543466687202454
0.8030003905296326
0.5993886590003967
0.677945077419281
0.6763015985488892
0.7171866297721863
0.7904679179191589
0.6432253122329712
0.808691680431366
0.7945945858955383
0.687323808670044
0.7198280692100525
0.7777940630912781
0.7903692722320557
0.8463306427001953
0.8330997824668884
0.7375624775886536
0.6349998116493225
0.6750499606132507
0.6482128500938416
0.5849719047546387
0.5811038613319397
0.7056558728218079
0.6738718748092651
0.6636953949928284
0.664710283279419
0.7197898030281067
0.628713846206665
0.7297298908233643
0.7652595043182373
0.6463177800178528
0.720054566860199
0.7040467858314514
0.7314122319221497
0.785780131816864
0.7822933197021484
0.7090498805046082
0.5491689443588257
0.7851495742797852
0.6581354141235352
0.6905457377433777
0.7134237289428711
0.7415168285369873
0.5846250653266907
0.7065730094909668
0.7145626544952393
0.6602558493614197
0.5936662554740906
0.6085383892059326
0.5040074586868286
0.6862760186195374
0.679731011390686
0.6950849890708923
0.6731075048446655
0.606856644153595
0.7496283650398254
0.78570157289505
0.5926066637039185
0.7678811550140381
0.6792402863502502
0.6753470301628113
0.7507914304733276
0.7537380456924438
0.817825973033905
0.6324315071105957
0.8566591739654541
0.538801908493042
0.5814267992973328
0.7268832325935364
0.7544580698013306
0.8614615201950073
0.7698418498039246
0.7090573906898499
0.836595356464386
0.5934206247329712
0.7472463250160217
0.6996965408325195
0.5708081126213074
0.6802140474319458
0.8087229132652283
0.7397401928901672
0.8216034173965454
0.7417449355125427
0.6778625845909119
0.5863208770751953
0.5934057235717773
0.5535857081413269
0.4169057607650757
0.6019927263259888
0.7426369786262512
0.711524486541748
0.5054816007614136
0.5098015666007996
0.6698735356330872
0.7785422801971436
0.5940201282501221
0.4788120985031128
0.5470263957977295
0.5092653632164001
0.5744872093200684
0.6203644275665283
0.5708500146865845
0.6871104836463928
0.6760948300361633
0.6551843881607056
0.6500681638717651
0.6634681820869446
0.6132718920707703
0.6152607798576355
0.619636595249176
0.5509572625160217
0.4786248803138733
0.5185323357582092
0.44623661041259766
0.6400339007377625
0.6019139885902405
0.6056169867515564
0.5804972052574158
0.5898145437240601
0.5507294535636902
0.5955453515052795
0.3592129349708557
0.4174889326095581
0.6152704954147339
0.4156875014305115
0.3858736753463745
0.5432046055793762
0.45635855197906494
0.4949520230293274
0.418542742729187
0.5744404196739197
0.561127781867981
0.5142984986305237
0.5377662181854248
0.48156440258026123
0.4786502718925476
