0.8525736927986145
0.7005948424339294
0.6848405003547668
0.7179370522499084
0.827364981174469
0.629908561706543
0.6329315304756165
0.44089561700820923
0.9217263460159302
0.7809256911277771
0.8067898750305176
0.8059148788452148
0.8126741051673889
0.7438434362411499
0.9125352501869202
0.9190511703491211
0.6576454043388367
0.8444740772247314
0.9011543989181519
0.8042871356010437
0.8063722848892212
0.753882110118866
0.8460977673530579
0.3668437600135803
0.8155755400657654
0.8297296762466431
0.820899486541748
0.8103001713752747
0.5404369831085205
0.7513492703437805
0.9103882312774658
0.7797512412071228
0.8312445282936096
0.778285801410675
0.8387289643287659
0.8893522620201111
0.7634556293487549
0.7716786861419678
0.8352526426315308
0.8277294039726257
0.7950080037117004
0.8358070254325867
0.8453115820884705
0.4579770565032959
0.37424975633621216
0.7760573625564575
0.7789993286132812
0.8161398768424988
0.9075154066085815
0.7904977798461914
0.7874557375907898
0.770745575428009
0.7231218218803406
0.5987938642501831
0.8544196486473083
0.8425804376602173
0.659370481967926
0.6860062479972839
0.6865121722221375
0.7314617037773132
0.71209317445755
0.7194802761077881
0.502810001373291
0.5516232848167419
0.5159929394721985
0.6422243714332581
0.6206812858581543
0.4895608425140381
0.5545064210891724
0.5459633469581604
0.6974765062332153
0.6665316224098206
0.8418136239051819
0.7797811031341553
0.8112078905105591
0.8153628706932068
0.5650884509086609
0.6076611280441284
0.7111956477165222
0.44405442476272583
0.6830471158027649
0.6352878212928772
0.5562422275543213
0.5859048366546631
0.6225428581237793
0.5945720672607422
0.46136486530303955
0.5585711002349854
0.7477453947067261
0.7406620383262634
0.6482118964195251
0.5883684754371643
0.7145833969116211
0.7534106373786926
0.7584153413772583
0.8011592030525208
0.7732375264167786
0.6273779273033142
0.8316816687583923
0.7981465458869934
0.553566575050354
0.6662335395812988
0.6404630541801453
0.5268248915672302
0.48980391025543213
0.38932716846466064
0.3964170813560486
0.6640625
0.7468047738075256
0.6544542908668518
0.7055688500404358
0.7352991104125977
0.7291600108146667
0.6700534224510193
0.5775667428970337
0.7058365941047668
0.7221103310585022
0.5923036336898804
0.7697708606719971
0.7484624981880188
0.746303915977478
0.8005170226097107
0.7638232111930847
0.7735211849212646
0.6417132616043091
0.5450776815414429
0.799673318862915
0.7254437804222107
0.7248719334602356
0.7302393913269043
0.5119931697845459
0.4818490147590637
0.7491757869720459
0.7096031904220581
0.7059385180473328
0.8460144996643066
0.7906203866004944
0.8554568886756897
0.41484761238098145
0.42511481046676636
0.46439027786254883
0.45914018154144287
0.4141470789909363
0.6726730465888977
0.6611560583114624
0.7238745093345642
0.7547569274902344
0.7689539194107056
0.6803494095802307
0.42820465564727783
0.446091890335083
0.7074632048606873
0.5039200186729431
0.318381130695343
0.3104541301727295
0.29208290576934814
0.6996915936470032
0.7229459881782532
0.67454594373703
0.6977418661117554
0.7363000512123108
0.3090754747390747
0.39239799976348877
0.413859486579895
0.6428416967391968
0.5994824171066284
0.44513994455337524
0.381405234336853
0.25775885581970215
0.3087939918041229
0.6897690892219543
0.7252461910247803
0.5934230089187622
0.5536711812019348
0.4408075213432312
0.45213067531585693
0.5733177661895752
0.5164090394973755
0.36322999000549316
0.2888990044593811
0.6233434677124023
0.4988832473754883
0.3235761523246765
0.43616151809692383
0.32908791303634644
0.28109899163246155
0.3326300382614136
0.1889309287071228
0.35662126541137695
0.6200994849205017
0.26758918166160583
0.32835090160369873
0.5487908720970154
0.6133471727371216
0.6837053894996643
0.6061081290245056
