0.8525736927986145
0.8066472411155701
0.4385905861854553
0.7338375449180603
0.827364981174469
0.7579274773597717
0.8316272497177124
0.8825877904891968
0.8104149699211121
0.7752445340156555
0.7896589636802673
0.7547328472137451
0.8243377804756165
0.8429650664329529
0.9125352501869202
0.9190511703491211
0.44352829456329346
0.8776675462722778
0.8512877821922302
0.9259763956069946
0.8360006213188171
0.7787531018257141
0.8048055171966553
0.9231254458427429
0.7351619005203247
0.6116752624511719
0.6893097162246704
0.4960111379623413
0.725202202796936
0.6985443830490112
0.7191172242164612
0.8286495208740234
0.8116811513900757
0.7307513356208801
0.7883355021476746
0.785176694393158
0.6292473673820496
0.6565847396850586
0.8518374562263489
0.8157463073730469
0.802723228931427
0.7090808153152466
0.8293482661247253
0.761103093624115
0.7516941428184509
0.6046372056007385
0.7789993286132812
0.8161398768424988
0.7322080731391907
0.7378146648406982
0.7933347821235657
0.7318738698959351
0.6015493869781494
0.6818177700042725
0.7522678971290588
0.7291767001152039
0.7032394409179688
0.6704550385475159
0.613438606262207
0.7126545310020447
0.7143465280532837
0.7202507853507996
0.6515801548957825
0.6701694130897522
0.5771171450614929
0.6167380809783936
0.6825635433197021
0.6127966046333313
0.6906813383102417
0.6811827421188354
0.657505214214325
0.6642992496490479
0.6735666394233704
0.797238290309906
0.7338151335716248
0.7565841674804688
0.7222294211387634
0.6554273366928101
0.49965065717697144
0.5192506909370422
0.5934784412384033
0.5209442377090454
0.5997381210327148
0.5781348943710327
0.6722410321235657
0.6499736905097961
0.44588661193847656
0.49167054891586304
0.5533162951469421
0.7141682505607605
0.6815192103385925
0.7177137732505798
0.7020002007484436
0.6814384460449219
0.6839920282363892
0.60890793800354
0.5976814031600952
0.6244820952415466
0.7144379615783691
0.45800185203552246
0.619174599647522
0.6572727560997009
0.706184446811676
0.5219321250915527
0.5442321300506592
0.5738500952720642
0.5701962113380432
0.478738009929657
0.5351301431655884
0.4563083052635193
0.6527288556098938
0.6290537714958191
0.5937975645065308
0.5924212336540222
0.5562619566917419
0.6026368737220764
0.6337977051734924
0.5967362523078918
0.5058769583702087
0.526157796382904
0.7103040218353271
0.7559060454368591
0.6590188145637512
0.6142606735229492
0.5200859308242798
0.8566591739654541
0.6751284003257751
0.5599087476730347
0.7869946956634521
0.8129256367683411
0.8161206841468811
0.8695641160011292
0.6832974553108215
0.7812292575836182
0.7663024663925171
0.7981330752372742
0.8166132569313049
0.5403477549552917
0.6893882751464844
0.82359379529953
0.692482590675354
0.7003354430198669
0.6920769810676575
0.6925799250602722
0.6096978783607483
0.5599351525306702
0.5215431451797485
0.45661652088165283
0.4581587314605713
0.6227836012840271
0.5843023061752319
0.45893698930740356
0.5037428736686707
0.4190184473991394
0.5218682289123535
0.5247644782066345
0.4300639033317566
0.5089703798294067
0.47441941499710083
0.5758876204490662
0.6224828362464905
0.4867517352104187
0.674487292766571
0.6658847332000732
0.48345088958740234
0.5659346580505371
0.5666652917861938
0.5718503594398499
0.47876137495040894
0.5213389992713928
0.520373523235321
0.43942660093307495
0.4884635806083679
0.3724772036075592
0.5438565015792847
0.4049729108810425
0.5028433799743652
0.40710508823394775
0.4386293888092041
0.4208366870880127
0.48449307680130005
0.38816970586776733
0.4993284344673157
0.48718082904815674
0.46265846490859985
0.3485691547393799
0.5157110691070557
0.3885499835014343
0.4064635634422302
0.4048534035682678
0.5345437526702881
0.4645582437515259
0.45046526193618774
0.4734974503517151
0.49176329374313354
0.46826398372650146
