0.8794602751731873
0.7230332493782043
0.6376142501831055
0.5840203166007996
0.5986831784248352
0.7042831778526306
0.8983851075172424
0.35528266429901123
0.8796815276145935
0.7057886719703674
0.682175874710083
0.6819261908531189
0.41066300868988037
0.7266303896903992
0.759329617023468
0.6967713236808777
0.788042426109314
0.7654332518577576
0.7158260941505432
0.6784802079200745
0.38293737173080444
0.5732257962226868
0.591478705406189
0.7054981589317322
0.8278679847717285
0.7417846322059631
0.7330309152603149
0.9231254458427429
0.8665657639503479
0.6545078754425049
0.6539981961250305
0.434414803981781
0.7892894148826599
0.5284386873245239
0.7203549146652222
0.5031928420066833
0.5822632312774658
0.6316442489624023
0.7050515413284302
0.8059259057044983
0.7680370211601257
0.8893522620201111
0.6827973127365112
0.7527212500572205
0.7098599076271057
0.691563069820404
0.8116961717605591
0.8381806015968323
0.6878201365470886
0.8319646716117859
0.7207021713256836
0.7399245500564575
0.7477421164512634
0.730650007724762
0.7498509287834167
0.7857282757759094
0.6478410959243774
0.718681812286377
0.8044573068618774
0.7130165100097656
0.7246198654174805
0.6754146218299866
0.7528694272041321
0.6420024633407593
0.8058127760887146
0.6813119053840637
0.7636881470680237
0.6154136061668396
0.653087317943573
0.6568633317947388
0.7600948810577393
0.7442287802696228
0.692825973033905
0.5139368772506714
0.6374028921127319
0.6252663731575012
0.5976709127426147
0.6357450485229492
0.566533625125885
0.6761849522590637
0.43599170446395874
0.5324452519416809
0.6640496253967285
0.7351247668266296
0.5906965136528015
0.6918812394142151
0.7035690546035767
0.7862788438796997
0.5422777533531189
0.6906734108924866
0.742377519607544
0.6949239373207092
0.5435818433761597
0.6382064819335938
0.4491994380950928
0.5556799173355103
0.583938717842102
0.7003816366195679
0.6479079127311707
0.7149983048439026
0.7764397859573364
0.598486065864563
0.7677513957023621
0.6444323062896729
0.6358132362365723
0.7788057327270508
0.4621915817260742
0.6152979731559753
0.7749297618865967
0.7353523969650269
0.8210132718086243
0.7263062596321106
0.6706530451774597
0.570331335067749
0.7431380152702332
0.7037226557731628
0.7831164598464966
0.6260946393013
0.6709566116333008
0.4811873435974121
0.6346925497055054
0.6609781384468079
0.5327618718147278
0.508018434047699
0.6617799401283264
0.5856170058250427
0.5858392715454102
0.6196971535682678
0.5720071792602539
0.690136730670929
0.6545202136039734
0.5256850123405457
0.5700392723083496
0.6958649754524231
0.6600803732872009
0.5811310410499573
0.7565222382545471
0.5802313089370728
0.5089808106422424
0.6405674815177917
0.5921784043312073
0.5222628712654114
0.46157151460647583
0.6771377325057983
0.7029840350151062
0.7771344184875488
0.5762134790420532
0.7127049565315247
0.8436517119407654
0.6594700217247009
0.6046907901763916
0.6140701174736023
0.6275523900985718
0.6762853860855103
0.6780243515968323
0.8282957077026367
0.6658353805541992
0.6216588616371155
0.5895710587501526
0.6899818778038025
0.7182044386863708
0.6641600728034973
0.6492000222206116
0.5507013201713562
0.7429841756820679
0.534964919090271
0.6914052367210388
0.5807084441184998
0.6237786412239075
0.5707823634147644
0.5011105537414551
0.6322139501571655
0.5598000288009644
0.5714343190193176
0.6299155354499817
0.7107064127922058
0.6174817681312561
0.5911322832107544
0.49495524168014526
0.4757974147796631
0.615337073802948
0.5356674790382385
0.60100257396698
0.5902934670448303
0.5118133425712585
0.5007513761520386
0.49974745512008667
0.5308440327644348
0.46776652336120605
0.6149481534957886
0.5802179574966431
0.4353017807006836
0.5399414300918579
0.4512319564819336
0.5215071439743042
0.5559683442115784
0.5997196435928345
0.490919828414917
0.4808769226074219
0.5346683263778687
0.43096470832824707
0.5792070627212524
0.4201545715332031
0.4781554341316223
0.5781044363975525
0.5416055917739868
0.4772956967353821
0.46666401624679565
0.4200143814086914
0.4408743381500244
0.5593414902687073
0.4438934326171875
0.4574018716812134
0.4164242744445801
0.5776265859603882
0.44857269525527954
0.47266632318496704
0.5259878039360046
0.4433361291885376
0.5793347358703613
0.4708045721054077
0.4255613088607788
0.46716368198394775
