0.731864333152771
0.9494411945343018
0.40458738803863525
0.00655721127986908
0.752848207950592
0.6977919936180115
0.7821714282035828
0.7857422232627869
0.8263232707977295
0.7272529006004333
0.7232677340507507
0.7894417643547058
0.792312741279602
0.7963458895683289
0.6311329007148743
0.7672181129455566
0.004217788577079773
0.8776675462722778
0.9228100180625916
0.780969500541687
0.8360006213188171
0.7149155735969543
0.6113685369491577
0.655724823474884
0.8167112469673157
0.8359439373016357
0.7729905843734741
0.596639096736908
0.7240495085716248
0.7288914322853088
0.8208224773406982
0.7844077348709106
0.8312445282936096
0.778285801410675
0.8343461155891418
0.7680047154426575
0.7160301804542542
0.6944504380226135
0.7770801782608032
0.7473281621932983
0.6836621761322021
0.7747370600700378
0.7554951310157776
0.6906135678291321
0.4988938570022583
0.6984962224960327
0.7478517293930054
0.7484590411186218
0.8016076683998108
0.8182364106178284
0.7703449130058289
0.7361774444580078
0.6133137941360474
0.5052193403244019
0.8173903226852417
0.7930299043655396
0.7680137753486633
0.7296633720397949
0.5997101068496704
0.6632822155952454
0.7269758582115173
0.7516494393348694
0.5561203956604004
0.5869038701057434
0.7012410163879395
0.6525952816009521
0.661818265914917
0.710607647895813
0.7631632089614868
0.7279295921325684
0.6412494778633118
0.6351439356803894
0.7324260473251343
0.8252706527709961
0.7058297991752625
0.6713915467262268
0.7235540747642517
0.753751277923584
0.644798994064331
0.7114067673683167
0.6877748966217041
0.7102747559547424
0.7317007184028625
0.6796687245368958
0.7265765070915222
0.7209218144416809
0.680926501750946
0.7668167948722839
0.6606013774871826
0.6928179860115051
0.5870927572250366
0.7395215630531311
0.6949287056922913
0.7136393785476685
0.7803047895431519
0.6579156517982483
0.733278751373291
0.6957631707191467
0.7899144291877747
0.5278120636940002
0.6767320036888123
0.6179079413414001
0.646238386631012
0.5931521058082581
0.5992664694786072
0.6064989566802979
0.6222488284111023
0.5531697869300842
0.5076234340667725
0.5560486316680908
0.7129539251327515
0.7535291910171509
0.6635808348655701
0.6403447389602661
0.6207558512687683
0.6744670271873474
0.6945620179176331
0.6770375370979309
0.6785079836845398
0.6054011583328247
0.6798327565193176
0.738461971282959
0.6664875745773315
0.6989359259605408
0.6028133034706116
0.8566591739654541
0.015365108847618103
0.005916193127632141
0.6384255886077881
0.6924354434013367
0.8504840731620789
0.7088636755943298
0.5517705678939819
0.6758290529251099
0.6284696459770203
0.877755880355835
0.7897061705589294
0.6914266347885132
0.712497353553772
0.8141438961029053
0.6421292424201965
0.6695681214332581
0.6516127586364746
0.5951583981513977
0.44663816690444946
0.5221250653266907
0.48819130659103394
-0.005047336220741272
0.05062774568796158
0.7077522277832031
0.5135693550109863
0.012567177414894104
0.5998283624649048
0.6232002377510071
0.772616446018219
0.4006032347679138
0.07401280850172043
0.10016503185033798
0.376537024974823
0.43523913621902466
0.47744208574295044
0.3734956383705139
0.6398240327835083
0.6364770531654358
0.5992300510406494
0.6533177495002747
0.6193054914474487
0.598997950553894
0.6581205725669861
0.6649974584579468
0.45468395948410034
0.44876253604888916
0.0444817990064621
0.05349373817443848
0.5815778970718384
0.3842126429080963
0.4302825927734375
0.6737263798713684
0.552812397480011
0.5708107948303223
0.39065468311309814
0.020715057849884033
0.5559777021408081
0.6785296201705933
0.5071465969085693
0.4285213351249695
0.6175210475921631
0.40188294649124146
0.4215471148490906
0.17010082304477692
0.5749348402023315
0.4981909394264221
0.4380054473876953
0.36636579036712646
0.4208475351333618
0.29206278920173645
