0.731864333152771
0.5396744012832642
0.7108581066131592
0.7716494202613831
0.9145076870918274
0.8120650053024292
0.8563598990440369
0.8825877904891968
0.8104149699211121
0.7854139804840088
0.7399771809577942
0.7889634966850281
0.8383208513259888
0.6945359706878662
0.9125352501869202
0.9475322365760803
0.7349621057510376
0.8840240240097046
0.7550972104072571
0.8232631087303162
0.8208869695663452
0.7946688532829285
0.7389597296714783
0.7933215498924255
0.8012979626655579
0.7980490326881409
0.8044914603233337
0.7588202953338623
0.8227935433387756
0.7216935753822327
0.7181879281997681
0.8309354186058044
0.778797447681427
0.79234379529953
0.7642911672592163
0.7638092637062073
0.7593091726303101
0.7742001414299011
0.7827014923095703
0.8321973085403442
0.8153338432312012
0.7389273643493652
0.8080137968063354
0.7998083233833313
0.6931947469711304
0.778401255607605
0.6915328502655029
0.7547546029090881
0.85899817943573
0.7992591261863708
0.7230960726737976
0.7145564556121826
0.7118774056434631
0.735639750957489
0.8146769404411316
0.7875994443893433
0.6586748957633972
0.6758124232292175
0.710293173789978
0.7204843759536743
0.7431753277778625
0.6761595010757446
0.6785411238670349
0.6657033562660217
0.7570211291313171
0.7032541632652283
0.7269542813301086
0.6934557557106018
0.6724568605422974
0.6270000338554382
0.5985584259033203
0.7353671193122864
0.6829789280891418
0.7241426706314087
0.6650876402854919
0.6559520363807678
0.7245968580245972
0.7005072236061096
0.7143468856811523
0.6561071872711182
0.7234227061271667
0.6859316229820251
0.5749797821044922
0.5494579076766968
0.7240257859230042
0.7165672779083252
0.6558346152305603
0.6804540157318115
0.6925889849662781
0.6966916918754578
0.6727136373519897
0.5689374208450317
0.7350461483001709
0.7665351033210754
0.7240369319915771
0.7116816639900208
0.708405613899231
0.7291246056556702
0.7624945640563965
0.6966041922569275
0.6778156757354736
0.6098045110702515
0.6583070158958435
0.5623847246170044
0.6173380017280579
0.6517899036407471
0.6781057715415955
0.652392566204071
0.6835236549377441
0.671645998954773
0.6896315813064575
0.6891603469848633
0.6240963935852051
0.6509812474250793
0.6072521805763245
0.7236924171447754
0.7549968361854553
0.6348970532417297
0.724183976650238
0.6854590773582458
0.695816695690155
0.7239007949829102
0.6374785900115967
0.6521152853965759
0.6924270391464233
0.8348211646080017
0.887015700340271
0.8082965016365051
0.681519627571106
0.7544580698013306
0.8614615201950073
0.7772088646888733
0.7487196922302246
0.8034608960151672
0.7059385180473328
0.9091219305992126
0.8005514740943909
0.680806040763855
0.6565532088279724
0.7547928094863892
0.7441281080245972
0.798612117767334
0.7916951775550842
0.7954828143119812
0.7052205204963684
0.7106886506080627
0.7547569274902344
0.7689539194107056
0.5539150238037109
0.7494774460792542
0.8121785521507263
0.7453534603118896
0.6980133056640625
0.7313276529312134
0.7643547654151917
0.6603471636772156
0.5526620745658875
0.6092252731323242
0.5632486343383789
0.5694619417190552
0.6359024047851562
0.6727589964866638
0.7057153582572937
0.7120371460914612
0.6734552383422852
0.6420837044715881
0.6805248856544495
0.72113037109375
0.7782514691352844
0.7814158797264099
0.6259098649024963
0.5566052794456482
0.6975609064102173
0.6141065359115601
0.600068211555481
0.5753284096717834
0.6297599077224731
0.6673343181610107
0.6065508127212524
0.6390988230705261
0.6135643720626831
0.6522844433784485
0.5479457974433899
0.6913732290267944
0.5799691677093506
0.6277919411659241
0.6620858311653137
0.6851263642311096
0.6167300939559937
0.5319165587425232
0.6611118912696838
0.5556294918060303
0.6512585282325745
0.5603493452072144
0.593088686466217
0.5803119540214539
