0.7384245991706848
0.7211193442344666
0.7021798491477966
0.03601081669330597
0.7764949798583984
0.0977325290441513
0.7695610523223877
0.7383144497871399
0.7194892764091492
0.7287517189979553
0.7925639152526855
0.7246090769767761
0.7620165348052979
0.800603449344635
0.8085476756095886
0.68519526720047
0.049885958433151245
0.839070737361908
0.7048027515411377
0.7205559611320496
0.6753054261207581
0.7751228213310242
0.7480050325393677
0.6766856908798218
0.8021161556243896
0.09992382675409317
0.023877784609794617
0.036826521158218384
0.5987390279769897
0.746427059173584
0.709507942199707
0.6742223501205444
0.6910133957862854
0.7168140411376953
0.8132455945014954
0.7740760445594788
0.6213607788085938
0.040185295045375824
0.7788870334625244
0.8263147473335266
0.7885511517524719
0.08476398885250092
0.10682374238967896
0.7940089106559753
0.07374255359172821
0.753115713596344
0.06233272701501846
0.05300598591566086
0.7322080731391907
0.7378146648406982
0.7725401520729065
0.7903417348861694
0.044929295778274536
0.032702356576919556
0.8052557706832886
0.8037316203117371
0.06850635260343552
0.7121217846870422
0.6881923675537109
0.7852239012718201
0.746574342250824
0.7709611058235168
0.08634737133979797
0.6649393439292908
0.08537406474351883
0.7228626608848572
0.010813817381858826
0.050258129835128784
0.7791224122047424
0.7899417281150818
0.0972268134355545
0.12345799803733826
0.22314304113388062
0.03157958388328552
0.04394906759262085
0.05892041325569153
0.056949831545352936
0.06977269053459167
0.11443565785884857
0.07826608419418335
0.08770797401666641
0.12599121034145355
0.0572708398103714
0.07094324380159378
0.6722410321235657
0.6499736905097961
0.6151251196861267
0.4527982473373413
0.07415959239006042
0.1849677711725235
0.07739215344190598
0.02698700875043869
0.10392874479293823
0.15308859944343567
0.1235903948545456
0.1106254905462265
0.09357282519340515
0.07065357267856598
0.16706690192222595
0.11830125749111176
0.1912691593170166
0.11314701288938522
0.13117361068725586
0.11417291313409805
0.09720219671726227
0.06844164431095123
0.12690535187721252
0.09847460687160492
0.11620248854160309
0.0922594666481018
0.07094608247280121
0.14146427810192108
0.1948288083076477
0.1809314340353012
0.07065904885530472
0.08119693398475647
0.6066243648529053
0.6315457224845886
0.05812864005565643
0.05190686881542206
0.12182624638080597
0.10082915425300598
0.06270027905702591
0.1501346081495285
0.10340054333209991
0.7818654179573059
0.08924484252929688
0.07928618788719177
0.07170180231332779
0.6839377880096436
0.8254203200340271
0.7654687762260437
0.6178785562515259
0.712882936000824
0.7477216720581055
0.7431036233901978
0.7854000329971313
0.07556713372468948
0.06300331652164459
0.06964367628097534
0.05456516891717911
0.08605414628982544
0.10625819116830826
0.06012921780347824
0.060907550156116486
0.06705228239297867
0.0414082407951355
0.04490058124065399
0.0783710926771164
0.07979302853345871
0.072249636054039
0.07138107717037201
0.18257415294647217
0.021054178476333618
0.06288477033376694
0.04551035165786743
0.09879098832607269
0.1840963214635849
0.09795522689819336
0.10685408115386963
0.09466984122991562
0.06662694364786148
0.10373760014772415
0.19089126586914062
0.06546223163604736
0.026064768433570862
0.16324779391288757
0.24149399995803833
0.11683955043554306
0.09541686624288559
0.24844235181808472
0.1347522884607315
0.11532741039991379
0.042281508445739746
0.1605767458677292
0.09757602214813232
0.03350342810153961
0.08965130895376205
0.09316748380661011
0.059576667845249176
0.10030192136764526
0.04609183222055435
0.23952388763427734
0.1178579181432724
0.12174338102340698
0.07307247072458267
0.09777504205703735
0.04194774478673935
0.07960262894630432
0.19141927361488342
0.04230499267578125
0.1163313239812851
0.13529692590236664
0.13551968336105347
0.17390799522399902
0.08684445917606354
