0.8324520819866551
-0.3150888542075314
0.7012115870591543
-0.022945738196753
0.6209630009875874
0.2957320325100979
0.4709495693221091
-0.0809986372812472
0.7796400443869675
0.3833255094633014
0.1133650914974676
0.5449734751454111
0.3131274333753379
0.8197267818586066
0.5459287185488145
0.5863991381314398
0.4479692173432041
0.19267115767248
-0.568941732322695
0.4437568692335989
-0.1674973186643812
-0.0732642070316806
0.4333386999064832
-0.2690867180243426
0.1651402295724612
-0.4481411981793369
0.482647240497766
0.5214133804691948
0.5532752096132867
0.6769829604450855
0.4398280972933623
0.072780322018891
-0.1864927839571023
0.6172740761187471
0.66035369804701
-0.9168733473376512
-0.0471599650245574
0.0966747304709793
-0.044142367672129
0.1477309417496301
0.3575916271797751
0.2631785252296578
0.4693528098406038
0.3879885952846107
-0.154645939656902
0.7244261689761942
0.6030263756610177
-1.0696469822217725
0.6099160829459859
0.4227232436101045
0.6404059524376067
0.5445857688568173
0.6813267074773172
0.5059681046131044
-0.0940217483943348
0.501928492791269
-0.4616179092616688
0.3835751825016571
0.6761348767631271
0.4022475223282702
0.1237579701779646
0.5165784108003971
-0.3199951051203327
0.3448234546215389
-0.076483329742768
0.1296525149439584
0.450289464015876
-0.2401262303080606
0.2023359796746366
0.1551818255599887
0.3745636477370169
0.7762140018004418
-0.5773132086741032
0.5567291267097871
-0.282369951495909
0.6367898817674523
0.1477959534997822
0.4890194044421307
0.6074662885180657
0.3949209614458348
-0.1701245502609417
0.6113892744488645
0.6550746971884408
-0.5897961292954098
0.4596030598965248
0.45393852140974
0.6682355400157707
0.5264346437997237
-0.2182610589435416
0.4039404324648066
0.5670259524079985
0.6653829881733283
0.5485849690750331
0.3726867777648776
0.3470438625760764
0.4596146481428845
0.818617943986425
0.0219178723728649
0.6763470885587616
-0.2384943759276728
0.6252932624132207
0.4445209766053604
-0.0885640202335628
0.6890295827890864
0.5664470187231673
0.1559768476216476
-0.6237349176899386
0.0969191844787955
0.4418512123264089
0.0183149418072417
0.72906037514693
0.7216873594903795
0.429007606709901
0.9556150168332752
0.4922374054570402
0.4106745762325959
0.5183557897811931
0.5695061683092068
-0.0870893818226502
0.1976785414310496
0.2346520692269371
0.6264339973949739
0.2905800299536203
0.4534864750924952
0.444327945453557
0.8247167597407465
0.6549407125406642
0.4119519854227906
0.3055908836628717
0.4986263258870204
-0.2722912893833013
0.6598374198297442
0.349536523526539
0.6241327996368305
0.2376480921648152
-0.329543356061752
0.3724616118803642
0.6581508887342187
0.1396611829198561
0.7405252930041221
0.5686347222602118
0.1669692456878156
0.7207091437109051
0.1373351157600222
0.4265653445643533
0.9073854404936044
0.3963571148856662
0.2728126996650868
-0.0361107815981395
0.4377871279128873
0.1704627984102438
-0.1459818145956114
0.3275517377302408
0.1008298726002482
0.6327125192461593
0.4225266749284833
0.4269182404418469
0.0912601410596779
0.6761451193906279
0.245972588108686
-0.2004928136115683
0.2696982418482661
0.6901790203571934
0.600498451146629
0.1278066850594874
0.2442678748519537
1.384145989819352
-0.2145186653237828
0.061476751502561
0.2418952094654761
-0.2664781163651797
0.4819789674588958
0.2739616701452002
0.4480309979582461
-0.0266678343715763
0.5346145125462144
0.2272808359942198
-0.3329185201750134
