-0.0373193489948075
0.1959958454890665
-0.0415337775927148
0.5214819254929258
0.4736970339548668
-0.0120266965647056
-0.0297239474466738
-0.0938429684113567
0.6296631069529223
-0.7397146299746694
0.3939372537988324
-0.0948804265780415
0.5229849792395642
0.2504045111795773
0.1195809779838604
0.5691445871603565
0.1000666408474039
-0.1236365158712335
-0.8862628422705615
0.95280894804622
0.4636387617641465
-0.1182156670510741
-0.1666657267313796
0.3129251332512618
0.2814209399372826
-1.5484824610401953
-0.2827793741922302
0.5155963355574219
0.0373755427430693
-0.0150385699291708
-0.8265304858552874
0.2660184201877836
-2.0071422582292957
0.6520021919702409
0.5170939187061973
0.5473405369937249
-0.6060859731834781
-0.4722591562663759
-0.7738740324430682
0.3976605579640945
-2.4638198242636733
0.4814395898812519
-0.1533083897496279
0.6252932624132207
0.5091737080662372
0.7335807700634929
0.5784773845155446
-0.2964293641150176
0.2513254177662478
0.5901001533453823
0.2896992017949504
-1.1366021819705467
-0.6618549824435935
-1.0600609782834702
-0.021325348693242
0.4180046383490582
0.6308654744708316
-0.1663986986004532
0.416410288299295
0.5879414371490054
-0.6955280047513188
-0.7115774234152564
-0.0265043401258391
-0.3439062750356135
0.5609592226647254
-0.6384018578708988
0.468265702850181
0.1063015409464874
0.5755111914304697
0.4793496244519832
-0.2837246654627546
-0.2460093666396246
-0.1806988456791384
-0.040940496415872
0.2075470082580742
-0.0947270238289604
0.6760580498114895
1.1787335670962384
0.2928877562730945
0.7666004325724494
0.0929543209985647
0.1823261242769412
0.3102369073409203
0.4091057103184487
0.1970235567627976
0.1130147324742177
0.6357318620612322
0.6295294072066095
0.7465221727376082
0.7623634185701673
0.0866368945365873
0.3554291723514797
0.3541176806065801
0.612178107823512
0.4694333641627599
-0.5735832898578085
0.0806593878435062
-0.1094296959697334
0.4086698429861812
0.5501074059588301
-1.5818062142773923
0.2932042704361574
-0.1593297758744202
1.2230122467081972
0.4789408250815395
0.445875590050133
-1.3793141510698674
-0.0188720931595027
0.3528914785341073
0.4235673399762094
0.3406957759148217
-0.4689931299979089
0.4021972371594968
0.3456772533730404
-0.577289482838721
0.5766753010987979
0.0708358860811277
-0.3601797203605874
-1.291838070784754
-0.9182565555019094
-1.1088080191425498
0.0388129165790535
0.2845079094740973
0.7610525076060373
0.3871171860563888
0.3951000830597079
0.7709534988845372
-0.1976181676832205
0.0714226121585806
0.082337955196613
-0.3919087728172337
0.3565697980386895
-0.4380585388900788
0.4851737395640009
0.7255340353969494
-0.6612208007999437
0.4879589066782843
-1.0840579528763996
0.3791965334563896
-0.1160570389309702
0.3030977157670119
0.65738219109789
0.0348093062702525
0.4786782012644782
0.40510301580109
0.075416341756473
-3.0117178616827034
-1.9292059623362623
0.3411754919908516
0.3974914161129821
-0.6069019264011684
0.1087735829864143
-0.5525530632808652
0.5229769337035964
-2.042454231980038
0.0211224236251182
1.135469851978261
0.4158603935020957
0.4177082184844118
0.4140412988978295
0.1767186673232075
0.3316266250947483
0.7920894065611213
0.5132196580962836
0.2430666691089393
0.5702805815800203
-1.417296151161232
-0.0628463684812911
-0.1882794487203156
-0.5467328086688159
0.2938028199312927
0.3055586466258602
0.3952478934894484
0.3861651825611799
-0.4323222980545969
0.1740869440211976
0.055844959944527
0