0.5175525881280882
0.1157026304426124
0.2101860116466924
-0.4712113035746034
0.1708124494469087
0.2900998323660648
-0.3068535528133075
0.0024781743056122
0.42077289225141
-0.179384491073553
-0.1585300486981737
0.2425414150972879
-0.9615244072399994
-0.437591126987197
0.0367999532663609
0.042753275941285
0.7170479160184768
-1.1862020534120303
-0.3605591581890329
0.2948753030724341
0.0477443242547455
0.360347693232354
-0.8032334814184962
0.5561342165248242
0.3616336554238823
0.2139681714308197
-0.4541153245662702
0.4131770847001241
-0.1341654251522296
-1.6484263405411823
-0.0661878483202953
0.1314675145468393
0.5126440417664625
0.2365829074997883
-0.2675867209763332
0.5637117874199362
0.3959933842551957
0.1143672196363499
-1.3159366274790465
0.2653363574377514
-0.9595623286320196
0.224399044433264
0.6283532916820376
0.3494293453809434
0.2882358021160691
0.1664545408556874
0.2474516162241283
-0.4176770063645744
0.2780055719379146
-8.526170525809322
0.4639239122332949
-0.4931296895775214
0.6245279558605451
0.3310213652282953
-0.0039385468830127
0.6349814239323001
0.1434465604519786
0.5761380293939854
0.4319344606913082
-0.1008854455478635
-0.7023301753558912
-0.0038482361285009
-0.647779213254342
0.0443029697217055
0.556123279569858
0.2054594830347827
0.5458638992887997
-0.6147011879123436
0.3065204644868322
0.1945421135745708
0.0745117484766958
-0.1983442991334201
0.1629570996611112
-0.9438035178053522
-0.8312892083467137
0.1449162022013672
0.6277937370047869
0.6772536218309582
-0.3765998231208303
0.6809682775539091
0.7839161766418297
0.8417700880774234
0.4767712925940663
1.0290154663390971
-1.4541239719632748
-0.3295095786539349
0.6389893652132229
-0.2632284158940775
-0.306469601219615
0.1171610739632532
0.1752376267294358
0.8518299859451224
0.447344193238513
0.184308798283027
-1.2164701618002065
0.6465036398503485
-0.4337858459543041
-0.8443403309687402
-0.5895342109816353
-2.196121302321396
0.4946898902419255
0.3262159192408254
-0.0910574831048675
0.3438015569247836
0.6158535663647723
0.3510278181200239
-0.2756602585350056
-0.8106964727482797
-0.9465254621150836
-0.5224449338077192
0.1852581041458379
-0.8964637128583455
-0.0864624070758128
-1.576331081620318
-0.5395080843881259
0.2595149288169875
0.4954472184105299
-0.7166493074113565
-0.4350434765263993
0.6414731844567371
-0.1747613830317877
-0.6638565134086415
-0.7256061328365775
0.4697949044645049
0.5557647935533906
0.3368623603097112
0.5649357905530011
-0.1337186394870615
0.8558597467426315
-0.2632284158940775
0.1389887868066304
-0.3220453632122467
-0.1702548952909685
0.0766984166313344
0.3871002758748647
0.0596373142661168
-1.7918995497654613
-0.4720666871045352
0.4333319660434113
0.5366099284153969
-0.4023487689628474
0.1314244150756942
-0.7198911716307513
0.2568434250018571
0.0342613212714254
0.5917937445051437
0.0067850038014681
-1.051675589227707
0.4227451882655342
0.2521111126132303
-0.7773048991009417
0.3391752488772718
0.6159712783255905
0.4619367021785265
0.4518111034182387
0.1508926676717698
-0.8450626267788053
0.5094900418057566
-0.824511590466977
0.7506741174973809
-0.664009417372138
0.2193743066978996
-0.49347817405281
0.2900998323660648
0.5387609627064618
-0.2001472398249238
-2.413663487294801
0.3179276429345184
0.7147918687140231
0.2365829074997883
-1.3109836176223897
0.3502161580759058
0.363418509780457
0.4135018279288714
-0.0433693047257235
1.247534625746123
0.2165711151150241
0.1891375899498869
