0.6806945424356917
-0.2929448878007072
0.25614942468261
-0.3509930389745195
0.0882560451519282
-0.2779411609721727
0.7244261689761942
-0.2835086855131968
0.2163710105571505
-0.0024770719191411
0.412602466813765
-0.3839451881119758
0.1975508223278964
0.6169355410393073
0.7802857104777258
0.3765155373600732
0.6803834150540308
0.7092367797070517
-0.5168570193257576
0.8465047124882686
0.2115800752639996
-0.3425314189740087
-0.3462481035477132
0.5904558124626039
-0.0851878703130154
0.2034943345395038
0.1507236035996343
0.452158076948163
0.1837874568891518
0.4284569142671641
0.3241162506628728
-0.8109610134863315
0.5486954893542887
0.6766571837342154
-0.077118143360903
0.2791119177492727
0.2365220228102783
0.6197541230541622
-0.3369724539300433
0.1238880306206348
0.4854238342954799
0.375732969771823
0.6315497156670145
0.2009428971753929
0.4527536632483386
-0.2441235110983389
0.7531408908389888
0.3563664336652444
-0.4825190157350563
-0.1488589255155851
0.6165530978475898
0.1699796788426077
0.5805693577337188
-0.5462714943982335
-0.0601725073587146
0.5273155944146112
0.3361692049047715
0.5408733479434042
0.687448770076297
0.6155784167061118
0.1763715389619616
0.0117860056710855
0.3556375792571936
-0.8917487261299807
-0.00769252934431
0.0898363614904621
-0.0140223946765502
0.756824053719069
0.2615405652990571
0.7221937873504519
-0.2593370510557753
0.3179924331459653
0.2545877154629326
0.6033657171851802
0.3439785358456587
-0.136177943009698
-0.2228028609110093
0.4953727043822121
0.3050174118933297
0.8547229169895235
0.2737548014929261
0.015917935389002
0.5282837978464066
0.3166058762309974
-0.1382605050024959
0.0621764395396405
0.6331713169625567
0.6516763665114969
0.5821933212458514
0.4538330603990841
0.4042583541849076
0.6452269046640607
0.5911841208431381
0.2439022031459936
0.4475424794951426
0.5040577160246885
0.1734426818466178
0.3488097948134922
0.0695500248783701
0.1816027654822486
0.1693440457126455
-0.5093581894801148
0.7224763225391506
0.4160152493537166
0.521912506418262
0.1207415180534838
0.3812697172221041
0.9408478960679044
0.4285367509538591
0.0704336984437157
0.5094278451048798
0.5204155966431837
0.5661764151077223
0.5625370160919284
-0.1741227426241903
-0.1911751414070279
0.696169785988022
0.2920797388023318
0.5427285714440563
-1.736616542016281
0.820981265799956
0.5189311482261124
0.2968989763744922
0.56799255710321
0.1549963687474294
-0.0998851399298403
0.6509456288588849
0.6346861649519876
-0.3217434787623327
0.5746808837854456
0.2139681714308197
0.4709550895401476
0.2904866531861999
0.143952267213315
0.0891505401235355
0.3513387328078214
0.5620109852988819
0.4798812384641257
0.1293855478957553
0.4592288916084052
0.2478060335675842
0.4439249142772172
0.2832868489730063
0.4554920577707136
0.5040221605759732
0.2593888260477278
-0.0267000041014899
0.1447292545640624
-0.3097894138191973
0.0005964839541465
0.0392333542010345
0.514329879554581
0.4553867352724396
-0.207933346100934
0.5561612605457088
-1.7424977226253104
0.3774818489211555
0.6225533703607184
0.0728638392079703
0.2652870238309086
0.4867414213347577
0.2777732326180108
0.7157897441423676
0.5281999954031025
0.4416852056950742
-1.3068621565330754
0.4888008323704776
0.0047296912305527
0.555312473994777
0.5851095970954715
-0.2455797407726667
-0.6709485049109731
0.3887849373547578
0.1420574851155488
0.4344735100153942
-0.2341368770105326
-0.1418885344810173
0.4351728648004689
