0.0274382070046241
0.0805074091574122
0.6414322530561128
-0.1581634430359418
0.6244316692805011
0.1845555227532588
0.8628669275802429
0.3048682543570718
0.0030244415456444
-0.0458539416098749
-0.1418246348069791
0.0881212895733701
-0.4908034605530404
-0.1892878491150098
0.3021462366073511
0.6060539349720793
0.5139006660700155
-0.0454451815678256
0.2098507778661935
0.5960924797010078
0.0177067516936342
-0.4144320863024531
-0.9722705702290564
0.7327038813852327
0.7059744050338903
-1.7414480647281745
0.6231080842698572
0.6608583702835015
0.2214217699299897
0.4344314641166611
0.2746089633396429
-0.6422788491960674
-0.5972235833375198
0.5925720688439337
0.3116566351083161
0.3434746635448671
0.2461561846459695
-0.0070882764075967
-2.1129994504018383
0.0219833227930636
-0.8708590480736076
-0.6363624089456286
0.0391687138357415
0.5434455467324696
0.1871928887260149
0.6339375481297036
0.6353182341161845
0.1621855806678533
0.6849633738801423
0.4103670252685097
0.5088651828375701
0.5656451779319052
-0.5428722406947611
0.0833366955231778
0.4849209111679258
0.2391404334993174
0.5651739453216327
0.0213723687879324
-0.063449693466862
0.0443918578606559
-0.2175306903917063
-0.209872497911686
-0.384571891387703
0.1839624992060605
0.0414854673931143
0.7040479127419896
-0.7301042012418254
0.3583714084155982
0.0313322015975937
1.352841513207649
-0.2022499119818119
0.5416316869581909
0.3659455521269
0.1260671269053981
0.175528752184161
-0.312574128301226
0.4700340830652108
0.6072960361297484
0.1000318896388008
0.2704132785263095
-0.7857000831293875
-0.0986514889240057
0.8596218635413599
0.0314716414445534
0.1476061279380718
-0.6481423766173626
0.3531747038613577
0.4251011446138467
0.3131581752431301
-0.0897648706019733
0.3952301864561271
-0.4853070189757782
0.623965950832711
0.5728057658670512
0.4664382543389622
-0.602188742983711
0.5552759541889547
-0.0756073233436302
0.1528164244894359
-0.5807431940465771
0.5479341226542351
-0.1363178336198219
-0.1013942982660847
0.5485115155775251
0.5363630715530716
0.702045227721761
0.3545662576917657
0.4291086973231183
0.6475618135064695
0.3765456696691425
0.62145437901247
0.8742907892861992
0.5688701816675699
0.6018697110732613
0.5266844688385536
0.1267573161481157
0.0078844028485591
0.2345286130304856
-0.080299209994142
0.3478709215004432
-0.1523294255887934
0.4320589915294392
0.2793129272917117
0.4307511968007516
0.4428795056188534
0.4755136321899598
0.7523853222467632
0.2652367691100382
0.238172468952823
0.813520991080241
0.4375142327281553
0.397672362477153
0.6870804217074867
0.4784117810005159
0.6746263432810741
0.2642037039595939
0.6228562043831933
0.4167800204526613
0.6970121986634882
0.2309663403061317
-0.3427220479631986
0.2377400083204808
0.0990267284562221
-0.7842674273830698
0.5044488547166824
0.5099424066560039
0.3649894760653033
-0.30845847600034
0.2119905608614149
0.467292022633103
0.0501002742293065
0.7796253035423076
0.0515246017912601
0.7850642033519692
0.6621921623685417
0.6112065811185777
-0.4479269793895753
-0.4086870791381918
0.1476859866935568
0.6239850157006988
0.3449027933676056
0.7659468137849638
0.6538732147808821
0.8375507620991287
0.0539220591652008
-1.045631549073927
0.8868022541328809
0.1542619668768608
0.619932532804972
0.0536917923411731
0.3602482712999145
-1.1262423134462036
0.5826871027917883
0.559578398929597
0.6342584302615256
0.7192351311809944
0.1735255973591137
0.1840670021081092
