-0.1631821915968644
0.2975151977731879
0.6006204071912403
-0.6830811124557089
0.2610697628159975
0.0553564820627985
-0.5439909157041776
0.2419288387123343
0.0924590508437893
-0.0719620274691141
-0.2828116266066952
-0.3689595473346553
0.4591858941962055
0.0962014290777392
0.0379418646361122
0.972577013546212
-0.4013347964881353
-0.3509334601697107
0.325502558607881
0.3813552032838914
0.4628339552551417
0.2064984433756897
0.1092350832231188
0.4066282217601834
0.4866163263209234
-0.3371871893503737
0.6087630728218751
0.6447440723963197
-0.3517651969316615
0.3816153674394229
-0.3585673974536398
-0.1670425249975741
0.3816937646935701
0.8407193883505176
0.8902996415453976
-0.0657623999049585
-0.6501937172026836
-0.430855574307798
-0.1574062934297533
-0.0611952197137158
-1.7820805269064002
-1.6381798939216832
0.7241883174597422
0.1861690151645802
0.3744872441248503
0.3736345059803663
-0.2986124050901678
-0.0769997261695822
0.4733994256886222
0.3959196377719365
0.6509745707514859
-0.0098009520432844
-1.2824121447659051
0.0071850254729922
0.0325804075327768
0.7592087790328848
-0.658065287805316
-1.438989824733259
0.7288447299286918
0.3719756920963659
0.0338757541648542
0.7381784247517419
-0.3815657540662776
-0.0728678059669842
0.3694055205143938
0.1391673608408863
-0.0025103574251101
-0.3047415696822195
0.5203238096196828
-0.8361997926121911
0.4074863669293634
-0.0764623263133432
0.2661588085577812
0.6592421423003728
-1.376379287060552
-0.4386384847560189
-0.6898326992419346
0.4204608481508893
0.5319126774753545
0.7234252271302654
0.0511282173825042
-0.2390718984799485
0.2772951778599173
0.5063385988234163
-0.7078309396320561
0.2780905065751636
0.7237483517741268
0.3887210838897137
-0.3282732482635914
0.4041766972899396
-0.3170947507718278
-0.128921147338317
-0.0307179412528563
0.6430521788707809
0.2862919672846006
0.0227288927190558
0.2120510307392226
-0.2510385033203795
0.3854099417396792
-0.1949567873950202
-0.136666766965385
0.5036460079214499
0.3634410014400039
0.5326882281300028
0.7200018589615241
0.2908831693547258
-1.6977046857613018
0.343640647151924
0.1827329714472875
0.4433205371169341
0.1187212089494088
0.5252673847819178
0.5226749266862036
0.7545130015025666
0.3167080259436263
-0.6781511257884278
0.6088988733778499
-0.2022594721496421
0.4920086661380484
-0.8306863894210728
-0.270498874983501
-1.0692587821310977
0.2638011536641685
-0.1457752049987468
0.4124623095686957
0.8377916453687869
0.3413268629445187
0.3992709356500225
-0.0182263409705586
0.5396132777592927
-0.0924083837751301
-0.618431913568996
0.611789727975593
0.3200453734102333
-1.2376330541027458
0.1588360086179627
-1.0914207265737466
0.6290685039235514
-0.5333780315298701
0.4745096523566123
0.450490774938465
-0.0757193147386153
-0.4237549348452725
0.4414619092947589
-0.2361211863576865
0.2414650022798047
-1.3570549738960551
0.4469982037882096
-0.0520973835338037
0.159148521078596
0.0137380587514908
-1.311769280452174
0.5400999467230515
0.014657553091453
0.4239526703700072
0.1305258880913498
-0.0327245132418674
-0.4527446307296119
-1.8264421889065896
0.1738216317529979
-0.0034832243240993
-0.3450087920714162
0.4136934253340887
0.529127295035375
-0.0538040921089667
-0.1468438486458479
0.5503221060466145
0.644611778022137
0.6979295305549551
0.524808061496164
0.5008249943786093
-0.6337663307415221
0.0855204911744689
-0.1754340807354001
0.2602593267005907
0.4670003320512733
-0.0193891192598854
0.1417114759760272
