1.0340262647325376
-0.1055309875129781
-2.5198725580330623
-0.8989681568795526
0.3708160902002543
-0.7709416537141514
0.1095937712257101
0.4226206918288788
-2.46888987054327
0.1189338132815909
0.6865922899453624
0.3884010592803824
0.5941324767646831
-0.44337965143509
0.827699773053332
-1.8803844387442687
-0.0998702280050844
-1.4221080134314377
-4.197340131933339
0.7667795492325458
0.0273787778372867
0.1353269525549012
-0.7712276449109884
0.4789992585042616
-2.108894563638031
0.2328270925585338
-0.3406338840716119
0.4654555270738172
0.2574941737438683
0.2085687276023828
-0.5872988479650704
-1.915949524912465
0.0419045614200733
1.0712337894567856
0.6104758219932019
-0.0379818372679983
0.5455594133169689
-0.9121316066961412
0.1149232756128223
0.0349805266776616
-0.3913543225032818
-1.2961982281281863
-1.2336295660749763
0.2207596030163098
-0.5307199103485244
0.3317835557339817
0.6163340864786063
0.0881442676473721
0.6183763461315805
0.4631647862804307
1.019476131259436
-0.0964064863206371
-1.6527928914374117
0.5482823583423281
-0.6815491383223838
0.1575732227275325
-1.3033973032722426
0.6020993068590744
-0.1248559175414537
0.0464535958053033
-0.0191252671542411
-0.0007728342875572
-0.3748952429651448
-0.0473756797420428
-0.2477115448615251
-0.2083118639975281
-0.4857468149122965
0.3520451029001743
-2.1851321588834547
0.3692476914230944
-1.597417474513795
-2.3067096174042576
-0.5026950732783076
0.4626481251539084
-0.4873419615813073
-0.6059013875964345
0.5864619173719936
0.556123279569858
0.0230074673687816
-0.6864315017863415
-0.1674778683429147
-0.0632749925752361
-0.537406312604832
0.2263746179258431
-0.5189276309323828
0.0125105846572589
0.5529323235273644
0.7103504196059313
-1.214513353939744
0.5210637846271463
0.3954989697164862
-2.4173254771772923
-0.7129017813838867
-0.0065393955617116
0.4618015193799127
0.199400119647753
-0.1042553401144698
0.2129217713857814
-0.7311941549299147
0.241199539957406
0.6301170029142735
-0.5858724491400261
0.1110827331767874
0.4299461762909481
0.8331347819046
0.6674653431845368
-0.3948929860864967
-0.6360030142302441
-0.1943437417963281
-0.8724614437984045
-0.290361261260853
0.4189405869465812
-0.820909196653837
0.7543091722294504
-0.2039649789056301
0.8899794202268294
0.4521925682424135
-0.9795161065592178
-1.0719760922350905
0.0491962365120799
0.0634615516869994
-0.4631274505035354
0.4070930569313062
0.1603212680318889
-1.7039861961295917
-0.4758260891595653
0.6802527516675526
0.1746249586172963
0.0888086942161077
-2.134355895310682
0.1821903540014566
-0.3755393587195031
-1.8051154485024947
0.2042202403052383
-1.4128480619714123
-1.8907717401965252
-1.0549606275402488
0.1729097165898129
0.4871692522314272
0.5041920471331933
-0.638346180861738
0.4847612412205704
-0.4003611888470344
-0.2269455911212539
0.2207094357364805
0.7206289321972252
-0.9845776793697018
0.5740088638225437
-0.5867129238281809
-0.5945408140772994
0.1066621324561505
-2.136020699692059
0.2381093898937015
-0.8145201621430839
0.7008601882567432
0.6001143205436509
0.5885967689018266
1.0555071562975298
0.3861275842618605
0.3620804805420893
-0.4892861907446232
0.560995308555976
0.1239574629158236
0.5595387996041626
0.1986309477222922
0.6053918571003312
0.5255111641808006
0.2549007835807059
-0.0933908860841041
0.5818191987720587
-0.7195545754376851
-1.3005796476534988
-0.104350766400765
-1.126464201216545
0.5325028825046799
-1.65479391496481
-0.8640868211030104
0.5353807643355145
