0.497526237080444
0.2191056726219496
0.6838764604571151
0.2612484096978523
0.4617540658235389
0.2361769214808012
0.4165236815833576
0.5462116945379181
0.5562895652163679
0.6486502041224312
0.2736225897852176
0.1340060433996104
0.5631514287564953
-0.0523106554629539
0.4066282217601834
0.6885354893585428
0.7241569039299621
0.4246282311990024
0.4420444689007825
0.4847908147999589
0.306252978396808
-0.0383259022579889
0.8338828184353928
0.613158342902313
0.3915056809601123
-0.0164837132394025
0.7291929959608057
0.6479451555559851
0.6421730476115614
0.337625885594449
0.0874021965585816
0.4515125714726267
0.3166058762309974
0.6429657158584842
0.0279839489099047
0.5758295018702576
-0.0350686622190008
0.6695785093611635
0.3644802187147183
0.2506934671039432
-0.176782475360744
0.2838323496408479
0.4878558004552997
0.2569854946504969
0.2652870238309086
0.478356149697926
0.8749963263120387
0.360484404004775
0.5851581113115242
0.1497732338809141
1.0465100279327135
0.6724518510798416
0.557308194907009
-0.4726568758949387
0.6061370305522008
-0.1347181069885197
0.0260590726215699
0.3518442258505301
-0.338865694216919
0.0791265201047118
0.3997794813142511
0.2529361147968877
-0.4959199531206276
-0.0953310120095765
0.3001182952139161
0.0347414359922336
-0.8903273092541872
0.380596168022381
0.5998178062066015
0.6561088675626966
0.4629498312722662
0.5724884706153704
0.5736569929013634
0.3037646211469064
-0.1034508681646049
0.4033161786496709
0.5202777266281838
-0.6661897446015076
0.3815031700698468
0.5460203514893153
0.7064714216728629
0.0292660809932914
0.6605033467347692
0.6001583149748089
0.5496920769835403
0.1706834754688926
0.6786821062054061
0.4363318374616106
-0.0637760370990051
-0.155427790512401
0.2119014450833906
0.8272981780403963
0.1990873035901192
0.3985338565375851
0.0168733260983148
0.5379599293720909
-0.0555039242850136
-0.2591439407323899
-0.3899108876347965
0.1920151197629668
0.5387883270174448
0.159183341363828
0.3441887072715235
0.6199559076653843
1.3607715280671344
0.1137631283180557
-0.3607143586775647
0.5020045536082338
0.118640490973755
0.2443754488417595
0.5897773103488625
0.3166058762309974
0.5916869647501785
0.4282433423569002
0.2917494956668193
0.5797006552409029
0.5652935666474255
0.4568904488858519
0.3166058762309974
-0.1663919218845278
-0.491818011220655
-0.2352404867984263
0.4440486436806302
0.4331870612117166
0.4767007923571287
0.4542232353071072
0.2531165893959271
0.1399202836630626
0.3738483301587091
0.8813052123480617
0.2503211646458246
0.6104260571334362
0.4935928536148438
0.8447816520114095
0.761000827981622
0.1071296301597855
0.2887219991440024
0.6659173580775758
-0.1127824102950944
-0.0633126781276353
0.0359788629769696
0.6047941203034388
0.5209436394686054
0.1096805274519804
0.37097145073595
0.4247492188228956
0.5508461429147259
0.3400105518698251
0.6113606981084582
-0.6028976978774738
0.6285113078192742
0.562593802726762
-0.3780584592349736
0.2345936140958473
0.692192740258177
0.5354512412049068
0.7735887246883327
0.3680037547041814
-0.2994130448772784
0.4816298184256186
-0.1423681432084424
0.5911841208431381
0.5811953519418633
0.1421860113760409
-0.7807876913946497
0.72388057823419
0.4730339196311499
0.4876243497059224
0.5638659451195447
-0.3642750315974793
0.0286956560616246
-0.3003427269320411
0.242346093037984
0.0817431604232084
0.5927082183583177
0.4030250488213757
0.5773500898721386
0.3069505345734888
