0.6846424429327227
0.4548910367932837
0.2309820279703567
-0.3603930429865533
-0.0454345300125685
-0.2598275703444392
0.8885960585890033
-0.0353961974978082
-0.2688850883790953
-1.0099270452346758
-0.5727683513607112
0.7351389586958222
-1.0049957098187472
0.075280578454138
0.437652627387731
0.4555495335635681
-0.3060655436405485
-0.392449277320247
-0.518020387988791
0.8086351360950502
-0.2595482658175946
0.0206481113041205
-1.8405853507715804
-0.0671495637580153
-0.8316353964575512
-1.1061607917687295
0.2686057601116947
-0.2365889471301657
0.2952784100313264
-1.6040229955752665
0.3514451668911753
-0.5796778763290534
0.7639296091475354
-1.0530021263529583
-0.1653388078541871
-0.6920951503515117
0.3787779604189845
-0.3523519765417068
0.1830413409498188
-2.798927644474684
-0.2116542102892717
-0.3628157992304339
-1.2105669815406177
0.1306819204413185
0.1181284848741281
0.2156040021688029
0.0090754152895432
-1.955127611975591
0.2805683557926581
0.2109992277719451
0.6665184504465762
0.3745641705217473
-2.056761492362021
0.6366232820203699
0.1848433279596837
-1.469355034658936
-2.517875727292884
-0.1477096344901989
0.0290744584966704
-2.772102302215921
-2.1686620069219003
-0.810042935316154
-0.2294384346955949
-0.0276865011782614
-2.030935173217992
-0.3199225515064568
-2.4483072303114697
0.4271024488003667
0.338287996570828
0.4778273002912886
-1.3204858948026474
-1.7826416563026848
0.2428065975341098
-0.666129792369765
0.7516472987504428
-0.72017187578231
-0.308371529111148
0.1621278838071782
0.2638090552716254
-1.2786090865541608
-1.060381758898443
-0.5717180004718461
-1.3774735198255632
0.1384857072995101
0.4911086393734108
0.2900998323660648
0.465753568312728
0.3766750250719026
-0.683008403000367
-1.0353584602993284
0.1415861646969226
0.2580721680536864
-1.2112284345135598
-1.4690837346405707
0.6157823643933453
0.6353606326114377
0.0436785326213501
0.6074899742813953
-0.8744705403631049
-0.7642066803802753
0.37286262722202
-2.2374651686607567
-0.1856910420858996
0.203654369613181
1.2742659155852971
0.2970803255444113
-1.332589076704649
0.3403201029980867
-0.8940495340136755
-1.496757139650837
-0.8047530159513615
0.9942304187196944
0.6069847501253836
0.8803815571957407
0.4784599437539845
-0.6256037369485767
-1.868657404402632
0.2628424289042006
-1.5677874386446655
0.4285080799227521
-0.3117120378412743
0.7945291943283469
0.5873846319007016
-0.6011300969594959
0.2292479166259306
0.5206776152003788
-3.072820142791993
0.4221052402998391
0.2187061579751437
-0.4432196363526375
0.1404823403995218
0.7685441185560283
-3.993302411923312
-1.2172571743743463
-0.3903482086045229
-0.5359880356715965
-0.9011266557932114
-2.244044320087997
-1.615368214160247
-1.412372043868795
0.0347535857267921
-0.0327459945512664
0.3815868235993729
-0.8913311202627908
0.4808631035515267
0.0168247578389234
0.0552669575743047
0.2430982169092766
-0.5284546499582329
-1.0505399457096087
-0.334263940860834
-1.0106208590266668
-0.3083455369607218
0.6131187142804377
-1.2019325470652678
-0.1135085468605717
-0.9451763145535826
0.722113832964241
-0.7227989880623689
0.1857387738523036
-0.224918327838195
0.0815508695276916
0.1132395587596786
-3.012666180135059
0.0296420395276869
0.2380752443732321
0.6567272102189973
-0.1928029202333378
-3.4201199971235923
0.6722985147692911
-1.0356357998791246
-1.247682044522889
0.4144563204944738
0.6297091044388381
-0.3538233446896981
-0.4572283521900123
-1.7271800522112677
0.404798330769007
