-2.794599742588551
-0.5956741168225663
0.585371366301055
-0.8184258130589331
0.5709742831777592
-0.8848347812306944
-0.9050486448041344
0.3030717193156315
0.1868743895161687
-0.3114700040161292
0.0749372873273461
-0.1404844689486883
-0.2756983378281361
-0.6014325146624654
0.3661416083242713
1.45458029136262
0.5131547545569086
0.4618446301668055
-1.1962921958248334
-1.7432651937735353
0.3799538190741576
-0.7781890452411377
-0.2894452773238344
0.5778076684814168
-2.517341321544913
-0.938375529226562
0.6251796456246989
0.1938127994787143
0.2631460126669297
0.4795208825051246
-0.8341208223103892
0.3975596905749541
-0.7097471041073745
0.0078278181805246
-1.9846884670950289
-0.0036038969225032
-2.3366177922375786
-0.1384558492970667
-0.3002518950467566
-1.0672224273647364
-2.637325603730749
0.5740705694055254
-1.2268829809714656
0.1959576947250429
-0.8492819083289588
-0.1424214896414708
0.805544350408026
-1.8250157899964083
0.2365829074997883
0.5291868090656563
0.5086591837456889
0.5892463484956219
0.0841227602401886
-0.3473338431519447
-0.7488854865289764
-0.7274274998822444
-0.5806308059271611
0.273056145746276
0.1691076124520231
0.045815406156071
-3.754339477245607
-1.5326516921526585
-0.1062371209719051
-1.9573837382548764
-2.193800170207556
0.426478335697295
-1.5997250002134653
0.4001343962489148
0.1062312330498858
0.3772000685329992
-0.5501957614506107
-0.5944256986517251
0.3863080277301535
0.2728132057717655
-0.4527459367563698
-0.1564425295295795
0.2032910854474739
0.5111468952278398
-0.3927050123570271
-0.1214909488930511
-0.0121290191183117
-0.1477697813846404
-0.6469131500143527
0.670776315567054
-2.0877671719165867
-0.5751853263408065
0.2101501191363933
0.4137184802697658
-0.3165615182123812
-2.8925570029264898
0.1976450988481409
0.3906922986240425
-1.586079127210689
0.1610395454093056
0.3682446546430195
-0.8340953805691589
0.499224038562227
-0.2237671647057642
-1.123499288935829
0.8178701786894872
-1.136632171651065
0.5561342165248242
0.6560568816735541
-0.3509547021982177
0.0961801785617311
0.2094583498363863
-1.136611652077026
-1.786242813572467
-0.4544763529240874
-1.901810933275323
0.1140218134161246
-1.094710622167267
-0.3043648857752337
0.5529728629447432
0.1249671258782073
0.5225961322117376
-4.603710071250337
0.6228117499234669
-2.666374923509643
0.3224371582962861
-0.088280617531428
0.0159457850166587
-0.4877235414692103
0.191584952208636
0.1854970449589008
-0.6675451654407358
0.0819011340833963
0.0834437935786415
0.5858891559781454
-0.2819026202244742
0.2672449340227847
0.3345928448975839
1.007706319695413
-0.3629281146132202
0.5454427022603482
-0.5904933555374435
-0.0708452887868101
-0.7642932245144133
-1.6000765706252178
-0.5106507254274781
-0.663671100723188
0.6202003398788548
0.424874845578409
0.090666880152365
0.6075161210947796
0.7781132984132517
0.747362587195925
-1.4222064954092193
-4.267560860643317
-0.1425138450780353
-0.6392841133034353
-0.0311226565589677
0.3654360557570559
0.3207402070263882
-2.276939644118356
-0.8386593728723021
-2.376824218532956
0.2219845579551988
0.3693112242578151
-0.0951057644463391
0.0592589477008428
-0.49173503572405
-3.620440235879296
-2.388781217934617
0.3769833807250516
0.3822661056704173
0.5494737263868151
-0.6105589414655727
-0.4104976909102544
0.3369905488179258
-1.3369091142039666
-3.1284581033716115
-0.1097511170546024
0.5148512867680771
0.1306600535584495
-0.2792044531461252
-2.0014184464250357
-0.2282094362585914
