0.0374820496745189
0.7140540520243842
0.0416192760698093
0.6040945972601829
0.4633337047456295
0.0985608549965661
0.6937239411653677
-0.4085764146081778
0.3864706821142755
0.7812829270098162
-0.8143157737253798
0.1861914917584186
0.3976213191233627
0.4911169053271644
0.5435022174513441
0.9384848742006492
0.6292890388517
0.3670190711220599
0.2788615409912279
0.3725872986473441
-0.2287320825826416
-0.2191322126513757
0.2914874468298974
0.116386916424224
0.4925954965231171
0.2833412229342161
0.5598453533822619
0.4648936096326248
0.4403077497960741
0.7600667536295996
0.7858946754678376
0.1827380795566515
0.8293800008522184
0.3809910126021054
-0.5272943089008724
0.5790027996105113
-1.051765175271161
0.312176259671939
-0.1882125322781296
-0.2990816185683709
-0.4709172856870345
0.2209174199285676
0.3501078787077558
-0.0015914535114519
-0.0769093691298972
0.2684216466077418
0.3876637893599898
0.1672993402548305
0.4365220687289716
-0.0158063422733357
0.411362861401045
0.334988703621264
0.1024148092148937
0.3222195320116709
0.6538555764084796
-0.1475982867852232
0.3410800580754254
0.1864080043035668
0.4005949809103595
-0.2462158470288277
0.2921455928118083
0.5463579020372555
0.3120236030991617
0.2186876703815822
0.4145292282876975
0.6404844285596862
-0.4694498897496531
0.244200657331945
0.4479099521731111
0.4821954851376781
0.1631689051257258
0.5381107742892342
0.3238448716542403
-1.2100596276804998
0.5021633564034927
-0.332738150557846
0.4293187475499643
0.6969268915312571
0.4525126847748522
0.3438499784356071
0.4761497739448856
-1.0635815039691416
0.4893991613320014
0.7150754109342085
0.3841829430899053
0.1402826948379631
0.0826437457861821
0.4397228169865982
0.5797405751351289
0.2065815468258737
-0.2979813813605462
0.3095104211523952
0.4628596804810042
0.532656346377597
0.3431000105081336
0.3685656301664504
-0.1648175632664691
-0.1593842762560347
0.3541326971639114
-0.2915311510871076
0.2947971259825638
0.3036442659635839
0.5322586781849054
0.8345171216796331
0.3795156087228904
0.3001523103171613
-2.2015014332308573
0.1358973186342074
0.5046497177734449
0.3790373104251417
0.2094242042567775
0.5800378176633482
0.5308479290226454
0.6361314695867643
0.6126151540204101
-0.0810096386000942
0.3725872986473441
0.6403124217390005
0.5065424073562721
0.0994557431160784
-1.1736079518122031
0.4238165413093153
0.8179656302284614
0.5286609235879869
1.1028568441675106
0.6755068938707063
0.600769731104856
0.1155189882791447
0.3580570355264338
0.7829272781171429
0.2481436865999714
0.6963174109870719
0.331896659755849
-0.3719134294455313
0.0718481961431908
0.1469944032309685
0.1820109114470824
0.8243553223256672
0.7830955284254578
0.5062695985180632
0.5317517704397077
0.7751542814009759
-0.5970589090891999
-0.1319091222813378
0.2640160154966144
0.6765635655961318
0.1343412955593001
0.2661232741601663
0.3572312304764938
-0.1048549264347827
0.1443722738664875
0.7405099803952306
0.7495796143315633
-0.1404614754555478
0.350467625185277
0.5489625939661268
0.3105077851740646
0.310215028521634
0.3984359390345816
0.3745536900902995
0.1408845443423987
0.262336285180684
0.7562336035269069
0.128385531071956
0.4293835108907141
-0.0236333352048474
0.3493474616843485
0.4092247430875828
0.3925144545404444
0.838202228093726
-0.3631994504464389
-1.5305848740549712
0.3508880751122599
0.2013531803783447
-0.1795150243660258
0.6264227985276513
0.7996069790994315
-0.2083812464979263
