0.6298335415047093
-0.0598534710100976
0.4706439455141318
-2.4677019729628884
-1.467765046441742
-1.0312714795950606
-0.9144432965080144
0.045895777836639
0.1788942481231814
-0.3380194009350551
0.4768649331635768
0.1703787786206987
-0.5306132150142838
-1.2718533654604225
0.1617102646213354
0.7040169911260866
0.1294896206256315
0.4781743114858915
-1.1901437309553102
0.4805219617516776
-0.4494539302551525
-0.1929542776407184
0.3725276670730637
0.4965651370763275
0.3018276056259348
-0.9259477227275504
0.456829032828329
0.5795171350074605
-0.8322610540911946
-2.391086589243033
-0.0744533538694119
-1.890787859545216
-1.112425086466748
0.2431854840254874
0.6394624299461455
0.1370200823897695
-1.3524537349443209
-0.7077084170154212
-1.467442808926025
-1.3435077497125532
-1.8350892363307656
0.4672630396127991
-1.924161097221533
-0.1179669160678417
0.5729245370280323
-0.3172450683188598
0.3593061697262011
-1.506438162943249
0.4214586808350772
-0.1982948194534958
0.6924513085159725
0.3967095757997097
-1.6989110644958447
-0.4063586302501454
-2.3546528355208447
-1.935935069753555
-0.3454764232734655
-0.4391155362232575
-3.402561331892598
0.1585471159636437
-0.4700896982446343
-0.1950106458205411
0.5841102376647217
-1.731861225704061
-0.0922865084002719
-0.4575147219001776
-2.274237549647708
0.3336534149943923
0.1344667817210592
-0.3983029922364402
-0.6723536203863384
-0.9716300667662368
0.4179002744150573
-0.1032682812714622
-0.5704547552855076
-0.4680121755956543
-1.7866777398462814
0.3895893830139313
-0.5050668669635231
0.1279730885128444
0.1258441585891209
0.2789590057423052
0.6905193989850985
-0.6921063310474231
-0.7589504510695498
-0.1403445000707158
-0.102129526567139
0.7734884289401137
-4.600264805214692
0.5680542612219688
0.0248708408137094
0.4082156303423795
-0.4115871421583747
0.4031931686597024
0.0961821770400237
-0.0257391674507339
0.5524000032386013
-1.0931865877694078
-0.2296093342357853
0.1584225256595741
-0.9639071623658364
-0.4578443977864908
-0.8643501745931882
0.5418363478112287
-2.163533956939803
0.6614740658181592
-2.069336811579281
-0.0209763277315132
-1.7330114887979018
0.4583227873934153
0.046165503759432
0.2694136388286576
0.5105234637243024
-1.686251078662688
-0.0149723458903196
0.3648872704969472
0.7385252154204383
0.3018406412143896
-1.973088274236602
-0.0887562685198897
0.396917640765929
0.295019551807676
0.2825990057940989
0.3250756771113391
0.6035052435219904
-1.0285751451667209
-3.290244644379649
0.6961792230963004
0.1892559929441844
-0.3427160122682047
0.3878831634067785
0.6676893899698003
0.3066210518035546
-0.1300368496598073
0.3632530545047666
0.4692822086394301
-1.5528547935598696
-0.3337965871025282
-0.9379701065560136
-0.1192036718260748
-0.2013791439385117
0.0735382676783787
-0.4288772858339043
0.2470554554870987
0.4076864536407074
0.7319239083752822
0.4935903361428705
0.1562186961811888
-0.0686400566815604
0.6680280421833515
-2.104955502300122
0.1700578335630496
-0.1460950819583319
0.2316242230325641
0.0868432007391371
-0.0396699311102898
-0.5337076583738026
-2.5303965316211303
0.2924302353806185
-0.0790174985665086
-0.678875829483086
0.5711847082326899
-1.5183609754873029
0.0045587803274086
-0.6435590096602658
-0.3445732347658164
0.5220482100907692
0.189995413412567
0.2508559199694013
-0.4706672661622015
-1.3248472209534476
-0.9128834679940234
-0.4374871458914516
-0.0416684365543269
-0.1569028585910483
-0.071056727502332
-0.1532079881947399
-0.6012277670732907
