0.4705243245438306
0.428716044278931
0.6733870695149463
-0.6719137184542373
0.6590322582401082
0.6752505599336293
0.1039390843767368
-0.5760421934036325
0.5802758110648083
0.4335717025496064
0.0558830005334256
0.2493816239491726
0.6695527375895814
0.6383634472071323
0.6518674222713671
1.043131654371689
0.3795375052501757
0.5591365913036047
0.0778554146288924
0.5281999954031025
0.5651009590643046
-0.3044487775015798
0.4164232950616072
0.5000003122537481
0.3203870457340965
0.520005942741197
0.1361349989180868
0.8443045585752293
-0.0622063560013042
0.4116633911745639
0.5544609954740958
-0.2657056305651566
0.594849196257472
0.6721474505854708
0.4907195585970444
0.5930219926810986
0.156060261536202
0.6313119036923508
-0.472599109774711
0.1596976221856787
0.1761707458906306
-0.8778901251713297
0.4566984260940529
0.5922287320689029
0.2343901119429491
0.5942270126724861
0.7396119302332901
-0.3016320333439882
0.3051905741481586
0.33233350748109
0.6363640192536394
0.0001191232969404
-0.4823980919289619
-0.2452426555331961
0.745041622713981
-0.3177071389439774
0.2616632202247829
0.4639840842663173
-0.2803421832531941
0.0836496195058425
0.4550108377361174
0.7400166911599723
0.0152528598184306
-0.1164143209576226
0.724134829871033
0.6342245910455918
0.6407183699565371
0.2930201517907957
-0.0893831009715148
-0.1050394690387414
0.5474947750685177
-0.1375849242160196
0.2955127562078319
0.3244163132897604
0.6066322096939052
0.514645809291753
-0.0726310947470826
0.8080717580409515
0.4038007933716551
0.6563710162447589
0.1973259438723213
-0.3106864223369451
0.6567264306455037
0.6601373620303871
0.5408391105093805
-0.3926318289457781
1.0462875810072103
0.5347141947062202
-0.2174772605434626
0.3272564073970472
-0.0406155665961808
0.3394093756741353
0.6742374576482721
0.775150120419164
0.721075183062901
0.2390339457506592
0.2610710287986224
-0.1967968436676556
0.3665390651051097
0.1725331208935999
0.5798449119605501
-0.0811702400574958
0.1555364775820563
-0.180358707880372
0.724134829871033
0.3825118800906785
-1.004145731564551
-0.5009887799719358
0.0887399732536961
0.0800012798378761
0.2602703494512829
0.9010644740176256
0.3130106297024956
0.4480845931618627
0.7245101896542702
-0.0381566912760975
0.6048703329897117
0.7470301329965467
0.4647318559664266
0.4644183174656706
-0.2611200684640375
0.7324505966975995
0.5478277920821207
-0.3287770297029516
0.4106870924053503
0.424550345081627
0.6280347758252957
0.8492479188217104
-0.0437081748652938
0.2408056262487167
0.0527953671622407
0.349062268817325
0.7120397572997822
0.3366575980209523
0.5816584184253007
-0.0372193136852624
0.7719336859759327
0.6621332589128598
0.6099666796847136
0.2256882843897633
-0.0061405569635877
0.318913899182782
0.5870485402691618
-0.0356065742867077
0.5321234931341936
-0.0754598525681573
0.5900216642098111
-0.0194849125278095
0.3862502130781486
-0.1914577493472357
-0.0153833184801954
0.0043217061876403
0.4574662477777623
-0.4227926212002846
0.5842916348146248
0.343640647151924
0.1821568572196736
-0.3188762463294269
0.041187232097235
0.5766111887448123
0.4057860488108768
0.2054484006142095
0.2783448580072375
0.4196529954603606
-0.3561644155296755
0.2767803684139363
0.4924740687196106
0.0231398140922361
0.5593780342656952
0.6436457568646289
-0.4057744535210687
0.0218706655059697
0.3305638345099712
0.7828484188133791
0.0186385641757906
0.4508988967102372
0.4016428497249233
0.0989270254383003
