0.3774818489211555
-0.3343667953649232
0.2581168175524188
-0.7174725082419551
0.2342708865634644
0.27220784622485
0.4937261786196281
-0.1150764342663943
-0.8972669056000218
-0.2634815716718878
-0.1823162184387771
-0.9649943184681826
-0.0122975865056167
-0.4051170111178069
-0.9885817828828438
0.7317153148122358
-1.8299171762094768
-0.9797441447141868
-2.935246044408025
-0.1868516076849483
-0.1983069747107388
0.517785724230602
-0.4183846253293953
-0.8166577719189659
-0.5917839413895638
-0.3783915447260151
0.5977961171668054
0.3855770889611764
-0.1097633306069304
-1.2362668602224185
0.5501704016234301
0.4646075604664445
0.499983571480369
0.3842145834524578
0.2124090763573032
0.1570558587133905
0.1740442242208118
0.005158864918869
0.5853879627594055
-2.458947157424747
-0.4230707654723677
0.1061587352840937
-0.6789538545707087
0.3985659154993757
0.3420719820617099
0.0107538044964973
0.4283406619385492
-1.2203232641347863
0.3261526185694933
0.4463645971688757
0.492149247238199
-0.1243473411162388
-0.8883999309309052
0.554988068594095
-0.4419750572562002
-0.8908744983036144
-0.9654500360520438
-1.3650946439967064
0.5586028711466252
-1.8044618439755256
-0.9664921020344284
0.4691404976765074
-0.1980189400003283
0.1913240876098212
-0.5467626262653188
-0.0710681883516216
-0.9892341865193136
-0.7212021237292507
0.3324709984149634
0.2068580823423582
-1.9906682531312436
-0.0467023548126732
-0.1614794283554839
-0.5962801721202219
0.0031740520633427
0.2784446614370057
0.3879885952846107
-0.3065087596881988
-0.3123486781411602
0.1086643138412256
-0.4954188735206151
-0.1831228363354173
-1.027778472293296
0.5684158407334715
-0.3051095931538014
-1.3072586561168194
0.6620656658804552
0.6704253765189694
-0.132228324773313
0.385086546495083
0.7340065119409198
0.3187199798966135
0.6643059998056144
-1.3942294155830914
0.6832213199626582
-0.1895777132599281
0.329446563474745
-0.8550761984332286
0.5394156549247532
-0.2209655181843889
0.6805066050607788
-1.1061607917687295
-0.4691826617665517
0.6742016276488885
0.5438505485914713
0.6618499546511326
-1.4943615857897468
-0.6314295772082479
0.3229824572493857
0.1346332048839636
0.1026172156077882
0.9428578872874002
-0.1143982830156131
0.33550351946572
0.1637894257095918
0.6217076936087785
0.6516282133319212
-0.238791906972858
-1.9133347672426972
-2.244305534791552
-1.9610396961122387
-0.3872727351478394
0.7323310547005183
-0.4490050035013878
0.2990436122937376
-0.1411149682670641
-0.053794491226501
-0.9674741361818876
0.0760245512989413
-1.5782773122872047
0.2783184431158765
-1.833848090474516
-2.037490347255348
-0.8352024424117127
0.1472558876913363
0.0659381417288226
-1.9442586203834216
0.0371950179370252
0.1205137734946386
-0.0761675027084082
-0.0333803977490059
-0.0994747601561631
-0.6533739693452713
-1.614496022980778
-0.3963742721883204
0.8445686829428031
-0.004168308104214
-0.8465195778596559
0.0303260823433603
-0.9041819076211504
0.2545961766540842
-2.715717422639108
0.5393674210436162
-0.787999028471576
-2.246810511233451
0.310104159347794
-0.376447489611894
-0.0886353071156685
0.6170254474530917
0.501145180041552
0.3334299419500692
0.6407183699565371
-0.0874073088120331
-0.5316062752411002
-0.3935829183951839
-3.841313922374968
1.0710486301168325
-0.5500599881417201
-1.3509354373768947
0.0070963382124996
-0.333851187335669
-2.3331255818052794
0.2870010314524669
-0.9192888100483768
0.0066697311083843
0.3876637893599898
-0.1683673028994179
-1.709197607680948
