0.6632094968688269
0.6535180245791264
0.3168142111066542
-0.6374159383699008
0.3253227613112598
0.0181801784856841
0.7007161596428858
0.2934138749237238
0.4942820228014095
-0.2996969913098018
0.7491962558632711
0.2147092449271413
0.7696529561717929
0.4401463707601886
0.7297411891356335
0.049003528380809
0.7732473744518079
0.3862841601409502
0.3552187668870694
0.623051297562384
-0.5707460146718378
0.3681734303540849
-0.174954537484837
0.0833939843644999
0.6748781910919632
0.0706752372402327
0.4543550851621787
0.8894419394968098
-0.9998622711271552
0.4646737894794768
0.0913272848454966
-1.2409356969336154
0.2941076445400834
0.6368083617888132
0.372139445315003
-0.0267649011914713
0.2781079964728383
0.0348760368743414
-0.4172251179514579
-0.6266764106683096
0.1754205861135405
0.4065933919669639
0.1451094503924462
0.4595302487291768
0.7707412477787801
-0.1565166025800789
0.3585654332769198
0.3433731935600688
0.6674272972941865
0.4382005338726049
0.5471295851982099
0.7018544571479031
-0.3417694180051827
-0.2019726668002743
0.0314234644313265
0.1553378469656914
0.1418878153950665
0.6160049764512127
0.2117352896981052
0.4429631614464863
-0.6498521345350541
0.0167403409508757
-0.5326875121925678
0.753901193153815
0.5482906465719833
-0.3175688006211651
-0.6328119449541694
-0.8489116578845421
0.0323561773074749
0.0569612268809723
-0.4695039383486528
-0.191184776960286
0.3655587137933538
0.5893067158335332
-0.3910896638857541
0.2886034418656311
0.3721641456006091
0.8062704139765859
0.5827704448065351
0.8349433202227848
0.0055625142821846
-0.6697352772097255
0.4597865352818109
0.8001415201833048
0.3945207701068066
0.77602976079539
0.4836282590529402
0.6526269875985117
0.6224245286831341
0.3474859679616949
0.8640279845047493
-0.5181528446865927
0.5119505034301143
0.5255071776246949
0.5705117167176862
0.1620181309768975
0.4469093174873674
0.5382665884345574
0.4428818885153707
-2.3018942709879
0.4519956094085295
0.4085166536505405
0.5298690472211655
0.6466804535219367
0.5328461221051649
0.5515500233519829
-0.6627671036542546
0.3424240158481761
0.3888410385244472
0.0913694351562662
0.0722230152436414
0.8574604160734302
0.2975985477118298
0.5305403992971092
-0.2859896401019977
-0.767256478691874
0.6506890524531755
0.4176697767360509
0.1104213645979077
0.4179156030391684
0.3427126768468636
-0.0884799884369551
-0.1811501542549093
0.2565217576117906
0.5545698255267147
0.1038048995150279
0.3774818489211555
0.227939688776615
0.0001228645378528
0.5484435440998859
-1.9735184013867917
0.6036631423203657
0.1149448927092247
-0.6217388269703731
0.7335327107554607
-0.1471653593769351
0.5181939319898649
0.2299436904307287
0.4920018793932758
-0.5839465714166036
-0.255251381739754
0.3490884166798216
0.3661072972854326
-0.3815089107054326
0.6665587846080695
0.7236425013940188
0.2443448086248375
-1.1895233885456091
0.805544350408026
-0.097326586004517
0.1540494659598373
0.5209993094075377
-0.2729771282721523
0.4917717043040494
0.7039102080908343
0.6958418404816161
-0.2459446607176352
-1.3616808542741694
0.3162266177169657
0.5740142149581072
0.3584804752130903
-0.6193913706630011
0.6040945972601829
0.3144243937148441
0.005798243914437
0.6993122332316278
0.4361127783707994
0.3393140527783351
0.0328521521129301
-0.5582151740015108
-0.087792596863516
-1.071491164897793
-1.9940433204642172
0.1387090316381052
0.6272977472299858
0.4038007933716551
0.4909030668774354
-0.6732613170089464
