0.5100925749584267
0.3950249899425188
0.2062816457492838
-0.100907455832566
0.7084077570050247
-2.722828936604774
-1.5670525456733533
0.2010470178065566
-0.6620979547154445
-1.1713114005698728
0.6913024689475992
0.853630557624258
-0.6471361445053123
-1.815914968340513
0.446098569261747
0.7415888763090274
0.2174348729350236
-0.6565201157460762
-0.3857691352831164
0.6164541752493339
0.4943817413379981
-0.4191519650508944
-1.8521781882931947
-0.7855110070726511
0.5386016697754105
-4.348059630063455
-0.1724487059951575
0.825088159786354
-0.3538485681466112
-1.9471025404548523
0.4697073950157207
-0.0849742627370685
-0.7766476272329302
0.7071335571148998
-0.5356549267418892
0.4976400069773911
-1.4022992473283953
-1.1320980384239612
-2.387251501272849
-1.72749373868007
-2.5491573121190227
-0.2620502604469863
-2.4488717880597246
-0.6354719162753099
-0.5920508512806567
0.4300433129933691
-0.3284512446206899
0.341001888921893
0.588722317480027
-0.3465562306852282
0.1687993506241857
0.3568224973100896
-2.4462157831928137
-0.3730072434334159
-1.0825689761993469
-2.374091906662454
-0.5680393969361306
0.4182961926216025
0.0450639196258267
-0.5552270150790634
-0.7005698376728109
0.0227642782364681
-0.3170468797837392
-1.3747016256858446
0.134481753504641
-0.035409891784314
-1.0453917483189057
-0.5590572051940298
0.5491086601118634
-1.4064002694061404
-1.257979176357694
0.2125278688945146
-1.1461176333059768
-0.5154359398125001
-0.2239030165175909
-1.1127308598655044
0.340590531934363
-1.5163780225768104
-0.3724039686943003
-2.99805023531316
0.0677727230970791
0.1799761414696011
-4.558446122560028
0.6295167623262156
-0.0280474104430729
-1.698482328852993
0.5874366942519178
0.729395154549867
0.5125832895397654
-2.5293540368265788
0.7984841852421299
0.6920637902749446
-0.4110149100361098
0.2059992515403135
0.1181508482240416
0.1383382811068644
0.0219255536672054
-0.8440535164447006
-0.8328757374962098
-0.9316056514260088
0.6060095116917236
-3.384543603666144
0.1620579865020574
0.7300553154378404
0.1633556969106503
0.3593308658337903
0.4195443310288377
0.7835078599322572
-2.349010799165665
0.2223850821066414
-0.2616781424785172
0.7706636696043686
-0.1099439566535714
-0.8048342843426749
0.3599875108847284
0.1753948847075042
-1.3117023661129823
0.7748854253140598
-2.0313550598852808
-2.6396500517944275
0.3879995120795562
-1.6591757355652237
0.5795828127464718
-1.0846694182760088
-3.103568102113877
-0.3166579693618194
0.4057696724838995
0.4030041541763505
-0.073817076938122
-0.2845381655383598
0.4090107114445457
0.5373854691158878
0.34998351596939
-0.8257552335385432
0.3339458390560313
-0.3793566000088095
-1.359907564302502
-0.8543764214670602
-1.20177775744897
-0.2573411054506134
-1.905794205669166
0.4125262098370901
0.3618774099722415
0.3729348609210456
-0.5109415310949497
0.2147401783284197
0.5083040883087102
-0.5454862492738162
-0.1669527797391937
-2.185974386144354
-2.332392115427856
-0.2288973111289585
0.2149358206768241
0.2129763456411619
-0.5840896011468232
-1.2754162920433345
-1.802428044774216
0.3650404694512431
0.529708222307626
-1.5512443014660022
0.5462541266540953
0.284421830123415
-1.7132284533994326
0.3913979332261317
-0.6622577398604057
-0.3890874344890132
0.169291146624957
0.5009190657790592
-0.3349255106652608
-1.0921399853616534
-0.4355105615429572
-1.5441036565662296
0.415207865091832
0.2896938283387216
-0.5879832320809654
0.4400827868344215
-1.168553300855961
0.2615214570919145
