0.3162741720418793
-0.2324817644397812
0.3761409113046756
0.2299148241345414
0.301050541413115
0.4262797201899891
0.2809100623634737
0.3629366301672023
0.2966518659257011
0.5580514897167163
0.2293476977757205
0.458604119977872
-0.1602280265689177
0.4317373070540547
0.3067111043070823
0.1717235193346914
0.4520567808842086
-0.5015326190765618
0.0408785925633431
0.3795847071072508
0.4166443405365454
0.3676072562873368
0.2951644975317766
0.4010201019567291
0.3660602329730829
0.2798744153160057
-0.0225568246181681
0.377390886405509
0.4473524773618512
0.422733866101675
0.298676193888306
0.158707417259296
0.2810304502779948
0.2856023421836308
0.3768422560988928
-1.0643939725474572
-2.9370097462642057
0.2870481882323332
-0.7474785987652705
0.4026175422804134
0.1666649942513019
0.24823810680533
0.1227180496172275
0.3027672005213531
0.2453493664004459
0.3198218536043006
0.338116903322791
0.2782632862860932
0.3189954611721453
0.2649254028479904
0.5994517484717544
0.1866480167656921
-0.0223461389364478
0.4197562172446704
0.3106753765801702
0.4270658591557548
0.6481649103104906
0.4120128634437967
0.1217159478114085
0.2694893915802257
0.1759607883702616
0.3115316311690355
0.3590861890518588
0.4984567045372705
0.3406201581174501
0.2384981147883237
0.0626799451208771
0.3167040285073687
0.2324315382700987
-0.4846331431950283
0.400091390075505
0.4238465393574575
-0.7059631266399764
-0.6431797536975483
-0.5266435266578108
0.4785381544205712
0.4060050415826222
0.38708726453764
0.155542352908662
0.138340609237507
0.4303380968865491
0.252778328594183
0.282290469893535
-0.0337564779053762
0.0259689753214123
0.3432184970839847
0.3635601863218879
0.3066086215554007
0.3811674663378735
0.3893668418665428
0.414060399053578
0.0104729501591003
0.3140591902007865
0.2053581765628932
0.3295464367804509
0.4501640586491456
0.4769662569299786
0.1591950626673147
0.625673429960115
-0.6044068910776389
0.2508993006094979
0.0286524750799034
0.0187940334170026
0.5609676008349364
0.5661955371876517
0.2607225356258342
-1.1627358596985298
0.5664423710871384
0.3281834581392493
0.0997768934133968
0.5140611082807017
0.4123170070561689
0.2109673392429054
0.4106528818350015
0.3733097459540491
0.3450877233354467
0.3181394121333535
0.4086630597703785
-1.7505437388739875
0.3045655886028249
0.246560639457395
0.8181171650383827
-0.1220181633732897
-0.1564816769867295
0.3051647534297979
0.4378499175511204
0.4925265915277032
0.2752650261756366
0.1521971676787083
0.2891811897189585
0.3758376902566598
0.3691862817653425
0.3313719910296302
-0.4217017644350312
0.3201841450304967
0.1817630289895398
0.1961797837116245
0.3579133660951328
0.6204958078190183
0.4943650430052448
0.1217918200636156
0.3256358666606828
0.3730261821146783
0.2635125975788528
0.3518222516434841
0.5035886222364003
0.3311264723147455
0.383605924798384
-0.5478375525163349
0.6153387947787093
0.2571388661418223
0.3162462974896712
0.1108530651947522
0.3110154443240192
0.3493496732332121
0.3001626024983117
0.1783279073312626
0.1679370548322423
0.295910852717296
0.2964774068070338
0.2995519802642933
0.3779470384689692
0.3211229434251768
0.4209922823625556
0.2394984373569738
0.324907650779039
0.5838176382715138
-0.4055103560315868
0.3379762364257384
0.1649435111803258
0.7849298957804184
0.1683654878397497
0.2158637926529014
0.174578196412835
-0.0128501279039219
0.3891754839280548
0.2787042798929118
0.3245187313608682
