-2.1108376186134827
0.3602740482327598
0.2839129765281217
0.2964974634322794
0.2356012007859148
-0.4569363471725511
0.5393634150252129
0.4138398586648186
0.4650168774535201
-0.1102556839831992
0.2584286755796889
0.4106399314351042
0.2630000134973982
0.2316829142153539
0.2851768933019998
0.3972037823919647
0.4096688449058024
-0.7855290950980489
-0.1378588215873918
0.8315137706960386
-0.4491343227219007
0.2845564166372732
0.2442683284822462
-1.3567566584110813
0.3673446692101569
0.3123407793851423
0.4774105543281417
0.3052889919438621
0.2496659636622806
0.4212973334928285
0.3733489219291072
0.4134752237727944
-0.7534700061816603
0.3324907939564754
0.3472377093750977
0.2971598973329972
-0.011701758570436
-0.2284002357920755
0.372302852106579
0.6103840676288558
0.30490883352316
0.3764789457723174
-0.3491194970753564
0.2508993006094979
0.2837992337036675
-0.0213032479038924
0.4085188957007872
0.2390615123323246
-0.5369336653023021
0.3692360620664991
0.1563850332189854
0.2653914466213307
-1.13068591195477
-0.0957551402145662
0.1680182659907304
0.3880657520456665
0.5288818588559577
0.377062195536382
0.3311264723147455
0.5104264033838583
0.2795097463367645
-0.033336721936054
0.4255103062510386
-0.2470483897689261
-0.1181667371416404
-0.9181221431870596
-0.0225298700672851
0.1888966919425148
0.4321548598934
0.3060437650351161
-0.1707973320269968
0.1502667294177561
0.3950748883868746
0.375216119154709
0.2924711663330095
0.7272034072086662
0.4894541300411015
0.9167017111215549
0.447293879731616
0.327876775361214
0.342742751256015
0.3703449335193476
0.3151219194718934
0.2458298489031078
-0.235992597176878
0.3084256322249419
0.3594858487703179
0.3761723266584451
0.3752167447791102
0.1400996948735823
0.3014302134753364
0.2798160732549427
0.3415667949625786
0.2935086492001338
-3.218268803747656
0.2778442787691038
0.3794452838728721
0.6101460457216424
0.2782803024824652
-0.186903421823987
0.2095144822257269
0.1497752679439688
-0.038589577428806
0.0612444202689684
0.3297430539548987
0.2220144391927014
0.4098324396990049
0.3392263944173504
0.5468393014251767
0.1453767036247931
0.3495725081482313
0.014185212726404
0.2147414891709327
0.1585626396199885
-0.3372420547893666
0.3372413459866378
0.3493858371552221
-0.1452564000938485
0.4499622010108951
-0.6330260587892841
-0.3417195445386882
0.3048147438219953
0.1328220200859865
0.4287474277248464
0.3107046779320953
0.2030380324026647
0.4173018801206297
0.374391952755158
0.6125374689334621
0.2305840673259136
0.0428370189884183
-0.0773962981824507
-0.0649837004568226
0.4442343550726682
0.4563447838157609
0.2717488954807527
0.374877977577471
-0.5843547859139004
0.4889797932683772
0.5665873822338378
0.3055866744211288
-0.0323159970796134
0.548224565986039
0.3276137273424944
0.2605145508506849
-0.0360817841869497
0.437034911369425
-0.7811540202588846
0.3372765800243355
0.5510008645290277
0.0147893792689259
0.5411569069717674
0.3731856745882867
0.5676542959558545
0.2857605218502859
0.1193160010868733
0.3676393677042345
0.2827524051932362
0.333569161313011
0.2855750469001141
0.4205602186385382
0.3079070204984438
0.4536448607466324
0.2953808806128937
0.264482118332543
0.2757802609406677
0.1203806863163089
0.1674937900884822
-0.3766361263898776
0.5551681047497083
-0.4218694495811705
0.2043255163603705
0.3685366868064614
0.0102488307375515
0.4561990632019455
-0.9949461328717104
0.0662720940292079
0