0.068173408347801
0.1337773091315025
0.3393797946979865
-0.166658619002056
0.5794785763911824
0.2179318829789261
0.0941960579620664
0.0698588555142283
0.4188237629592874
0.358410467544416
-0.3943691687265598
0.7936154503085778
0.1480705154419093
-0.2830015632909734
0.2626469311245027
-1.030917075275522
0.3794225465799601
0.3353238618571257
0.2994226622446005
0.3056914255985011
0.4736929582388138
0.3463723016562168
0.0119025799418522
-2.848529107579216
0.3374073826027875
0.1117996359381233
-0.3214729165249078
0.3110159736593067
0.3728381757824466
-0.2305137278599164
0.4628918056976274
0.1223156752442394
0.3899749900758543
0.2179318829789261
0.930689174561142
-0.5191573682856881
0.2962215497093365
0.0633582405205069
0.3011588528972954
0.4015352125073397
0.2195404431507533
0.0853277505784959
0.2665003899548646
0.4439285765859597
0.3559738822600851
0.3241330337670041
0.4466982540650559
0.0847117538157561
0.3332455160810847
-7.730090543660794
0.9732243066523792
-0.1813086606893582
-0.6360457877905397
0.1476340498796831
0.2958665981567434
0.2921087001252411
0.1539014284917265
0.4290866759604918
0.3612232198615082
0.3737920036966475
0.3723823937675486
-0.2085311601784076
0.2808247867976967
0.1109601876313059
-0.0031221395935779
0.7215862073688498
-0.904480717813696
0.2884668503290579
0.2510024079875529
0.3082980610421142
0.1415863786431503
0.0891398281283319
0.3659807537777225
-0.3994031831859839
-0.0508409913312003
0.3779191957496772
0.3096026980739964
0.4195054567089673
0.7751353349310127
0.377163019400935
0.6740613118103361
0.1557574964043358
0.3875589688198435
0.2250406780770178
0.1600842954692564
0.2985445775000156
0.3397522789058071
-0.5520251901146405
0.5147646322838249
0.5090420586012024
0.2341079211335105
0.6388974096795929
0.3382063148331041
0.2751221194607555
-0.7310659484472777
0.3841116197683495
0.3092679594317292
0.1866684661187187
0.358168380607696
0.2597675993133602
0.1351238465892783
0.2585710713562335
-0.5785209062267881
0.3342382587841759
0.3128312541978421
0.332375481428349
0.0198842566127097
0.4448735001191435
0.1668806245148309
0.2027000872133285
0.3364321617989536
0.2745151172084319
0.5833567049168985
0.3075268908468607
-0.0301427534255544
0.3508813973213605
0.1952281949662166
0.5887350550032342
0.3532936385467695
-0.343275469106066
-0.2815759117701158
-1.425564095421379
-0.1183363916513068
-0.0077598431248835
0.3675062891648351
0.1144447887340701
0.3342745731385673
0.3774523355556805
0.7201236142260713
-0.15134965696663
-0.9506151178993584
0.151559321185624
0.4482003765539895
0.4990505120387165
0.0537140473404044
0.3042208825113909
-0.3869859710318353
-0.7060788711057493
0.0887611773854349
0.2579082005707109
-0.4280968271052168
0.0416073858106605
0.2147414891709327
0.3146190564541236
0.356277510513255
0.5157526078948713
-0.0273966176511459
-0.8287476839471666
0.3188306402112458
0.3718315468173365
-0.0782534815222997
0.304369997136892
-1.008883764150324
0.2765260274410848
0.321331673314817
0.3906239187188262
0.4353451513171142
0.358410467544416
-0.6825916308466565
0.4483508623258073
-0.4999410937058542
-0.1158672447855346
0.8389901137964039
0.0668898189001656
0.6500014093293907
0.4030939224092243
0.3016476945949508
0.0568090155604334
0.4315875786621166
0.0668898189001656
0.4849837083925372
0.0887830030100535
0.3304455368729114
-0.2165610461592828
0.4827430033998189
0.2046980164133104
0.8376986288445954
0.4085701721830218
