0.4622325859824731
0.2101037182599174
0.650203196621253
-1.3837430274969211
0.2185458564791064
0.6412517257676525
0.3198218536043006
-0.1086156339297627
-0.55640213807741
-0.0487069172602457
0.4178803059663175
0.2582465416347517
0.3418068112657964
0.3747609446921363
-0.1641155285748834
0.2305775129055001
0.3087002367616762
0.115263109967734
0.1840572769039451
0.643484672798637
0.1579829192755028
0.0864803257245961
-0.5277271982247489
0.3210965120149694
0.3688230043222908
0.3429169256587256
0.1637358353591828
0.2542028680332474
0.2079767377915813
0.2729263535308635
0.3094139223079467
0.077370014366071
0.2889873352372502
0.4797023559211508
0.34559274560892
0.3189811662490669
-1.044070136688081
0.2813175399606869
0.2042269453452192
-0.0737240451734022
0.3096583805779016
0.2183480907066973
0.3837432291236723
0.2969168325964078
0.3730283601381718
0.4087262316964135
0.3929938596320593
0.343474330614463
0.374894189366293
0.0470616143122555
0.4097285189779785
0.2128525342413131
0.1429371502410616
0.1585626396199885
0.3519020954855472
0.3159095749369952
0.3924689734211501
0.2729737922433355
0.2649089763795241
0.2884863795003503
-0.0202078344840689
0.1420711924087246
0.5036161494948421
-1.0118015438020431
0.3541219705741255
0.5179944314533659
0.3879701497146357
0.473543231264819
0.0600687612519047
0.0268237241798678
0.404970022231365
0.214966245605428
0.3284814405789795
0.3229399200553328
0.033747781892556
0.2572936440000687
0.2849260860163413
0.4015226322213592
-0.7350560313241946
0.2543049025916404
0.2921797646634216
0.3337887197101659
0.1224248289038969
0.3109208241174495
0.2973638054747271
0.2063882493224514
0.216783992211978
0.3252303629228357
0.3304859405869823
0.3384493647268889
0.2915170991824299
0.3592868416140877
-1.6733099637743818
0.1908538995256575
0.455150836970255
0.3216872799702328
0.2798692265264246
0.0484082359417265
0.3061271432061199
0.2649254028479904
0.361369892503782
0.5361736678905077
-0.8327879610152173
0.3445629005521767
0.4332795189131708
0.4288663900228429
0.1502625530155983
0.3630995407328053
0.1500908581930381
-0.8615649085204774
0.2473494804891959
0.262764715057189
0.3413871677188299
0.4009941438503124
-0.0494925465375108
0.5049336357586245
0.4450156664447302
-0.1369475250229399
0.3950859444446318
-0.1608849572573858
0.2403790106408528
0.2663263181199129
0.4648470951710706
-0.1406184718188865
0.2823669996855481
-0.0974343496420524
0.3314033034080875
0.4315130736032981
0.5469779373115192
0.3625049617547177
0.1117996359381233
0.2869462059829968
0.3370895795453579
0.3447924460753675
0.0237670599504362
0.495443483277228
0.7542991807136593
0.3370954286355763
-1.762928284106503
0.3898200505008185
0.1923807660018555
0.2879508071893321
0.2607109731503459
0.2641362887793864
0.297342887190694
0.3202330502889871
0.0227405012710453
-0.343757986830098
0.418955994747776
0.4595444801216516
0.2936773437198214
0.1105144123123122
0.4093617156994207
-0.132391654287725
0.4938128935121137
-1.0621900402078523
-0.288728041001887
0.1931745069485242
0.0306820930681388
0.2113602300277864
0.395268380953065
0.3272695224985
0.3795277235006105
0.2076670463842689
0.3301462394535142
-0.3292615519615008
0.1597678816020854
0.334750738508321
0.3848035671195555
-0.0585242436711362
0.0244437599364497
-0.0733209032335055
0.2365979165121166
0.4130277523634522
0.3396664873282833
0.3879825955165714
0.4304503251873329
0.397726919395543
