0.2149513689935799
0.2427448118255767
0.4405437671773533
-0.9707513067730156
0.351582917420337
0.1956457071234996
0.5721378639659059
0.2735720080705068
0.2477994356492452
-0.0459116512458371
0.414550135691654
0.231876558471887
0.4393099215515191
0.3175219621914045
0.3011795455702908
0.3097654631992076
0.3535300949957647
0.3194578632949385
-1.327960226814447
0.2773325138527936
0.3224897266495831
-0.5037337860919527
-1.9874763848880272
-0.051061100755014
0.3141587889298756
0.3275920880056598
0.2663263181199129
0.3465809648840365
0.364316944222569
0.5540222558818845
0.1960213917954043
0.0473010961943894
0.3955393998584357
0.414426541346893
-0.1690222314972379
0.3106266994531649
0.4656921661776577
0.3184765575182902
-0.1090733792939363
0.1623632073771203
-0.3578060293551277
0.3069547106705068
0.2124346736861086
0.2072368504119475
0.1654843921232138
0.4596043882508884
0.349988590046963
-0.0114305571280761
0.248667466266224
0.3155358489277263
0.1088464816779725
0.2896311830269113
-2.5906634022232966
0.2848148080408559
0.1694013520510483
0.447376434781062
0.3545314181487973
0.3978460660290615
0.422976856494861
0.3289516403377923
0.3259984385529117
0.461512985161873
-0.0814619922306366
0.3642117837390348
0.4070269537917732
0.5421918421543208
0.378637212956868
0.1066604415480672
-0.4379586754697551
0.5665691643418682
0.3062609804967884
0.2551446382663989
0.459553755735655
0.4652569575402263
0.1348522654016851
-0.1497402829928004
0.3345732668716247
0.4720277316730099
0.1656220913516153
-0.0863556886396509
0.3218733793855019
0.028234299706447
0.4728769490287393
0.4617719257497776
0.1752862379759429
-0.6222565679078699
0.2600698101454657
0.3073467572985478
0.6468594682861241
0.4770331544452461
0.3180154266710436
-0.6695726573034012
0.304697310378875
-0.0126323711760374
-0.1446482895477745
-1.4060551959597776
0.2567719936654071
0.6315852336214639
0.1600632782137599
-0.4110231602726334
0.098865849119095
-0.0964452574717058
0.4034550011289566
0.3002325388223317
0.3274016980404398
0.3249193600351662
0.2633711404760641
0.2913897603257569
0.1629499218849969
0.470891992990208
0.4432582589746987
0.5096934753355115
0.5904701559181156
0.2790879676259424
0.4438131535838597
0.3687915543028452
0.3186599736748599
0.2746280809574364
0.3251713732489609
0.3192968682391434
-0.5733477162053112
0.2368991074408653
0.4653347670121953
0.2384207594719247
0.2450467480012409
0.3214560752057231
0.4070255491264849
0.0921411442931406
-0.0758662761459949
0.5700608172628617
-0.1182853272372223
0.3897215674707353
0.0763584921274275
0.4900324544505334
0.2367416429304134
0.1809933640513552
0.4625588831069703
0.4415888074465476
0.4272145705119197
-1.4489380349158578
-0.0027083078944689
0.3123407793851423
0.2862215062368239
0.2561528493380418
0.2215583407021352
-0.3636929003460636
-0.0391637988638479
0.5202307879381004
-0.1767451869936858
0.1977503702157104
0.3115401948111257
0.464116349179438
0.249127276997468
0.5628927995894573
0.4443575657168845
0.2608349048667983
-0.2942790947759189
0.1084731098799492
0.1432379317532098
0.0330864224914861
0.1656541870287773
0.4563711676877559
0.3307101448349286
0.5223347410164446
0.2467501720015073
-1.931170460803184
0.5365961147053776
-1.123899113612722
0.0510580249204839
0.5147799879331568
0.2621397853502302
0.0462888834404162
0.3006203627292694
0.5313190171812486
0.2045626658991278
0.3652418225432448
0.3824487886966161
0.5207959872295289
