0.1583440383892856
0.2867698369416806
0.659947461208958
-1.6146132028408229
0.4485466859823446
-1.4297361268141646
-0.5575978960721893
0.2800721759738852
0.0667756793317996
0.4836144761110025
-0.3871014871618251
-0.647247912814052
0.0793480425434141
0.534826852249258
0.1970733369915214
1.1801250729519492
0.0533064996322962
0.1452954547456703
0.7177348604236812
0.2089099943129087
0.4817590459618799
-0.3923893283097889
0.4667979172522098
0.3839736850619233
0.3774968780388159
-0.5306296260453575
0.2932254275196523
0.4828632965846811
-0.1132272121770566
0.6465637164532019
0.4633405499394391
0.3277224881354277
0.4185458018872947
0.4523289933480948
-1.4006442412696762
-0.70653764487647
-0.3232064810901767
0.0237792593008256
-0.3004307428215059
-0.4842682189220624
0.0215550354663425
0.4830256629343165
0.0612125294910934
0.2220777977926786
0.3605113951168122
0.3105102167537403
-0.7693587138947008
-0.4610038443880971
0.4101247532114564
0.1668819681476726
0.6382145298283868
0.3046152848103118
-0.7656906348832518
0.4214840878735243
0.3976320579326047
-0.0376103870653573
0.1486301422718603
0.2602879205285736
0.397462196670257
-0.035595049294933
0.3949401356660353
0.4325097207280136
0.4542708999810705
0.2403766756842362
0.1452879219859507
0.0367155434423864
0.3432554837788785
-0.964231271586565
-0.6969741815096279
0.2909831908082488
0.4138398586648186
-0.2774988876075867
0.2721975951711006
0.3395566129732139
-0.1557951140893333
-0.5572993995429322
0.3871205667969776
0.2679871333594574
0.2938949477465201
0.2304442366113609
0.3295125664724668
-0.468238550484749
0.2150319167039505
0.3021615866865624
-0.2918247470207798
0.4048618852527791
0.2164375017762992
0.2616543787415549
0.4788467248402762
0.3024056792844028
0.0492801382321002
-0.365465606086793
0.3370148058777515
-0.2238423480107018
0.2751120712192032
0.458604119977872
-0.009643695812656
-0.1291256112299645
0.4285424884827473
0.1890011041061966
-0.1817139361877383
0.2898079802811613
0.1121791438264601
0.3735082441227635
0.5580276057081482
0.2453826526525101
-0.0227976053911838
0.3193299054965908
0.1762983756014379
0.3115474085229885
0.1356887642086287
0.3938069051829917
0.4968968877434641
0.4655395638858694
0.4628713594386535
0.5195545719481306
0.2777162389338268
0.2518588246388809
0.3335880223686072
0.1690898403080386
0.2365979165121166
0.3746595790258367
0.4954554384791059
0.1580476648066238
0.3103100038690341
0.449158943718633
0.2806989650622162
0.5134263702864674
0.3498337898042374
0.5568785255821191
-0.0034513663910908
-1.0553051826585715
-0.5023817786638812
0.2617709534855382
0.6594315133976177
0.1388925042772729
0.1737046300040812
0.3240991005001639
-0.6119362491038851
0.3406201581174501
0.3114383557110465
0.3570110655106389
-0.1381918157045859
0.4065597124292802
0.3909284647695804
0.3898725857497642
0.7131169345688487
0.2993217840103874
0.4222399968094639
-0.5001178926126405
0.4320293324459168
0.0082840878707952
0.645906884364593
0.0919156124693881
0.2420063917494856
0.3047245004356865
0.3209233425689349
-0.616217141092652
0.1936343750953255
0.4201577977989472
0.2399204670664527
0.1783981616358248
0.2020763613920649
0.3656345450353579
0.2420861856287809
-1.3314157759390417
0.3944024219397776
0.3825865558475357
-0.8582146137770357
0.581842696874971
0.4269769335788932
-1.6387258409400585
0.1503757328603072
0.4850989435212331
-0.0776997842514153
0.2667930216785676
-0.4793060475383502
0.3252148603395851
