0.7246477106813705
0.3094139223079467
0.1178591235348329
0.0675408473274693
0.2779372014749806
0.4546313238986412
0.3916431011932283
0.4158532456915633
-0.0254296390033783
0.2834791615352618
0.3976887158589137
0.2764322636491739
0.2074162382218237
0.3005649262607837
0.6020756485064432
0.3578934916821812
0.3771343557512821
0.0794796034573847
-1.787596316335832
0.3137545037214236
0.1181867139202158
0.2911079197857373
0.0988305034233812
0.3310049554324555
0.3301209973531087
0.2793532941739311
-0.1448263091348528
0.3709118677068526
0.3220146576925359
0.4636191039260195
0.0904807830782976
0.3839403010436524
0.2706244445116356
0.6953487608863446
0.1972906458866935
-0.1544641030122547
0.1340382248960978
0.2073937540194436
0.2793532941739311
0.0518886209228865
0.2112599819424493
-0.3289388898781902
0.4724444874874018
0.2616961283093371
0.1996182535169337
0.4062118185810147
0.2491435462763063
0.368235236530013
0.3534580492415036
-0.3952855595832359
0.4513749472609179
-0.0571432354849692
0.2267466223902483
-1.4509957972122438
0.343897681040661
0.1431349940471944
-2.176518810920783
0.1222155136510347
0.405342809166316
0.1843887747778317
0.1631414225157775
0.3518527224919661
0.0846797266531281
0.1249495446238666
0.280920570259612
0.3336345338743262
0.0422568273669866
0.2597675993133602
-1.546579482571475
0.439302226317008
0.2628641560984655
0.3327080642713272
-0.0303371353194235
0.2648790862864155
0.1257262909113561
-0.0371733245745028
0.4690341032586618
0.2783910749678961
0.1787811322879076
0.2908803399565133
0.2259241860252523
-0.5287286243245376
0.3329943485341711
0.1876616488787024
0.5739941440252151
0.4096850220654628
0.5342588420578548
0.189656017115771
0.2827972976397958
0.0992813788466418
0.3012602987118502
0.4401958347868564
-0.2102563703352109
-0.2447767734275907
0.3560866946920494
0.1328568266657868
0.3051224944587887
0.2254865570668187
0.3142647870600105
0.4002394249146544
0.4534069159944578
0.3782070353795045
0.2379529695003927
0.3553048600650271
0.3752531086543562
0.5935803611345893
-1.4229197573185168
-0.0581430566497691
0.2908556852535922
0.2649857112981443
0.2549153242623654
0.2800726968387884
0.2996481337871812
0.3721104334885704
0.3028460834744523
0.7824218589905905
0.4650035324764194
-0.9005930094028834
0.5927798543874835
0.4698741730254678
0.0283023134268215
0.1481214147309636
0.3684479462309448
-0.3678168266032495
-0.2221873154728867
0.3295626228934479
0.501400301240024
0.3370101824251275
0.3621851922014085
0.2525224377820628
0.5569281699647398
0.2409670945800031
0.3400023708113164
-0.2837865285778773
-0.1978536165774449
0.2254865570668187
0.1293015018056914
0.0747235632088535
0.3367755404021403
0.3929475197744947
0.33616457369745
0.311339754963873
0.4374085163245283
0.3126095054580338
0.1460354212790583
0.3701189422346925
0.0860244081120008
0.3298438789484174
0.3636958248757523
0.1653979793763875
0.3088044923080316
0.1679845298667495
0.4111010092874238
0.346768516548994
0.4373836051882591
0.3281190981207724
0.3502309644543058
0.1545880959659478
-0.0182091767441062
0.2926285593055252
0.3687322701897659
0.3892592085188753
0.4096519768980487
0.199869167458324
0.3498805565149412
0.3923275106118282
0.3595564130036926
0.3736234542831702
-0.217659662646257
0.5581445510499741
0.1423002951294356
0.1485067470903373
-0.1665099717446471
-0.3871063296340389
-0.0577289661134399
0.2916912998031795
0.2201529106266181
0.3126095054580338
