0.2790708269814532
0.2461703960171476
0.3048667878759007
0.2705965311892186
0.0673135962696575
0.2629385913445636
0.3053265960233042
-0.5946742325269406
0.2982798156097083
0.3525410229849521
0.2698991138432279
-0.8855619738540698
0.1955466790415136
0.2317072767237269
0.3839736850619233
0.5604980431801925
0.3327816384526805
-0.8235563780958187
0.359566746508676
0.2843195873841733
0.2498748335368958
-0.1439343748050147
0.5094266740136723
0.4163780353514996
0.3801065183653203
0.393846876792508
0.3174666761452507
0.2167437079468833
0.53322528175515
-0.2349618184807692
0.225547784639768
0.4332886228210275
0.3109208241174495
0.4331060607622747
-0.3141509551595226
0.3307144350152006
-0.0052698156198512
0.3687322701897659
-0.2523032424719045
0.3332213175277977
0.0013892061231439
0.0118613293989578
0.337340839983156
0.3233713673042884
0.2113602300277864
0.7807489189035633
0.5195294882365639
0.191749669781743
0.5436338932242011
0.2998601582720182
0.4264644433830712
0.3114996218433862
-0.544257326236369
0.3084245582105317
-0.125177716474701
-1.4652133063060389
0.4713901714948463
0.2388101233942443
-0.1608707329245325
0.3029371152848392
-0.4947170306496525
-0.12867136808458
-0.1656682270532455
0.3666716162992223
0.0249229617667453
0.2678386224350287
-1.7272914385577762
0.1626125104236994
0.495443483277228
-1.754453673194358
0.3854823512493717
0.1272941687717136
0.3754696737060774
0.1431264279887086
-0.111939413810849
0.3486255875106894
0.3350646940000301
-3.699948363948477
0.1290826947131855
0.3544739475123999
0.2040492680963115
-0.1485711349781348
0.314489722733736
0.3287356834170663
0.3096301751580917
0.2173134881880478
0.4432680097197106
0.4662415428427077
0.0836134628172898
0.1551509221734212
0.2860126390499833
0.1712503351652272
0.2093870456790171
0.2025939441709986
-1.4014645890553576
0.1390722314112336
-0.1126967534313554
-0.1291733927692658
0.2192854333562116
0.2291067999712502
0.3297675014885857
0.4130194116672922
0.1085532328061335
0.3310600047936666
0.4826451470433027
0.4147884670493917
-0.8352470761251779
0.3048667878759007
0.3683475281940309
0.3321876088469039
0.6317467745975833
0.3109208241174495
0.3404867497475696
0.3104371202580042
0.4169847871483532
0.5329648501699681
-0.315645356983551
-0.1113006657891207
0.3109208241174495
0.5508084510538565
0.05052244353677
0.1433627874317199
0.4340533467980029
-1.0360597684622666
0.4734811590776338
0.3006437209877211
0.3509467218997394
-0.4536811008486556
0.3241856213967634
0.5169586891654379
0.2834191842068384
0.1890464460825494
0.3122897548142316
-0.3492842825859176
0.0521525617367014
0.2855750469001141
-0.6345505220023302
0.0283730776655792
-1.2033665639048003
0.5288461069107105
-0.3090006646430956
0.3565153596511687
-0.0167682747345921
-0.2003676868614148
0.114248493764737
0.2674247108380371
0.4776004263564016
0.1869713000992809
0.3230563143708376
0.4907195709652862
0.403974630869623
0.2944647994622152
0.4112138941903332
0.316350833542866
0.3736286429856361
0.297894650161322
0.3737228073742717
0.3057782197431403
0.3485045708158288
0.4600403496254028
-0.9290097475018514
0.2681407230139198
0.4335748000655963
-0.7201529459934574
-0.2220840192862645
0.1474430346692931
0.2977862085826319
0.4700699555416376
-0.2051449686357805
0.682869231158343
0.2880316261085501
0.0195541891403104
0.2823300176311665
-0.2021054787679285
0.1855531373020422
0.2695394681268705
0.4387219553303682
0.4438197389743483
