0.3287151628374181
0.167402593418274
0.0927014593223126
0.3944407588563899
0.4444764482679182
-0.0419921581233946
0.8023369462857642
0.336203006504681
-0.7919447773583062
-1.0010203998909493
0.3068937861767498
-0.031842440002007
0.2586368735524639
0.0207156408299923
0.383955022978753
0.2889311505129699
0.3179298291886724
-0.064543322180361
-0.0612763001158177
0.4811991467133138
-0.6199723124270461
0.3346907215095972
-0.6182989386423587
0.3386256636486148
-0.6102797256382173
-1.3136091910990415
0.3613109335392545
0.2902105179708559
0.4330220511271852
-0.5790552442938247
-0.0374553022317765
0.9289449057684256
-2.0572204982608358
0.0030100307575317
-2.856815268112684
-1.0715472610206989
0.0924083600014133
-0.8426487440508487
0.0017126155023763
-1.485877137505765
-0.4867488608278509
0.2839804982303358
-1.5434254838210717
0.2411591830927225
-0.2807375444897147
0.5746742545796985
0.2004209542731999
-0.0723712016532055
0.0945845164689819
0.4022119197167343
0.5429101772056584
0.2944865531996266
-1.5744970746953308
0.4257890908716957
0.0272539912411448
-2.042237365048428
-0.4192829330766014
0.3185772361742553
0.4118107627906204
-2.693335575862927
-1.152569274008549
0.3754557665761249
-0.6299623197366078
-0.158176896470514
-3.263378254229534
-0.3528437660087493
-4.924341165540938
0.3389847898913884
0.1799137884577335
0.2993860953324971
0.3883115151286996
-0.0836015118618381
0.0703100727733296
-0.3204586792595583
-2.423292316022278
-0.0023434958234409
0.4017931516262177
0.2170030909182982
0.309845270614708
-1.1562304638327965
0.3060788424526798
0.2607880173182746
-2.077225227200745
0.3393797946979865
0.2728558362362351
-1.9403960304051344
0.3602740482327598
0.2939785143621852
0.2554612402017397
-3.529931822330432
0.3474864402660158
0.4772549098102372
0.2621328563358609
-0.4379133985521998
0.6434646780607434
-0.1595801295758076
0.685988801265451
-1.6150169585040115
0.2891672443633986
0.3376526233247713
0.4363753692398123
-4.048536928265137
0.2959466410922736
0.1194125068665177
0.522744263030071
0.3376869391278421
-1.5319000703064738
0.2416898853649856
-1.5044304862921962
-1.658527420575527
-0.9563720531674056
0.7170826413012573
-0.1884505989675126
-0.3359487321402606
-1.9358275239354616
0.3794225465799601
-3.783832301528006
0.4579118412309104
-0.93172259177754
0.327867941375319
0.3677846445196344
-0.0027083078944689
0.4082833780476999
0.279315386889794
-0.4276968415659092
0.3599225338838711
-3.873572255049126
0.2926110985457957
0.3482922693648147
-0.0904273286772179
0.1746264791744466
0.7258471884251967
-1.1770744138353426
-0.2493172971878089
-0.2656888098238135
-0.5537764972044202
-0.3993343347696965
-3.0457468332109734
-1.932372189400852
-3.9886321504119615
0.2111535731277014
0.2327929632646224
0.2922888362991
-0.5437969145884243
0.3669380244631748
0.2472975431659858
0.4087582326856795
0.4003036811685383
0.4775633261402758
-3.805534476327978
-1.5987202517120414
0.2981636860729653
0.1410293878812646
0.2404731337485669
-9.040227344716005
0.1032395349285983
-1.2261318962350212
0.2880815080643323
0.084704879431371
-1.311773233498554
0.3296159148411848
0.4036809656261137
0.4935460470856355
0.1578300243315838
-0.1108112511009229
-1.9737340262582967
0.3558192429541602
-4.25179147426593
-1.4856112916033088
-0.487435988744373
-0.0981004986255117
-0.5119218230353486
0.1006519077401174
0.4388432072667847
0.3894890338342534
-0.5081174270863728
-0.9711794545074004
0.3434525890051068
