-6.138864242757212
0.2742515634047429
0.4126069716489541
-0.3287103364792849
0.4542056914490861
-0.6789901751674003
-1.3268783417201195
0.0396964694916349
0.3883127106928692
-0.6930034042598825
0.6210546891196483
0.328080593587613
-0.5289535293973597
0.0773665833704284
0.3310855532854495
0.7841542536037421
0.4204932289765997
-0.1834590153761735
-0.4799797017698949
-1.2649400663098416
-0.0471733607768869
-0.0576766613548395
-0.8981645079198611
-0.0171553532672313
-2.216765552053742
-2.4938045224828147
0.2793621924947076
0.3364845146590842
0.3241318659836434
-1.7914866619851206
-0.1735387091865296
0.0111381222257827
-1.8662117971168504
0.3782743547958021
-0.23507829317365
0.3915878519581375
-4.554682710291423
-0.7595421699420021
-0.1120952382829104
-0.2822921310247752
-3.524902974328361
0.1867514085597661
-3.9677652168532536
0.2985336754831613
0.3694684062801849
-0.1948522722340369
0.4267273399462445
-1.831362452006
0.2179318829789261
0.3508215541911277
0.4843096841106877
0.3837188310760897
-3.0838993488153865
-1.5138960351248758
0.320601325001502
-3.370004799074568
-0.15707912929669
0.3036797125955351
0.0438836732544085
-0.3564187788477492
-2.392453144776633
-3.026286931045732
0.3670996790809478
-2.4888424213199647
-2.19236644151202
0.3400958428650111
-2.344905614740349
0.4054312359027782
0.2654600417228553
0.26620600885712
-1.5989590213961764
-0.3024894443496047
0.3881540711685609
-0.0091490235059603
-0.1798992110305964
-0.6013141535017247
0.3554698251174504
0.2303968362542794
-0.6455056990141447
-0.3277634005874519
-1.488667990937565
0.4910530013957287
0.001543434885041
0.4278840061182218
0.0228062221131343
0.1192806193961035
-0.3440166321714066
0.2124151790441487
0.2873092252453137
-1.835392566132564
0.5534216372817068
0.1583564756517261
-1.8285550118772045
-0.3333826095969207
-0.2581994198611526
0.375979425416268
0.0342926411418839
-1.4050537517469808
-1.827729576922588
0.3563179598084809
-0.2162543217876448
-1.567628906805119
0.0622788415057329
0.669331915792529
0.4630410413493814
-0.0755790699899048
-1.5681199804305652
0.054518286190175
-1.992872458971388
-0.9709783491510184
0.5022146912545016
-0.6966329612021086
-1.1631203509926151
-1.0438812563365227
-3.464028118162247
0.4907240785858081
-3.123660616208606
0.5846317611933143
-3.3349791088727265
-0.3406529673812262
0.1154034560961831
0.1057727356245563
0.1951146296120568
-0.3889572603777475
0.1757112429022204
-0.5210300669319683
-2.338933254106452
0.5457373040167858
0.5461178991061403
0.2604029336109274
0.4452262738008611
0.2966989872370931
-0.093311192165541
0.045583104963179
0.3934120448578358
-0.2210006457814501
0.2650901228522355
-0.6488285125056392
0.0226747225323036
-0.335371339528525
-1.005177173216876
0.4039216981248925
0.1611070236290946
0.4650521958752501
0.4608124833635235
-0.0427357845350534
0.3923221664536611
-1.1863233368152373
-1.2900125028998222
-1.037094053298648
0.266803347802915
-0.0799716709954111
0.3215713774575779
0.400817905441545
-3.25224104140915
-1.022656134432231
-3.1808670221811903
0.3774968780388159
0.2159767069281007
0.350007839477668
-0.8641198413665455
0.3890718048484414
0.0604639220210888
-0.8520871044855963
0.2966457778867499
-0.2794853145617315
0.1632042405871628
0.3606803810301305
0.302317377433558
0.2642259468137844
-0.2166641919266159
-4.68910229592814
0.3436305407719087
0.7469853042898603
-0.4074886200585936
-0.9279508250803612
-1.7425557796782956
-0.0253443998849807
