-0.2783198093525445
-0.0040259466226284
0.0958786836424733
-0.9280943659976169
0.2477444573494577
0.0215710139370192
0.4722325026515432
-0.3952160835849151
0.4219125323762212
0.2646568960953465
0.4974654225959609
0.3707808121190328
0.3099475278135639
0.1110752439946656
-0.3324793784025622
0.6207758075350137
0.4185296368733127
8.022593637578106e-05
0.370181718493783
0.2564559885536417
0.1916889015697254
-2.153846000168612
0.182488796200136
0.274064855917551
0.2920310047308079
0.1948632555241244
0.3185089268471211
0.0591741182569566
0.3571515664186444
-0.8680125551057031
0.5112507312196563
0.3031498591238453
0.5960141756860053
0.1350074388801218
-1.0014942675273777
0.3998071018766762
0.2465423263064372
0.3809964942420143
-0.0024793155035826
0.0955126397273504
-0.7065300882903348
0.048582723018509
0.5031974852985385
0.4638099929277826
-0.4566269539761275
-0.008578315540605
0.2265161105283366
-0.5109618797458363
0.2687037504924285
-0.0001495638239077
0.3281834581392493
0.2381067444539412
0.013123495457406
0.3307483995836442
0.470865349350612
-0.4856982565175318
0.2412544386797928
0.2366826866024235
0.2621328563358609
0.054537619246333
0.6168347885397057
0.089910784183641
0.5627331294000761
0.3372413459866378
0.2029456655315789
0.2086096968925501
0.0382729345694888
0.1923201738063273
0.2287970108388413
-0.5513742750663062
0.3365490453154388
0.2615752447008652
0.3186847267191759
0.2218768905376461
0.3081830405386715
0.1571985368606631
0.3674896843274511
0.4075189452130809
0.4229627009566668
0.3099649005574936
0.3067469380985897
0.2921087001252411
0.0434119416928684
0.4355757293761089
0.2735972782734949
-0.0768683129436375
0.26552971170086
0.3955407302497877
0.2780864121334291
0.3879950180029354
-0.113211052442442
0.1517619111798707
0.3534148680687348
0.2434367087889618
0.2128476987450394
0.2627354412370195
0.0141064547838074
0.3404063872681934
-0.0754090288411553
-0.0773286999067926
0.1785736674961965
0.3154677987264609
0.2834799820871114
0.4924313847361501
0.3501932648646257
0.4824491233524767
-0.8214470304899928
0.45728873088605
-0.276469946662721
0.2759261774572811
0.164943888011782
0.279339393939279
0.3962059824713056
0.2321296304618648
0.440606689102168
0.3857421248480683
0.2564559885536417
0.5570547828904148
0.4011666542088087
0.0756619974970603
0.4365913181017691
-0.2327495075167804
0.464120880747688
0.3332446480660418
0.3288148840506093
0.4714382769294977
0.4033944983793741
0.2818161988743889
0.448986489345056
0.2630211565318299
0.0250950011578939
0.4890833474070025
0.3654845970585509
0.1486351869609958
0.4004301120085518
0.4699377696047779
-0.7610460228200503
0.5139791260270297
0.4829075341770133
0.4511611413946313
0.5825311363761445
0.5813200083668344
-1.4941574440588352
0.3697723804493152
0.1585646738372834
-0.0421166180071399
0.391434670264793
0.3291341255229787
0.0619298468080975
-0.1491711766273591
0.0239910423789909
0.3768020922404425
-0.0327792025237106
0.0614820741756927
-1.2333664334241257
0.7027763521961011
0.3250843566036098
0.1721221129085125
0.1783115988237227
0.2062611314054478
0.3260717370933654
0.5071839407221231
0.3943922022486324
0.2305227129626207
-0.0555333831089748
-0.1946325924565186
0.2748764624341618
-0.2428974121386145
0.3585906534876015
0.4882741964079367
-0.2147807672576898
0.0779342263460554
0.2661824511094997
0.4952725790175051
-0.6531256056070553
-0.2632049414155609
0.8064049691093905
0.2433026129796638
