0.285224718990837
0.2980053308908272
-0.0387865416186153
-6.253117730033675
-1.409055211568789
-0.5115457055503317
-0.6625732299769732
0.0920583831660026
-0.1986432036340519
-1.509629860880262
0.0020680807906409
0.3349780629445986
-1.5995407418869236
-1.1700095525585583
0.3739278751409077
0.3794183244016205
0.031477633193402
0.2536594671687678
-0.9223240509660324
0.2364345039896026
-0.3659297921153422
-0.5058667414398468
-0.4119558093258688
0.3620736657654595
0.4623306797091217
-3.0528938325370447
0.5841879200769315
0.3414223420514221
0.3623302778086967
-0.0125992358001525
-1.1835202350562215
0.1973942793589183
-1.9402926620498635
-0.4825003302435438
-0.2807301071484969
0.393846876792508
-1.3636988541609227
-0.3830514209304618
-1.3016410872377924
-0.3459194309657779
-3.802866535503036
0.3861300927852102
-0.4770290774548349
-0.3491027541611826
0.3888136089999454
-1.0127993261148107
0.3799745268043527
-3.3899372759107123
0.4190307770414002
0.4739459077657122
0.2133758767732451
0.2551493068488633
-6.808356523425456
-2.453348713885471
-1.8884431930737813
-2.5294853584695463
-0.1348822049153911
-0.9605658233428866
-2.5441588300705025
-0.8078940938971577
-1.460838182338558
-0.5715090461450787
0.2760739552246914
-5.141874132875436
0.3366049635012035
0.4719827427162665
-0.0160051433367022
0.2279931701839254
-0.0233547457276165
-0.0677311254878239
-0.5276208932023706
-2.5490442977029955
0.1095134021658472
-0.3553362409887352
0.2041403755507667
-0.2625299389871193
-3.0441526935048158
-1.0843572822432854
-0.3335641053493016
0.2286670353087893
0.3633116058215293
-1.5905140146977492
-1.9595115444713416
-1.4973388957789442
0.152874483763002
0.7646233791424232
0.285103467484066
-0.8075217465741208
-4.756755536978462
-0.9076451716556196
-0.5188026498263351
0.1487996699979402
-1.1653717650939226
0.377465553758149
0.4190405518314484
0.6602529666843048
-0.170142569300698
-1.255455898811131
-0.3899780800265131
-0.3216316055638715
-2.4112082840230875
0.0749542529559997
-0.1702410448765711
0.272589993533141
-2.8935844357797063
0.4529995438098269
-5.443338512340588
-0.4554641257966499
-2.480843604034247
0.3911859530287482
0.5130309182793535
0.2846966213961053
0.184074204441017
-2.2256140773551683
-3.534232703225417
0.2283817845030425
-1.9254549938620924
0.4622112835162899
-3.504580732804359
0.3317395826017949
0.2871595624900107
0.2167895833091351
0.3909133252830234
0.143365258804374
0.4544306829904236
-2.846870277695778
-2.081099991843637
0.3835231408383561
0.3496894947648454
-0.1950284808355694
-0.1347727380627403
0.4117989216922833
0.2927285455120577
-0.1913207273263817
0.0552119412972791
0.5899284349348899
-1.0619944247526565
-2.830444450718724
-1.074174697645859
-2.4956244078253245
0.0946694804220979
-2.028772326673822
0.4788669432370544
0.3875921767330728
0.2076427893507923
0.2888915752578843
-0.1228882191392187
-1.014944377184838
-2.722985186282601
0.5353647192396401
-3.118940469496774
0.1384339188133141
0.3525277531677149
0.2857605218502859
-1.378076439726984
-0.8265315857757748
-2.8439794584671
0.0113956967958512
0.1749114536247198
-0.6489174530971668
-0.0029889461912532
0.4003359933120329
-3.02519471372632
-1.9853465027148252
-0.4427009463426537
0.0619732552764901
0.0817463026636269
0.1167190221376017
0.1832925147196218
-0.1236998774604338
-2.9487042536140566
-2.7738330421611765
-0.5853760630171857
-0.2036050026938422
-0.1323711057936303
-0.395818918626222
-0.5100415807423206
0.2018927054734134
