-0.0603997120351686
0.4212445324679292
0.4365763698309695
-0.2222841716235647
0.0703162328729505
0.0496300559038285
0.1618466710649241
-0.3655126045694727
0.0811687278328666
0.306584742015859
0.5104201191337738
0.2524365932555275
0.3951667954219737
0.3397269073173468
0.4490618393776961
0.3217025249645101
0.2825403830372517
0.4774105543281417
0.3015259613234708
0.0748485031791902
0.246907509903246
0.4287687375950772
0.4287800051075376
0.2164462255106343
0.3157481652120057
0.4445784878669332
0.1927144214352964
0.3618300561194529
0.0964000337420515
0.5105699426619078
0.296056932393485
-0.0405988989439738
0.4578519732632151
0.277494140154359
0.2201194296708532
0.4236740986227993
0.1424781360329561
0.3921940420752474
-0.1529542220432696
0.2597123870060635
0.286494881679383
-0.985221875793307
0.3507297704816228
0.3022147109337594
0.4003003294392933
0.5109145840111158
0.708765412793058
-1.060762274234718
0.4068808719907147
0.1707308283866941
0.1808501411399827
0.0071089592700477
0.287787613786333
0.0267216120030386
0.3644743612059296
0.3755546142360428
0.2716808112371647
0.209668826058941
0.1985964334408813
0.1790003809241437
0.4921066243242497
0.3055740530827471
0.5810282053769092
0.0115620011502657
0.6108055234003105
0.3210530043406454
0.2769423771837309
-0.2109142143664124
0.3063989277501588
-1.2362609660273651
0.3555972770618361
0.2383448671161607
0.0911983823824125
0.3006437209877211
-0.5636467393117002
-0.0870591968150902
-0.9626496430466812
0.5753392735884173
0.2643195951076537
-2.617696523746765
0.2776036211342435
-0.1049726455815402
0.3468685013243743
0.3355032806156246
0.4309140689399492
0.2675052599334034
0.5777571759475483
0.3082016087143774
0.3185284860330737
0.3724902251000797
0.0137513504294063
-0.3288223419209061
0.3648791111286564
0.7715172311650961
0.4756876068938388
0.1304574451337261
0.2299346965184636
0.1230612503433717
-1.3952917835882488
-0.6983359003454125
0.3457221901383525
0.1915001495925109
0.1674051932655965
0.1285085695299274
0.2117309879910781
0.1139510794644475
0.3368033289831869
0.1702351127446991
0.2974487188008979
0.4784388878278579
0.2997612548711615
0.7109436780356493
0.294817831823764
0.28181523671492
0.4099455865598864
-0.0847067068109879
0.2949919457439348
0.4285240000101387
0.3114662672272705
0.2883806060025345
-0.0636791816055391
-0.1489440646800142
0.4539749033499264
0.2050493760507381
0.3523737579459354
0.3039341742910974
0.404418259260737
0.4336848800957085
0.5870047728610963
0.1584840995510421
0.5816541676743515
-2.8127040226505104
0.6517858733874209
-0.1030972777958894
0.2861779131411415
-1.0530990502093205
0.5479762446162105
0.3566718797386042
0.452438402371744
-0.5674848029562066
0.1174431604237346
0.3643191432739687
0.2864150835622223
0.0918203997369709
0.2782537161374022
-0.0521815486026376
0.0201284319798515
-0.786758023494068
0.3760513378701557
0.5704840360043478
0.1813280909605098
-0.125954546237592
0.3048856543139246
-0.0995140405814277
0.4107291099416986
0.3193299054965908
0.2870027241567597
0.0874525339975939
0.0893993915592308
0.3847916840505121
0.2844989219956983
0.304357070552532
0.4867193776955668
0.0578677429175351
-0.2856235729004541
0.4084786776322566
0.2518572011760571
0.0704664788923911
0.626776652070207
-0.0488092556030915
0.0219899743421523
0.0620411506729696
0.2328047583614511
0.5880304477980752
0.4417698243341285
0.3556727020454457
0.1478713261744247
0.2645838464660852
