0.3481720494434522
0.4547428427333229
0.1114500276115141
0.0064108720726299
0.240092117426586
0.2980159764529043
0.4325255328509803
0.1132806698628152
0.3640245803136953
0.6796030013460063
-0.2007695039786531
0.3063263711356298
0.3657044237891739
0.2381764921066422
0.3932572264271963
0.3524586741445802
0.3008581109240633
0.1798576961750835
0.2072368504119475
0.5829844338861225
0.2591910805189001
-0.1231451313659339
0.3583946024275735
0.5126524786579945
0.3648474127307137
0.3269940216965217
0.1277218464753217
0.2609381482494994
0.0990989859803852
0.1735958813243769
0.4066127546836602
0.430657461724804
0.4158107153937209
0.2039282841658041
-0.5615513020283206
0.3667086240124337
0.3891024278740187
0.4056964039234113
0.2909222357867583
0.3385822407630113
0.1543117641553914
0.1366403110108199
0.5197353281440502
0.1924918609502197
-0.2723933959945887
0.2771210508047435
0.2684173400499852
0.5390068098243678
-1.7214675083454558
0.1799457611196954
0.5517224953843722
0.3719644799318217
0.2217788289263748
0.3378080989811711
0.1058380901515608
0.3165661626288831
0.1673275536638897
0.0871657902556306
0.5436271325576422
0.2219490559260102
0.2487736753116138
0.0150955222900583
0.2139584830256333
0.3446426752396746
0.1851709984201285
0.3582632905125139
0.3530712762945804
-0.0521948191639148
0.4652803651776044
0.4219268960963136
-0.4828464916919071
0.203171730307281
0.4955821074628567
0.4414319316367495
0.365005137235135
-0.1963030399612923
0.3027672005213531
0.4423584339533226
0.1975364612761002
0.3025304437917107
-0.7046023319678948
0.2105476353523762
-0.4258046772490582
0.3162641246403113
0.7636988938925262
0.0624854486592771
0.1361370472277596
0.3643191432739687
-0.8843234664725056
0.3311485243463078
0.4728253928801999
0.3750263450884896
0.2329450623653892
0.3265927271861794
0.2921214399372476
0.1950323214020728
0.1024596718536881
0.1037699010266196
0.4063661229909751
0.1625141168219911
0.5449539552513726
-0.8701968059179307
0.0061238968269692
0.7388010114457261
0.3124362291069867
-0.3511683188785526
0.361520583511437
-0.1876400173831866
0.2293428816954562
-0.1047609909662871
0.2531084757738273
0.220180149964353
0.1392178054764824
0.148768307570417
0.4545964239487363
0.3653694542185199
0.4347719259620486
-0.0114046081976054
0.3200121500720345
-0.1705701041705281
0.1305075317732627
0.1313648385950445
0.3725317796101379
-0.0308797390692889
0.2838410541982069
0.121763696294871
0.5074773398728101
0.3221036050944926
-0.1309725883725248
0.3902406154192213
-0.3639900841896851
0.3955537759189527
-0.1523267679926639
-0.2801287758235163
0.3909133252830234
0.3040916899571939
-0.2132855660046061
0.4502852770660505
0.5815371593845158
0.2173995233109006
0.393971466315845
0.4015226322213592
0.524829337341116
0.1701525255094919
0.3372774378804118
0.0384905864722514
-0.2341972930045515
-0.8988709386916799
0.0663983066409412
0.7490742907780567
0.6828305159035589
0.172651327073517
0.5315244618211316
-0.3322575655928592
0.3076360396152994
0.1404363937627716
0.3721438398263803
0.4277516157488148
-0.7705227112229525
0.3732773327632996
0.3267822556143034
0.2769423771837309
0.133855412896795
0.3892391509463147
0.3388927621878778
-5.029261746116039
0.4200812335129448
0.2516645853592106
0.4428710218688608
0.1409106577247668
0.5423150708680404
-0.5178932627226746
0.2629108476421936
0.3451542137078784
-0.0422911741871606
0.2265161105283366
0.2714285634943589
0.5064139566318189
