-1.1009800539406176
0.2781687733434467
0.376660618214434
-0.1389900685927088
0.3594858487703179
-0.2056737298155893
0.5237028212189493
0.3667652672248078
0.403641213711202
0.2348158295568192
0.5100881117855127
0.4457965934014029
0.325440960390048
0.3650885245550791
0.2638775905514318
0.3339677220299295
0.3724265949724654
0.3445977974365425
0.2953135364221627
0.3697644534445716
-0.9490354789789602
0.3082196324768713
0.6622436913508265
0.2925455208631691
0.3904382438300319
0.1753729086833071
0.3977551877339464
0.3671525286745265
-1.845343581047856
0.3680170471727259
0.3356475169045228
-0.0617120678191023
0.4001412404842541
0.330773642158173
0.3349780629445986
0.1849254122875196
-0.1093046848991277
0.2671583903764203
-0.4255144599375371
0.4100716746080422
0.0974634496079859
0.3545495458427727
0.4001412404842541
0.2262531964653243
0.4756876068938388
-0.1422638958713404
0.258819918752735
-1.0891806071135828
0.3415188701019456
0.2636047452095341
-0.7195327357476792
0.3648709062445967
-0.2413045680225345
0.2823669996855481
0.2337248633785473
0.4333457796954205
0.0274415080141432
-0.1731981576650824
0.5739835806707924
0.1102130659353789
-0.1325230258352189
0.0354380150354582
-0.2556669616241989
-0.0172350365670701
-1.283222118084476
-0.4261970849069721
-0.3674591338907862
-1.1597680940098034
0.473899149461193
-0.0079190251915696
0.1022402829102494
0.3256577532267024
0.3221816206039067
0.3515963790854737
-0.2583931358420956
0.2898458684434363
0.5646668265618358
0.4803587207500701
0.3187122626758218
0.5044295620830873
0.2127477597999506
0.3798117048531939
0.3433729095010422
0.42592885395458
0.1966675868612838
0.5191132962220179
0.2414482130694125
0.3370101824251275
0.5299278636107064
0.3432703220920516
0.4527358548628988
-0.1744630839675632
0.1072093501432839
0.3403291139912975
0.4789370553088884
-0.1846461423728332
0.4347427229689045
-0.4313540937915507
0.1073736411501074
-2.23210937511973
0.2081412768743644
0.318603812623685
0.6523201860148533
0.4022363930638599
0.3304165463637258
0.4003003294392933
0.5060143314526009
0.274139184663354
-0.2835977263699383
0.3841010320200967
0.2788834165912137
0.3830691727319188
0.3602200397075342
0.2108154048001905
0.4050345750765671
0.2992157708131295
0.4608144216016405
0.2853651699687302
0.4298456822379659
0.3309663920481437
0.4073786151458466
0.0088963551761625
0.0803843366384815
0.3309675835355142
0.3986299805218503
0.3276211444552757
0.3481720494434522
0.2352980545881983
-0.0766492793930561
0.2756844152523136
-1.6579416139885843
0.3663986891212786
0.1728602605331889
-1.0243502914175175
0.0785725404084961
0.4551723981264885
0.3068937861767498
0.296056932393485
0.3407557924864331
0.0883554779769518
-0.8302371896846675
0.272752502384624
0.491204568747111
-0.3415011387649824
0.6948022533388719
-0.1218775533024623
0.0018212218238478
-1.2819930612137374
0.3626128684897877
-0.0019349575247523
0.3689605520054171
0.4978769620823783
0.2046251499331081
0.7163234651451805
0.3655414884630756
0.4315321312765319
-0.4663890671178836
-0.0499490823278263
0.2244956493485675
0.3293581234979184
0.0802921045260993
0.1346127428415313
0.2730216844393854
0.3583350557725899
-0.3219234278182383
0.6793128332089433
0.3422910657184886
0.1846686105298057
0.3344524086551398
0.3930958791360877
0.1088598402409565
-0.6394398378416933
-0.0234724308518648
-0.0827302702578422
0.2526959579739005
0.2643195951076537
-0.2780218026493484
0.2763946292167066
