0.4215306281159465
0.2433118999937358
0.3822807719064809
-1.8876605424212447
-0.2497770512114572
-3.2092441737995148
-1.9795230320298536
-0.0820416830920807
-0.6630871571209757
-1.9465908304734127
0.599249345296474
0.4197562172446704
-1.7903064123971084
-0.3640889264968565
0.3162099521693907
0.6317662138845415
-0.5404197196308624
0.3206838329829153
-0.2861447377931912
0.374430219342166
0.0674490502301364
-0.693055938040856
-1.68777486648165
0.394392853912604
0.2120727593923999
-2.952866017674407
-0.138550007115896
0.1518535111901108
-0.5403799921014253
0.143674179840525
-0.1717881084333966
0.1793600160330533
-0.9331596097674412
-0.0249761340066682
-0.7189508377279764
-0.14609934529483
-0.8652204724995319
-0.1473952903680401
-2.3848118636033493
0.0216322127393509
-0.913994968415196
-0.3920429466102744
-2.116466013614649
-0.8529049055184403
-0.639721655201588
0.07883185547631
-0.0930849299201252
-0.9625885684422856
-0.1410502000102343
-0.004660579454204
0.2227378604636459
0.3987991215761424
-2.732559595956222
0.1772912268745684
0.0940468217513238
-0.428947161087667
-0.3447315508396872
-1.002721422327281
0.1924050843800816
-1.1467279700191897
-1.5887363050698415
0.1989491803176517
0.1047676119239993
-0.3665403814392793
-0.1533838128437591
-0.2324360165139702
-1.9588175106719417
0.021879816205784
-0.4001674924050485
-1.6544744631153314
-0.8147321461375019
0.0137952967698869
-1.0123838757624308
-1.3674549214146607
0.2310562015974201
0.4275456944122921
0.3211796871341155
-1.2900147523465344
-0.5475514775461587
-1.01460031062609
-0.0638665035977547
0.6761344098912084
-4.016520671133799
0.2456997271468477
-1.0788432653255644
-0.7583568886218729
0.6156638545349745
0.2784425057778616
0.3070510950065867
-1.1504682074259536
0.5993308082500782
0.4774624158982772
-2.162944096015655
-1.3801772356606747
0.1127612932943034
0.4129595002889252
0.2164196847402971
-1.275165456241215
-1.651280497235993
-1.2905369230121544
0.4236995592147889
-3.697618402388804
0.3071272046136227
0.2764643634866645
0.2113318562008984
0.1650675928637822
-1.462163392930002
0.3392908697803475
0.4701779500354852
0.2215870249466454
-0.1493243542495195
0.6489200658190772
0.1149718099667164
-2.214306563026886
0.387222924246875
0.2965253272947275
-2.573664660240176
0.5132252948707038
-0.299263945930914
-3.32790644923686
0.1409106577247668
-1.421048160169715
-0.2420833848942214
-0.9546224089071867
-3.872650802819437
0.1894816491795432
0.5809505047402509
0.319595168186283
0.1292982762808587
0.2212430200191261
0.1686153406307691
0.1609722453884799
-0.3137628390841078
0.107788267214676
0.119041634009868
-1.4607458364031671
0.226634229112964
-0.4687098639713379
-3.1454387446393866
0.3465753853080544
-0.2149396198986292
0.3788537507944244
0.4487496939441358
0.1944504811446247
-1.052181364662287
0.2582902614814176
0.4675764765162059
-1.5907005637849576
-0.9783768762287798
0.1947860052560213
-1.3089644854203089
-1.015602630397488
0.0108404516886055
0.4159219178335303
-1.9561486034212272
-1.3442967057175303
-1.270757683588048
0.3108338775756394
0.2045062035996274
-1.7644465348039589
-0.1407202501924662
-0.3015734569697331
0.3750045659149348
-3.6807290833444775
-1.626293768390992
-0.685244065676519
0.5792531654959655
-2.2457953334855296
-0.6957444131434408
-0.7669309082071306
-2.691073595443977
-2.032721265732592
0.3212208078875456
0.2597605883156617
-0.205892031370735
-0.6610725985646494
-0.1032463696424512
0.0811595317924353
