0.4243327458119066
-0.1054879183581254
0.5032994347313234
0.4183327144208202
0.3795707886520825
0.3782158975658188
0.3496108772158171
0.5480832707128052
0.6213968630505309
0.4087806631755769
0.1778774912696989
0.6361732770566292
0.5348994229662299
0.6117776088497674
0.2402586186217513
0.4337422823734198
0.2669501156176344
0.3825432077813273
-0.0634055529390621
0.3826074178899701
0.4948014544477869
0.2381410828845338
0.3098497068043441
0.5123178150498343
-1.1997026456557949
0.2561085175322798
0.0493515173973702
0.4283014308593026
0.0445310190822568
0.5680025229576035
-0.4593786460428739
0.3070772384889282
0.1067760739119494
0.4460546606180932
0.5479494554542726
-0.3170150606581275
-1.217814967506079
0.5328160380713768
-0.8634532617884245
0.3964735365994354
-0.0346527644947235
0.2879868740230877
0.1862690778480356
0.317697502622369
0.1402739454350808
-0.6205317432751084
0.4190821962458559
0.064377029789948
0.5604607224309008
-0.0960607226405991
0.4675529764793971
0.3397370433599233
0.239701747937239
-0.32008161267863
0.1519519591133145
0.4585715221833546
-0.2230063902726291
0.523548043754043
0.4360304479196893
0.3279230909428846
0.3162723213501582
0.4367560889020409
0.4900613861536122
0.4551103940944774
0.385913632198124
0.264777080253943
0.0347395278642438
0.233792056813308
0.3210423038513665
0.391412574385156
0.4896664847854552
0.6328925612516394
0.8124849971981953
-2.3175369105320773
-0.2111240229034841
0.5940590796939407
0.4903541575660916
0.4405917202648342
0.4038499897628442
0.3580317485449611
0.6954062606116839
0.4561633571619625
0.3904241311285828
0.1228857817719372
0.4403237526529425
0.4387365122618136
0.3945562400853575
0.4602968091101915
0.3215071966179674
0.5508545348531496
0.5866197168081744
-0.1124899243580744
0.5226387488366319
-0.0438112115756991
0.5047826803430094
0.4181972320993462
0.4785855905883688
-0.6526838199903416
0.3998469403231782
-0.1801546468212264
0.3772756586985352
-0.3276397155110975
-0.2380741149038751
0.5516472863695813
0.0845679927249253
0.473139043578101
-0.6435673332813306
0.1257335417982892
0.4439982776615493
0.4977518068987289
0.6311160336093505
0.3461049884812793
0.3660334448794808
0.3774064494900699
0.2957438892767886
0.481463541611721
0.6586593627556832
0.1358157562690761
-1.066168257811015
0.1279861189999986
0.509076678028372
-0.2521531085953101
0.5725288823125315
-0.5709776061434721
0.4402747972305539
0.2684815652021122
0.7240644106146265
0.385496115081463
0.2111255371559627
0.409093116849213
-0.052159918159627
0.5548036018740414
0.1495205884204077
0.3496451293545337
0.5738405448083058
-0.2961148671666216
0.2956699124971204
0.4195272738224069
0.0215843757022538
0.5837807726312056
-0.4213132389155292
0.3067369388061254
0.5685982549723152
0.3481423940690191
0.5395591194120429
0.7271163185051859
0.386133005641115
0.202381575032904
0.2551795447831956
0.5742785059478556
0.3234947137492094
0.4745659478735498
0.6031143119271823
0.4765121355736858
0.6405566033590078
0.3354453533152277
-0.8222701308325288
0.129792909091386
0.4895111121499367
0.4569816189384814
0.2441621643956359
0.4829936445238436
0.5107452184423678
0.401536041462782
-0.0312134378135211
0.4682197952692808
0.3788147181945871
0.4251759060096554
0.4290514361615391
0.2725986520731303
0.4630931574428737
-0.4297696873757788
0.1970593331570007
0.3960157988951254
-0.4290982522413096
0.5397157942521261
0.4046366671895613
0.3403529700410092
