-0.5726109392201484
0.1460270264833621
0.327025570282825
0.3566262422548437
-0.1919950063791995
-0.1578645086714506
-0.4904510574641793
0.4586681219666644
0.5926940361971208
-0.5701465036042906
0.2746151278538185
0.3316655728671226
0.3307126615962645
0.4829245004807952
0.3118312053936307
0.3725093241709689
0.4360901389942717
-0.1972117846429414
0.4546611018327159
0.902593192784747
0.0342990649864702
-0.2582639800728382
0.2302894312486123
0.5438517642248829
0.1974783676139525
0.4111173148674272
0.5601702518243981
0.3889053865563585
0.0937214592863328
0.3865973744525027
0.5062407404052643
0.5252646306964651
-0.516881316203967
0.5198023016923999
0.4797211316983711
0.2944059562572934
0.0480681001653507
-0.4004340403106936
-0.4259880847832925
0.3853432261458452
-0.4410536615120993
0.3119991495720973
0.1939830079938434
0.3772756586985352
0.4085535797292314
0.2518984607415524
0.2744609190489352
0.4888992623910043
0.2232205698124349
0.516856025385329
0.2115385342417054
0.4236323955597034
-1.195484035032677
-0.2225668936199748
0.5474519407076968
0.5131639644741993
0.2921617908782408
0.4199090879037025
0.386133005641115
0.6047963620358604
0.4417794125799836
0.1240980332142721
0.1775109701207246
-0.0253349501560891
-0.3981732924124535
-0.197572641617534
0.0564001313426607
0.3624899286559485
-0.2863768806673849
0.5638210757662909
0.3120274528086373
-0.05605724206314
0.5408308011570485
0.3084958392584696
-0.4091121473876211
0.2956183222961867
0.5181622394749453
0.6910499554566237
0.3039509072772114
0.5420733770820425
0.2808863075934911
0.5020688908210357
0.6527272176044345
0.4128496037116525
-0.1662373300342016
-0.5099178936655562
0.4560569953134938
0.3555947744480446
0.5212379128460708
0.6048589782211355
0.3861353156867962
0.4523294142416931
0.3050544045212897
0.4393302657441825
-1.1687324108139392
0.148960349278828
0.5372438235652913
0.630093183648536
0.5982668103312907
0.2439442957291837
0.2682915995297357
0.6134559745121085
0.1898640220932727
0.728761731636412
0.4849827930472205
0.3121214514917376
0.0243483285506274
0.2098036033711755
0.1281532936742365
0.4752876381502161
0.7423004686314526
-0.1946819996621875
0.3045280228518901
0.2391619076726671
-0.370056256571883
0.5102867480561355
0.3698163283311304
-1.0297839861432576
-1.884692311134352
-0.6334928054084181
-0.2074965431755374
0.042308604065401
-0.0078238863145437
0.5355911426853612
0.3962807469786963
0.5135188234667907
0.5857391000480002
0.4061592146376524
0.6401437764520331
0.5983472080774217
0.4966626667543777
-0.4430525770354717
-0.0904720902055557
0.3760017917670235
0.2781792345368171
0.1854908265478608
0.5207014252539098
-0.5924187684044537
0.5192308014527741
0.268711307379476
0.4507267988468626
0.5510734215143768
0.8041133687278281
0.4475594968480676
0.2852712575948274
0.0292804691369992
0.0110873456356722
-0.5867017222679279
0.4561654374435488
-0.0139642527817381
0.2096901410854486
0.602938396292727
-0.4159133222125641
0.5906354576059675
0.3743780559660577
-0.4433291659451017
0.1984650719286742
0.3621004668337124
0.3022986018953089
0.384328769143299
-0.2682851929962851
0.4013295766726473
0.6296771235828231
0.2414601509645403
0.3337376922730482
0.3534120515550671
0.0935856756893051
0.3612585359396796
-0.1773367677282231
0.2019197001684652
-0.2483241601161047
0.3164637790625699
0.517344110643209
0.0005225186921475
-0.5354168337205337
-0.5001456599302228
-0.7834405864149053
0