0.2834679639559108
0.1565888592751934
0.4326478870011673
-0.281848040685233
0.5275889349696123
0.1750064436258872
0.0068225359946787
0.3779367173947167
0.575377271516405
0.4627973345770799
-0.1804469822866353
0.7445919981900698
-1.4726797075741584
0.1652967913263006
0.1405810207995932
0.7634507968807895
0.4926994652749369
0.1871767415055489
0.3352956468079935
0.2016494656540817
-1.090412857978345
0.3649424775818448
0.1168835466440632
-2.733062232020839
0.3975144408653678
0.2061451597781609
-0.0466510018979596
0.4420723443071288
0.0571334649280633
0.3872263277212905
0.5637958811287118
0.4435298965915095
0.2176405624572796
0.0911878545760434
-0.0116532497674921
-0.3305961901416285
0.4341673181041486
0.0962565239727782
-0.5218376271498139
0.3135876969112081
-0.8666378568160479
0.7930930934339506
0.4943045699452461
0.4703941931657059
0.1537265968814443
0.2944939611520968
0.3339424332404494
0.2519094373739011
0.4354840605139747
-4.877977954030923
0.3517591100790696
0.0536651679708115
-0.5079446562499922
0.3394069080121923
0.3475429883411156
0.4034602796494159
0.0287004160684876
0.4708950253443449
0.4932372541269669
0.4534041130436873
-0.4994818187895061
0.0846706557677547
0.3482213068479727
-0.6654694267504268
0.1229293315388712
0.2453883541023973
-0.6936918132253752
0.2812910728361061
0.4086601796444942
-1.2616170337276966
-0.5851896796495669
0.2075781152417606
0.4994261240401487
0.01917624559489
-0.1228889444668607
0.5958334751704615
0.4888863937297198
0.5223417618280981
0.7446127099591973
0.2223240754961465
0.3583380751803706
0.3924898897238988
-0.4441591215251843
0.5616556029857422
0.4815418369208399
0.3826894219284983
0.4494182875438376
-0.0245554791446569
0.176701716582927
-0.2125309531909323
0.6717814689007033
0.8237219372619757
0.354100875474768
0.40443383364314
-0.5280479826601959
0.4404046637214952
-0.8480003667524575
-0.0191497992472011
0.3648757090420738
0.3979063159223294
0.4278700282327106
0.4096688125422436
0.4298159722678429
0.5293373686731447
0.5831065224077225
0.5053390157236718
0.0562695139493616
0.2580220968341133
-0.1305724001686944
0.3515554546972483
0.5418792203737527
-0.3785681501897665
-0.01680004928262
0.3973302725385698
0.1935663192475723
0.4770032216043693
-0.6650023779850607
-0.8653201067327192
0.4793264923228735
0.2414721802398932
-0.3681394534092355
-0.0813797176098419
0.8124849971981953
0.5308562477284354
0.7469436247941533
0.3660331572438395
0.3922668931918784
0.063339033074594
0.8357483524664892
0.6028213676837906
-0.9425842758552808
0.3097758545038342
0.3627184715627654
0.2562918976180312
0.6815704782019555
0.3881635306735138
-0.4132288885649028
0.4372258219531862
0.2738588586182288
0.4640139643790171
-0.9684392861449992
0.1818175442193976
0.2486489634853276
0.2992300886746195
0.1224866648501492
0.7786676908746206
-0.1890173833393398
1.3794247337317789
-0.1444749666017168
0.6519399221904081
0.1851081503697479
0.0549795054913362
-0.7586450370570139
-0.1160992634447836
0.3684935024339633
-0.293538836727808
0.0947635570976322
0.4627973345770799
-0.6213790187274046
-0.02275525154479
0.9394270782074504
0.5142063310802872
-0.0232463817918843
0.1750064436258872
-0.3382439025588806
0.569274180169282
-0.0651979970045236
0.328117141878497
0.1710051778969561
0.1750064436258872
0.1467772887865439
0.1499447230570192
-0.9057815628686656
-0.0953088968881983
0.3686915504871411
0.4788123506688516
0.3719301541576054
0.3972397378190025
