0.3381573526283083
0.2799435631558037
0.593138471529353
-0.4681473297254233
0.0791214771660716
0.6169040720733595
0.5148632593878465
-1.2141781437326056
-1.107538340186563
-0.2626246578630918
0.544622532841157
0.2080603270912609
0.1938149726357012
0.0302322489513396
0.2402047660245969
0.3598161998002432
0.4655112123221059
0.6435896337459491
-1.1902933587454545
0.7474576153963506
0.2962988375699713
0.0556177046184114
-0.4669405996300522
0.4264907668262989
0.771985329361334
0.4602246850505305
0.4030657516226956
0.3265820494589426
0.2511085613105719
0.3741083566997402
0.3616378362028731
0.1627325436325925
0.4704617685084462
0.2244980727709653
0.4622475528536186
0.5318662688577486
-0.1294048172984281
0.2155118796182108
0.5181727995026967
0.4654642316384063
0.2437745625231332
0.37405465695805
0.4187162505566785
0.4516185401523589
0.4667652822622607
-0.9679199596402508
0.6080954898477059
-0.2961522949180728
0.4022101614556249
0.4911562160051528
0.6991462486274796
0.4757831995212769
0.1405405332126311
0.2950409670392296
0.2793634705931763
0.4506303859964136
0.4785185296400542
0.4337982608749165
0.4549363973137016
0.4300557717736366
-0.03102240979079
-0.1166265408482338
0.1185673574285157
-1.0398021284551786
0.0601225576092013
0.347126466176358
0.3351214116161878
0.6206061602059719
0.2522359947796804
0.5317764406493819
0.5378067624783069
0.4606627249548916
0.2653592715347312
0.3255777041917344
-0.3324331184365505
0.3723032902840287
-0.5370741141413085
0.3555389990756595
-1.180690357536724
0.2415944861687513
0.546066476300362
0.1785730429063392
0.5911572023830424
0.3219460957330989
0.3209323379884188
0.4083261054296154
0.6648356101316195
0.4488624282352684
-0.7299930492379374
0.6141016476513412
0.4142281479922153
0.34669452741641
-0.2228169772808247
0.461805570752399
0.267193793962826
0.6198001322490377
-0.1791775179299466
-0.0003641218794203
0.1186537318745885
0.3893719763915087
0.4520982815077014
0.185788417599604
0.3244566936569574
0.4395545289418115
0.5137768487494082
0.5710556125951665
0.352398624410897
0.4994294226831219
0.371540821083776
0.0822656345958206
0.3657761003585864
0.180718177598652
0.4842783621916158
0.518662374091849
0.3102087019291956
0.4286412494253242
0.6066127199423111
0.0938470399937833
0.5638005361473252
-1.3508463104415875
0.3922460846437897
0.4572745182821017
0.5118581154669016
0.5024766206174034
0.4255409608566433
0.1669803292527519
0.5572123450628214
0.6001413102253348
0.5763389891721916
1.1261734206124192
0.2061451597781609
0.3436467974732726
0.1162037374481967
0.4821398310562592
0.4611265009570531
0.5252183609593407
0.2323390541379883
0.4573660842996284
-1.286242238614137
0.2594435481834136
-0.1748591975548873
0.3171856371600898
-0.0146238048819512
0.2710930253220475
0.4223828565127101
0.3497986567916071
0.1572590843197696
0.3725315396146939
-0.1337083426116873
-0.0523624408185879
0.5866989881901961
0.4451501995414688
0.5023928314946615
0.1428762260014221
0.5226856904294981
-0.8081031077274836
-0.9924702988484778
0.4375839009495352
0.0415103991763733
0.2640456277556299
0.6686507446930331
0.1230434469941806
0.5023124549418666
0.3343878799071763
0.3710282829274337
-2.209501391304833
0.367719390966315
0.4282336645029221
0.4696366869154746
0.4761822398118138
0.1272152226040052
-0.7903107640735645
-0.1771195323840244
0.110731903663969
0.6762430853953333
0.4989609992805785
0.5129023623522622
0.3854222772896141
