-0.3326419445980919
0.4525777907429498
0.4114301097397388
-0.8447065285524307
0.6454218739887995
0.4902761723743836
0.5503893813012527
0.4206474367208715
-0.185160016042131
0.191424818322963
0.5393372645322191
0.4095121674164588
0.2783887595905089
-1.5129494046990937
0.4372925695449652
0.4813250249858229
0.2298270840385106
0.0157119291017435
-0.6203742409829482
0.4343330151741242
0.1300032857787316
-0.4203662676529231
-1.5546360382039184
0.368672636969882
0.4332490962974691
0.3826548420464464
0.4572745182821017
0.4766982263317075
0.5844910741631131
0.7064979402765021
0.3359479433039676
0.1628318455076027
-0.3791854275458531
0.6654663554199186
-0.0315271437378127
0.4266336250787181
0.2554791550518585
0.4709111874473846
-1.208048229077012
-0.0521756856647622
-0.3707133542058808
0.4162622863765968
0.1841969918033827
0.4287224191135469
0.1189537511993961
0.6587934850579009
-0.0881079172605998
0.3173005913553457
0.5160576041104052
0.4746614271520624
0.093162916940728
0.4369593311576431
-2.0896152291643806
0.5322554145815132
-0.5886141254604021
-0.1363022542448332
0.2860420773974829
0.6905381466254973
0.3769274916076033
-0.1902403528837052
0.4752855158359508
-0.3803015236288676
-0.2903407568480494
0.3571847403005202
0.3371449011981436
0.848735704279009
-0.354936801638571
-0.1186783031362986
-0.2382986166349381
-0.0132792333116057
0.444772077075494
0.0662230293460005
0.5953120253149763
0.3015771597660814
0.0802693381662786
0.1159167218217408
-0.4078632886093047
0.2658939726208698
0.265906534411538
0.1891274707336077
0.4047359696224695
-0.7282449412683641
0.381436015033868
0.5005103025697609
-0.1639167604713738
-0.2705356545581382
0.4755294879370255
0.2687937211551269
0.4313561638945583
0.1216633673729216
0.460168805128988
-0.0010946947784978
0.2768688773881663
-0.1202756278120373
-0.0038154625508491
-1.5355568915584776
0.6294276725970471
0.1459506149796217
0.6200798401843381
-0.6481522129896032
-0.0371996351151041
0.2874658908619789
0.1935963415113034
0.428714738449184
0.4732016862350792
0.4308831320363546
0.2562124278175207
0.3441854871081964
-0.0108686503104201
0.6438757550982953
0.3972887773188538
0.7269859042538602
-0.3269525118597066
0.4663542504045705
0.476368325887976
0.4688465446316934
0.2912569659203413
0.3506219239980715
0.3835166775489432
0.1115230665629487
-0.0281397629243597
-0.0635260772087732
0.5150121798595447
0.1789856538354917
0.4251977930128484
0.4343355930864461
0.5993722707815486
0.2533557267581563
0.2815131813748175
0.7475081623930592
0.2458488614146197
0.5356314967813204
0.3945081082431815
0.6753855657700569
0.621260661280208
0.0978350351579239
0.6243490177645149
0.5290506643618843
0.4563338831181916
-1.161751077026396
0.8454648196525398
0.4111173148674272
0.5658509671980757
0.3306454678771395
0.3938217547747478
-0.8244295948683158
0.3106729033391837
0.3819833215187908
0.0213741730874685
0.3586153325088174
-0.4948312416048913
0.5951058262146879
0.159356712879295
0.65242577594417
0.4886310750703256
0.3147122821125518
-0.811717121145695
0.382152292485874
0.2519757786291568
-0.4074157280275264
0.0220437494461019
0.6340742155361337
0.227080182876196
0.6265122920823365
-0.2154256508727098
-2.0602907541190105
0.6497694844538877
-0.184125151022356
0.3844711580388165
0.1704532133878923
0.4038750275029757
-1.3202159816324366
0.0969222479892544
0.6106223029998624
-0.1136282542752121
0.5011624805894409
0.2932941861546783
0.6958760360974465
