0.3075655225792539
0.3914889825271543
0.6639478615903792
-0.7371185253164747
0.3298488171842322
-0.7495523668793123
-0.4864676219851658
0.3921650788672575
-0.080991165521969
0.2484526864502497
-0.2783492936417935
-0.5068955217564263
0.3161031100638602
0.2410976117173152
0.4934463606141244
0.760970697640814
0.0305470946872594
-0.1380281525239688
0.5662264956457912
0.350920026405792
0.6360828646017646
-0.0651475270924204
-0.0313352682128862
-0.0718232923745836
0.4147300984318415
0.3255681649639229
0.5260175621087969
0.6384445281716667
0.2479844066674005
0.7843570774656581
0.0680670862588228
0.1050902739386218
0.5257782678721236
0.5275984579580814
-0.7074272141805509
-0.4667368671196181
-1.908478731960816
-0.1687852261179052
-0.302352506924473
-0.3465183128560578
-1.4429022982062387
-0.0296799250343404
-0.0189966926943201
0.1444347767468602
0.4628336554491625
0.2016620487108776
0.6339048715792618
-1.0547476472408492
0.6267645540555122
-0.1743231243083666
0.532152154819316
0.6124261812297677
-2.47988705092626
-0.6977436500428764
-0.2113312712313747
0.1783870313026785
-0.6630098159394371
0.1324483429239409
0.6573117023011643
-0.0175685730042069
0.2298772718047226
0.3120473647325348
0.0897844197400591
-0.150726684902846
0.0939999243216079
-0.4889382273347737
0.5142305810712898
-0.983380632541344
-0.7629942483558393
0.2182781723938646
0.2959481033154665
0.0197856906470664
0.1739546028821241
0.5044732100788178
-0.2088809084980509
-0.1370199781116852
0.655178699754511
0.376996837058648
0.5717591816747799
-0.7390134681076314
0.3189616160237895
-0.9060065273868232
0.0753107063612769
0.3539563864047096
0.0712532297988706
0.421881496061075
0.2947270792686047
-1.4428646138872654
0.1689269904357157
0.2543358085871499
0.0129180815421112
0.2132458619452539
0.2781287307848299
0.5596613442970998
0.291268993321753
0.6361732770566292
0.3024608502260127
0.153628705642601
0.490588784204307
0.1636726758084952
0.3397675769996842
0.5030071362393684
-0.1071516213802568
0.5346670295903252
0.5410394542563693
-0.3100776253175258
-0.2678463175445514
0.4963974757084533
0.2274742837424819
0.3541153311417873
0.4338928038746734
0.6067154104867928
0.4012731719876108
0.6291061669724081
0.5416257875311951
-0.0981926838323989
0.529903811926356
0.1436900062078335
0.4815066135206489
0.2873366894905028
0.3814759317016037
-0.295316390979685
0.5971106446997809
0.8259823590978607
0.440687768274944
0.6429742703197715
0.3948617400181426
0.4763177936970435
0.13612195914106
0.3584518161325812
0.5549063996513351
-0.924221750120523
0.2427816482177101
-0.0441679576513861
0.2176750953062343
-0.7763903243452518
0.2430419326477689
0.2928090152704132
0.228116103803766
0.385913632198124
-0.6069373123917925
-0.4628533471361538
-0.0530546958716372
0.3923838579505719
0.4169561603515501
0.4643135366958623
0.5439582019915368
0.5249765071445728
0.1640178125697506
-1.5975808732429808
0.0259942167618281
-0.2005214879398928
0.1767529544356926
0.3098220892251073
0.3913856777760294
0.4108986985521472
0.4626771085129354
0.3925048886999755
-0.5341460477373584
0.5492369240461669
0.4930108951342431
0.2901045530481907
0.1111983691434816
0.4887064238710379
0.2014320010741366
-1.51994086270812
0.4029527916487492
-1.3405627206298405
-0.2713983550467038
0.3563849961535908
0.4453637737833859
-1.5930836734531089
0.1343792276703059
-0.665489514639167
-0.5036861278512124
0.5023668454281518
-0.2904379195942729
-0.4689207754335006
