0.7948975964121603
-2.1887017637271264
-0.7903124454351436
0.0341534372920703
0.4203904805453762
0.4543740644384238
0.1521526107529522
0.5500425273970166
-0.8746521647228178
0.3192327574048801
0.5784219987252638
0.6259176296155825
0.532045392240671
-0.0293889421934097
0.7914504731051104
0.376794890051094
-0.0601632758354021
-0.1020806745398016
-0.0865407264170421
0.5869831160626654
0.4711880437540146
0.3650759580680776
-0.4023968760913496
0.6165207990473273
0.4971392842219231
0.4035015769012869
-0.1014454007952236
0.4264683799925777
0.4126192566981366
0.654625068740337
0.3212461289567279
0.3379286205602143
0.4097708523095729
0.5538372282315562
0.3566721082497968
-0.2138564545199138
0.3741060507033154
0.3356211266352345
0.4342516993162535
-0.6318178051098807
0.1047530492087231
-0.1859264607051084
0.1275358990784391
0.3388147579201837
0.1969653147333024
0.3992306818731346
0.2128742807302878
0.096877963463032
0.4385746906865678
-0.662594986721507
0.6499832840390887
0.3020505304341608
0.3340788905465725
-1.1712081544200568
0.2665890196942421
0.2630554831486752
-1.504828010331428
0.2936898498660445
0.5255882672129569
0.3111363106058585
0.0433647842351889
0.3831696003218383
0.1202679696489281
0.397224714501627
0.4158746858675416
0.105501506891668
0.5148132130771175
0.3979063159223294
-1.0811739859759286
0.6124043152677976
0.2922538401502056
0.1295686973155464
-0.9757784444079478
0.3021286878374826
0.3867722019383264
-0.919300884633914
-0.018298352178234
0.4099175071521577
0.2468632052980937
0.4174704994619779
0.0868863603177328
-0.6462359015459413
0.4125747211635726
0.2526963812051718
0.8567226297626531
0.1727193303046103
0.692365133413116
0.4267770341448541
0.4169345420807173
0.4603473868997305
0.3573892430921432
0.272026284064496
-0.4070346594789511
-0.0109821509090507
-0.7894415058182037
0.2753184442007311
0.1676755767308608
0.3612364508261505
0.5990737402349005
0.5209760736112428
0.7784431288812107
0.2116669419159215
0.2603934229985673
0.3548962414463512
0.6098901633681332
0.2806903029581032
-0.9447428461296536
-0.2334550230468432
0.4262979231243127
0.4194209257984969
0.4154352535813924
0.3593038525529688
0.4605292271643619
0.5360565628247039
0.358992459213628
0.8622600482669198
0.3745887639192832
-0.1804500488206594
0.2604952112520917
0.2142861955837111
0.0961012441551723
0.2653695906963081
0.5302828968242624
-0.1101605829661444
-0.9771259818945264
-0.0515039528228718
0.669357082665572
0.4106877592081104
0.5100363707178497
-0.0436743956548015
0.6074103328049222
0.3034962255285476
-1.0392727175340788
0.1336913966746655
0.0931720803855356
-1.2756751320039148
0.6007302541439492
0.1436688412187219
0.4811743947984991
0.5337417259718323
0.5067552069488138
0.489866720137922
0.1440267104928705
-0.0761677544554943
0.2488539459545029
0.345653131133422
-0.1129708349188564
0.4918862823645419
0.0388208089733301
0.1084485237139072
0.4600162096456811
0.2097637843029096
0.2433121658516885
0.2980964662103242
0.774032161504245
0.5372218780794958
0.2840696267610096
0.4851718586882645
0.1802633905368212
0.3320905364708768
0.3081196379261506
0.1140021354691403
0.3995254830522326
0.2512183218191141
-0.0943336678071501
0.5744939161247354
0.5015506651864268
-0.0331154117321811
-0.2627491460585376
0.8449656097985331
-0.3825674029397913
-0.1540550225250965
-0.3325573875995469
-0.8772693132045659
0.3582724732030227
0.246087857072161
0.4335750140873926
0.5234596326363546
