0.3073264508185412
0.384109130935474
0.4963311321106399
-0.5871759178038195
0.2307251466990627
0.3193120510358216
0.428985617895482
-0.1048192236346099
0.5935470631699717
0.326259112570524
0.1243031122978357
0.4492923747653807
0.2845982473580722
0.0943998638381812
0.4299243594176926
0.7286925625241287
0.3738836586452154
0.6758339729794796
0.464768183027186
0.4478093571995535
0.2275547477179474
-0.0697452464258546
0.1922016393111824
0.5490064626537858
0.5849787432081724
-0.8449189466974483
0.4747399481802932
0.5383111952277665
0.5495874979304296
0.2703697563032518
0.3102217521040002
0.550218105739383
0.3219460957330989
0.6551693386776415
-0.5703689294883451
0.5250553502937098
-0.1039539450342986
0.3081196379261506
-0.3519665664394061
0.0208965445884604
-0.5060799902772234
0.4741349340859188
0.2168214928494775
0.5359820149460606
0.2640456277556299
0.6151107058327455
0.599007275455262
-0.102688750980493
0.6389686252180272
0.0534762081778551
0.5386676894778745
0.4460672482823756
-1.3241266315054452
-0.4915997363759719
0.5880877610221759
0.6153324104249464
0.0305935559583483
0.1297215379575909
-0.0186047885865678
0.346443575217022
-0.0905353572725992
0.488790851149385
0.0858515541572136
0.3969067158651522
0.288652592778521
0.1335580883569493
-1.2402737916244426
0.3217405333303056
0.3825300122045363
0.1001845790236267
0.3397357320906582
0.079645233562118
0.4221836814774674
0.4303753026005429
-0.1055237745733673
0.5558406502715492
0.4307487218474171
-1.9417693544652783
-0.0606922411446815
0.4491582514488921
0.6703763906724115
-0.436876429744321
0.4396914642438187
0.5224747440704339
0.2890032026884421
0.4630798728279083
0.6151260970273934
0.5916685991522153
0.1190577630892724
0.0701358871374347
-0.2295844102490789
0.4061579934051964
0.3256563467395891
0.2908821223946098
-1.0536432649041263
0.655741070719802
-0.194094650751051
-0.2170323148780594
-0.0247952448980059
-0.7620023004958734
0.4691356687105063
0.5247797814540529
0.4972598474076415
0.512628465828069
0.9550716220192864
0.7395197845701578
0.111143279927477
0.4963311321106399
0.5714570835227982
0.2047547752704386
0.7152670119013443
0.3219460957330989
0.3317662727380481
0.4330661860333166
0.5279083337457502
0.4371035759768873
0.2458748474895047
0.1239621278127265
0.3219460957330989
0.2601482154031008
0.414329401628265
-0.1254683086045876
0.6781837961305729
0.4493190081583821
0.6619116416238192
0.3313905928682428
0.556892255711979
-0.1923746564597121
0.2290762275614481
0.8365398379659784
0.4274622125684485
0.2423368285643905
0.4802994671872171
0.4900495932716373
0.2894941801293768
0.384328769143299
0.3868393630689648
0.2940955311331886
-2.451879980528363
-0.2609646645105383
-0.1487281660235346
-0.903564219324208
-0.3295118077478813
-0.6886159226302508
0.3847551718036615
0.3451359789983652
0.5110670960195848
0.2239846430591233
-0.0641137219773631
0.8035340111567696
0.3221793645052624
0.5481374962595141
0.4907230312020048
-1.0900042466612692
0.510822606483645
0.4186548841142749
0.763362568559256
0.5145479784778343
-0.353756046312714
0.4585191421627379
-0.1882707721821991
0.3582231723666781
0.6107894754496425
-0.8867942284691216
-0.9013944085250212
0.3285983336326794
0.4573439744258188
0.5514033546944764
0.5351100138659144
-0.3418941906466899
0.3776518092095404
-0.459522757450801
0.4387820963501453
0.5741159807770136
-0.1223227605216805
0.4133697946568447
0.4723057077015571
0.4814247386952084
