0.5292416164613759
0.3318316563700668
0.2421095999143685
0.4741209430913957
0.531488022872248
-0.0751227015595876
0.7539456493972876
0.2106488664264973
-1.17645143257396
-1.609130026864527
0.061314977013207
0.0453864411342883
0.344132741369544
-0.0236877342985965
0.3869655392855454
0.4213413952706905
-0.0402125835852636
0.1167967460235758
0.0755237030322516
0.4289951378007469
0.0764260560990789
0.0800930510459377
-0.9223252654693804
0.2070704588247818
-1.0254711238045269
-1.2758322229918282
0.2040974402649405
0.2760524089260215
0.167759653593618
-1.271231764276862
0.3704606982887908
-0.3776247319260761
-1.0349076334454836
0.3032147636211531
-2.988568395829607
-0.7145862071776666
0.3494226467841165
-0.5465502989923549
-2.138110073575134
-0.3237603019146272
-0.4954672985011759
0.3607708986841896
-0.8092510250677564
-0.0094211433874007
-0.4685536514592638
0.74044862091914
0.4435311211416065
-0.7453122649756837
0.2381410828845338
0.2162574037269221
0.2782281561088591
0.1743398655225603
-2.8967980312199444
0.4949716363054323
0.4279688514688112
-0.5921683593534084
-1.6360235814615776
0.3662018398028322
-0.6927057168275317
-2.366700303357335
-1.7760694140678883
0.2037801387135628
-0.9352829856180808
-0.0191770888518904
-2.4523217312789924
-0.750887316220897
-2.960153400737738
0.2940612629019503
0.5080141664687934
0.2023985371586207
0.2185547109911095
-0.8779059566619706
-0.0464220036089588
-0.4859461701040301
-0.6826861143131401
-0.2599929592176862
0.8484224916431212
0.2231049597444521
0.3804942325561715
-1.2468925240417943
0.427293057044585
0.6675872674799044
-2.828530899357645
0.4326478870011673
0.4243986214518401
0.0911878545760434
0.52417793899519
0.3192481342895748
0.3113375963681168
-3.233099022949614
0.2786904002558011
0.6454957166139501
-0.44524439221973
-1.0496449488359954
0.5421477892770643
0.6072946333946102
0.7442140709110214
-1.7571435679865104
0.2062047422453969
-0.5126702771062721
0.5629248366032436
-2.03120911700351
-0.3137411279665075
0.1138219226718379
0.7888066337970019
0.4543368499059603
-1.043455472970395
0.409253455889484
-2.6181839656148447
-2.012144544314252
-1.2545115329614067
0.6133875123972928
-0.1250452552833536
0.418046380234563
-3.905059477670565
0.5223417618280981
-3.3617038071245013
0.5460267067065625
-4.110348866152761
0.4720330794003177
-0.8980947042818299
-0.2524446622972432
0.5949077251956316
0.3565534106426173
-0.711045186580777
0.4690830120340315
-2.857939825032476
0.3636726313381058
0.0868780682174357
-0.2585508260940734
0.0580513706963122
0.584245254825185
-0.8605892510068895
-0.3329733235474305
-0.4656553399847017
-1.011049433501751
-0.3776690059530185
-3.315459492853805
-1.8837281734852087
-1.996937849720031
0.4060340625400243
-0.0180106229793935
0.5069315076663915
-0.2859728346843032
0.5144279001861753
0.3550056571073468
0.5242389198444785
-0.3903448645361769
0.0238256471571377
-0.4809951936853755
-1.619061781839698
0.1089119750829984
0.6122354899777228
0.3579813851749958
-0.7477478393650866
-0.9731792600410952
-2.240981348649567
0.0456023439535074
-0.6872757973071648
-0.7073992441632241
0.317427857433967
-0.1592913565492649
0.5037989710359172
-1.1667729440361962
0.0953911365152002
-1.2823744233613863
0.386185759623213
-1.0288287148522368
-2.1292403644705984
-0.1134559223657865
-0.8558692206187747
-0.938736201354414
0.2649539957620594
0.2703059952996267
-0.0513810672953426
-0.6004003238861909
-1.1435038833025917
0.4188871770729004
