-5.672331998761351
-0.3723903223799176
0.5328980375118281
-1.9371880496003888
0.4478278123792693
-0.8059149278218781
-0.7804586799524881
0.1902887052688657
0.5547322172395563
-0.4986225046745133
0.6808677042931208
0.3355770783459455
0.0066079484197141
-0.1433154828364028
0.1251823644777993
0.9172089933836116
0.5811270420088507
-0.0525483804837919
-0.2517688871435022
-1.0816713262474364
0.3318464547141527
-0.9433983483981412
-1.1269502323255025
0.3313795162482903
-2.234190086215127
-2.4407962695761505
0.2716272823455232
0.4178023122937684
-1.129279472363449
-1.439456104785749
-1.0384277755422724
-0.0317926307722379
-2.339823317823017
0.4691826532663043
-0.598336165641924
0.3546242419550755
-3.925743182550512
-0.0507810400620827
-0.4613212132937727
-1.2188422112737511
-2.7328258595964123
0.3151148478144197
-2.700585981002765
0.4442782242258342
0.1150884357854844
0.5079848648514184
0.7821032612954429
-1.7758627662860471
0.0911878545760434
0.4714520454024432
0.6162667490940965
0.5077011094642248
-1.9722692941361188
-1.157192223507694
-0.693277531246879
-3.416413467665977
-1.004604181164528
-0.8683924768294756
0.4902633695463707
-1.0255137045556286
-2.637811402500225
-1.5484985496460248
0.1654395462395151
-1.3474909188541104
-2.8562635823529696
0.244554214654141
-0.7762313547800452
0.3756066547212572
0.4523446241344895
0.4262594841678022
-1.4707056948040689
-0.3193000217610168
-1.1833362662392346
-0.0835534423932953
-0.4106122652435954
-0.8433175486991709
0.4178974004306365
-0.1483810053675905
-1.0778616940908838
-1.45505095121538
-0.8367493470545213
-0.342614649638737
-1.369193103895161
0.5493788704138806
-0.1227706429231939
-1.4914359455255548
-0.1491442827530964
0.3703250182165576
-0.6366427866467514
-3.166439914771967
0.6484397706050956
0.4139806285353443
-1.7003210202195198
-0.1688169811247134
0.0139656282895924
0.5018437218895923
0.4619859140466618
-2.053536031834529
-1.6823391618856398
-0.3796320267561028
-2.123087676536757
-1.469371240624088
0.4764708247904562
0.481499402355813
0.6153324104249464
0.1860006548337887
-1.9287525534223844
-0.3645223262802983
-1.577378959450762
-1.1631749876249489
-0.269512557094908
-0.83673140325328
-0.6065192683467611
-2.433995096043076
-3.2030020052908443
0.7486576739978492
-4.071130880163188
0.8293440670204377
-2.31063936679455
-0.1291431647072689
0.1473534143798839
-0.7234904356622028
0.4399662345809279
-0.4490998702386483
0.2575988016268207
-0.4945163165235651
-1.2492759743854007
0.6717917145321032
-0.0630209309941894
0.3479209277559529
0.6045389970944864
0.3433449502285413
0.3798194107465715
-0.8071534759712664
0.542137195970306
0.2841806068850267
-0.1636826701892344
-0.3852437608721907
-1.7198717854161003
-0.1591622586294745
-1.87498406351098
-0.0457604377778317
0.1168089894622654
0.517144909003168
-0.027419796966626
-0.0414422993966812
0.462135365179954
-1.0756754756059357
-3.3742432710312142
-0.5271019446521579
0.3062148986828515
-0.1840501775706032
0.3912621410296368
0.4613754068853113
-2.912358278353528
0.0329044922679919
-3.5338057307918103
0.4147300984318415
0.2987312879689315
0.4898667329661482
-1.217697436717346
-1.432056053690936
-1.2100899946805657
-1.1733211776890815
0.0762906458308049
0.1500456036733626
0.2751214010415615
0.4424911741208144
0.2055035956416226
-0.1612213594500324
-1.42855296425369
-3.7615339464262023
0.1208926784400171
0.8674231508288378
-0.848552890066877
-1.1048828519484968
-1.4164896418036763
0.4303430525942759
