-0.0859197513934731
0.1265420260800518
0.1853460440990511
-2.419773378202413
0.5007532275012353
0.2228886258045024
0.7196727616643773
0.0904249740313703
0.4180461554430514
0.2977243362770667
-0.0133941629285534
0.4382898880644059
0.0407833793037087
0.4529361023725738
0.4545247206284012
0.7298862810398541
0.5200974893810426
0.3995975805166257
0.2721669114976768
0.3690405083210961
0.2695225358349952
-1.3765150380551046
-0.0470480837424491
0.4669751520525468
0.6870274606622534
-0.014250421452639
0.3565252236315301
0.1599015343165023
0.6307996538084377
-1.082112085952598
0.7136578770784651
0.332396029984406
0.7203746053484434
0.3010853207355647
-1.397068888528168
0.564665568808889
-0.3698266070912128
0.4199947766622005
-0.0233327044592231
-0.2886761718366106
-0.2474021513551925
-0.0798177047241411
0.8452426826947722
0.5746528548354841
-0.1790404084095367
0.4219679455785616
0.4041604235861427
-0.1558523991415346
0.424729128306518
0.0032141481300026
0.4439982776615493
0.3069745486541491
0.4092532842608614
0.3564584143804836
0.6352624014010168
-0.2555353309298201
0.1963244675110567
0.136462905027212
0.2740190555083255
-0.0881511080744818
0.5559108699388021
0.0831679390924252
0.4261585010891233
0.3469923392277264
0.4218110375464217
-1.2301533516283745
0.3817772060152509
0.3323809627498361
-0.1342639944294882
0.1776731932798395
0.4780537123973567
0.4038715785640751
0.2791295390125789
-1.1939076655692908
-0.302935353259882
0.1484887663806404
-0.0079031908081999
0.4743815581772418
0.5162943869212685
0.2206684587901734
0.4135765690664868
0.4627448727557383
0.7192848461056638
0.4519117806789555
0.3771050093485025
0.0783313908128181
0.2478088257885953
0.282979627053359
0.5259152033669666
0.3363822468441464
-0.0637764343082515
0.3138233103353199
0.5372090884425327
0.4049624635444631
0.3146051039408332
0.620343142550245
-0.6602464458244973
0.0041862638441548
0.6911310696007016
-0.7316543252447268
0.2983085746833323
0.4592077866247204
0.450123876913607
0.6420225849491977
0.6282116888406629
0.5459667787279188
-2.752727356910146
0.6031778872290556
0.3904438459385931
0.4676580534296883
0.2975278438908305
0.3424008765053485
0.4607740391106101
0.6111409347605302
0.4915144683963623
0.6087157436168374
0.3690405083210961
0.7183619043709454
0.5860075221116098
0.0794374901423297
0.3355423736183767
-0.8079849183215307
0.694669895425373
0.2247852429377951
0.9897606749599728
0.6191570120633737
0.5199935304195097
0.4396514739675061
-0.3976606473231385
0.5048418653331878
0.1243181146528515
0.684402085752741
0.4734010824672597
-0.6905569167982936
0.7650491349791209
-0.8334734113202469
-0.747293117625042
0.7512499348176745
0.5340472741741342
0.286742344048389
-0.1654399543348721
0.7632183326117354
-1.6624652689143746
0.5594697298746654
0.378519475368051
-0.5121785899674635
0.2818344261976643
-0.0626600247960477
-0.2918701632481262
0.5298128770243625
0.1020986756598649
0.2702790119236163
0.5472840540557645
0.23322490100515
-0.4059526658861078
0.6960451814198186
0.3932574114562603
0.3743205936883533
0.3085551022929885
0.1560187889778926
0.4349692221713512
0.7280513606396953
0.5105535629634623
0.3469602468647992
0.2149606630171924
-0.2279757354959234
0.0771393639786712
-0.0910969032796416
0.4465192626944407
-0.2937143775119192
0.1295388648842609
0.241833818838641
0.1364635267062358
0.6174959318110812
-0.7510147486203359
0.3447774262898881
0.6662214224328298
-0.112495004163661
