0.4093625955063465
0.4768209737939972
0.3542227480176435
-2.5680652312112104
-1.5562280195241085
-0.2390140632677587
-1.575364767436431
0.1013629858391862
0.5366213717991444
-2.089537869644763
0.1290737336382398
0.4802203065443916
-1.5316104795851782
-1.4280107525242347
0.4814178012491223
0.5540201927882786
0.1674194447058174
0.3639223896853553
-0.6558809526105919
0.2308922980357607
0.0639127648607297
-0.1414233216263353
-0.3504544766134019
0.4379356874726238
0.2306064239229314
-1.2215158719143078
0.4678983544677742
0.4764810694772981
0.2210894039858402
-1.027503169842026
-0.9693835013925164
-0.2735164276830445
-5.1174772419397065
-1.134632976712718
0.3617164811024271
0.6630907352050004
-2.2932282804875697
-2.058387361188268
-1.7539840289499902
-0.2328241428719482
-2.512209499496844
0.5315296817310231
-0.956402465683126
-1.612604901566008
-0.0706762912632234
-1.7181331364788015
0.4517958327982114
-1.0896736993416136
0.4408096606591539
0.2561669981854203
0.3579377562087787
0.4055167721183315
-5.813364523715932
-2.158300893712219
-1.8443187946271369
-1.9963348388362576
-1.418216201821239
-1.4254032690706715
-1.9921566263311583
-3.316908282904859
-0.843009278044212
-0.976870225029697
0.3287424360045546
-3.1584943946887463
-2.198580552757184
0.2397922529880469
-1.0238186147862185
0.357701071143245
0.0472529693070813
-0.1552616048497944
-0.2886476793141234
-1.4649514937396162
-0.0948270514946511
-0.5354376725722175
-0.1992385678147744
-1.7060923454980266
-1.9210026863204808
-0.2585508267875559
-1.6798541968830991
-0.4868666890872664
-0.4658778299123419
-0.7048985760961529
0.2818517132503742
0.0120178571419797
0.1487004588121715
-0.5354958565469475
0.0200227632215608
0.4466556051502593
-5.074886204020078
-0.7165040490100621
-0.3911939392509979
0.4009675796150291
-1.013692676115092
0.401303797140199
0.5143089664953854
-0.8330495208550319
0.2307609231584601
-1.061005546594084
-0.0776643181275767
0.7967221730370669
-1.1084220057500191
-0.0551928027410286
-1.1599748058367183
-1.0401791000990628
-4.670489515135695
0.5718660111403738
-3.3844758047729293
-0.4763240259389983
-1.735583985248583
0.5319165617455135
0.0671064233681981
0.4255599198423576
0.1212127403882733
-2.172296459834885
-2.723763355279297
0.1003571839475734
-1.282912726962799
0.3573127766559055
-2.2424549048399776
0.1795509093740332
0.3401547652514556
-0.2792584801933504
0.3847618686442628
0.3827922330953375
0.593213861962005
-1.6005736168881608
-2.2734491743596883
0.5636287889719809
0.3464250468244746
-0.2086905871207044
0.3911970597034521
0.5964224615904966
0.6710789244863381
-0.3065727245891483
0.1936389578627919
-0.2142961739535999
-1.8667596379881424
-2.6458632478355715
-1.4094016383972168
-1.0284349319494526
0.7030890328470648
-1.9391427952866351
0.3999342473387701
0.1755271268325185
0.2592351657722778
0.6405658801546877
0.2888959592138144
-0.6698667173336923
-1.5490398279551068
0.5897990624718739
-2.108251325402731
0.1435036734347325
-2.8993113916916307
0.2067408778663703
-1.2264838834987757
-0.3469611258160738
-2.0890050428092914
0.2709607441743814
-0.0587396648830971
-1.3938463257052212
-0.3338546576443197
0.6708031014087193
-2.2397525893507515
-0.6779348088379632
-0.7511839850240816
0.4812388643187056
0.3530046280204134
0.3662283967095796
0.4996202475187033
-0.2217913448394882
-3.463445873168056
-2.6506796706503906
-0.3166196337104942
0.1475183505222894
-0.3283397913612704
-0.6198575483050626
-2.168493293958844
0.1244722229699844
