-0.4697896926846553
0.1439894116046963
0.4987968967167034
0.0610171277772751
0.1870004945644418
0.2124998933635932
0.289192756490999
-0.0873804314342847
0.4404317880727544
-0.2502444845197744
0.5644722246299071
0.4074609820888712
-0.0581551411729953
0.5851546596949536
0.6081809336053327
0.5449259003499887
0.4069594382895913
0.6351941658400279
0.6577314916463154
0.2322633651951251
0.3091077856160696
0.1257502013073806
0.4411342092510246
0.3333507430159753
0.3944824974932863
-0.6078938568121025
0.2753163658268491
0.5694141813623371
0.0130154274689867
0.7181507710162509
0.3012846281706845
0.1529277599151903
0.6334187805377073
0.3774397383174671
0.5071782326108731
0.5415510675569695
0.3985538005334377
0.4511861950749292
0.0531132205301129
0.2165788099950592
0.2759539540464813
-0.8127562121904726
0.6445376386753167
0.4403572051195643
0.5038088342499081
0.604841101578249
0.6952042676549629
-0.5073385292247963
0.442342194316888
0.3182386945205871
0.4189877370574813
0.1027141971656095
-0.073456819198964
-1.4085781679796856
0.475026724588784
0.0896768068082669
0.2267158971418655
0.2895344619400909
-0.05423007725715
0.1996423750050668
-0.1486172706946472
0.4403889946522712
0.283284746142811
0.2750880261378373
0.3414842537547912
0.4941508590529309
0.4122679515825974
0.360088377642751
0.3832491298642651
-0.9969654971632108
0.5622362085944393
-0.0579383205301862
-0.1855921535056311
0.3313905928682428
-0.4159062350437301
-1.0668756835531132
-0.4816422893720679
0.6611216763522159
0.3639603122028907
-1.251389930275178
-0.1414390409363185
0.5317074685066382
0.6175203564710844
0.4288553865068881
0.5796362988021565
0.0590845574585682
0.7405187626077506
0.5153248375624983
0.2825236129597812
0.5056674583618299
0.255554592017075
-0.3550435626025278
0.4395603917387997
0.1554439723991678
0.2888834447792749
-0.1162054725515858
-0.0693615620272317
0.5308541674404884
0.7210048596726949
-0.1657972793810466
0.3763092796337934
0.6004157975447759
0.1955805374056123
0.6257764363913907
0.4983587455461679
0.1091665583161359
0.5160948375700384
0.0365547572367431
0.4098322931174142
0.3614180997627829
0.5088451452490533
0.708710309468532
0.4680218698954253
0.4603691741217736
0.6748733884793946
-0.5525074627363984
0.4490204737797104
0.5542059160620544
0.3469315432443307
0.4508776589876821
-0.0139115197228913
0.6276830319719969
0.5674329610083978
0.4577451188021519
0.5356433681587234
0.5361192043988224
0.5726349757434372
1.0264366031167564
-0.5721535240693613
0.319146638099977
0.5393344466678686
-0.1517678910109078
0.6185439661272935
0.4531223163107721
0.372890589939717
-0.3852078176314235
0.6382936776176907
0.3567350866400347
0.5717266375665727
-0.366669975237017
-0.8349053272186754
-0.2190313716553545
0.202747476939053
0.0611430972906952
0.326784315922952
0.5141549839545067
0.4516993045742619
-0.404593010524858
0.5182737746712386
-0.1863394397816549
0.8261065197540736
0.0300519502843537
0.3078769382690459
-0.4585891996783053
0.4718171945769545
0.4963974757084533
0.2953067617242391
0.1898073267892783
-0.4436309544071628
-0.6920955034372711
0.2950858274919507
-0.3009954179221791
-0.8297074395346827
0.344159120658293
-0.1354437666177055
-0.3515158967021849
0.545734627357882
0.4548867353470809
0.6888514144209464
0.5578312308584934
0.1662587228424763
0.0766401033111571
0.4753973780645877
0.5542149561863355
-0.5934847114246987
0.3605832886888404
0.32698706168478
0.4025577329354748
