0.030192913900199
-0.5599403820715008
0.1797262927379038
-0.6658265173192776
0.4183106371587102
0.520285454110072
0.6344971676336105
-0.089862803633228
0.4192377128451004
0.214581724780146
0.1653714658296912
0.4398800474676438
0.5443018673971046
0.6452161079280817
0.5396856424278202
0.4402234637788493
-0.104912416411234
0.0394178649125774
-0.6093102541932286
0.6958917213089653
0.4522914203034052
-0.6258760859409103
0.3826474755702517
-0.0484825990858686
0.3855632532790238
-0.5931896425482249
0.4438533688961226
0.3727537419719791
-0.0385873327496436
-0.0154033172770355
0.4996340110025916
0.5063378469890732
0.5742537295222102
0.2537148939744227
-0.4657201084335768
0.5611949847456669
0.2180414511672587
0.394805432875194
0.2612439832949588
0.4068710662295294
0.3387167953509622
0.3538106499074347
0.1999136577558123
0.3185153754157767
-0.121364640654539
-0.8548838683910023
0.3939915329792027
0.4727984888260765
0.3517231542754618
0.544922438573057
0.9263407715639717
0.4645513482720695
0.3904815305713121
0.3799877611328683
-0.1212468205366631
0.5533236899581928
0.184753274031051
-0.5774680035959464
0.5525281317833723
0.6587814950575229
-0.3404797887761898
0.5763315736697803
0.1650649929073055
0.4145652257114421
0.3712459617852501
0.2362239588440056
0.6290329276428893
0.0683626285004335
-0.0300023876658226
0.7230056947260023
-0.251603630705505
0.1787413734258784
0.4237354788122516
0.6459670325525687
0.462758098916595
-1.6752358069052082
0.317697502622369
0.7220866066927201
0.2307372689616732
0.4848127612316308
-0.0191949946936278
0.2929830005294101
-0.284815953528115
0.5444527571543607
0.7930930934339506
-0.0079402338179949
0.2901290493706133
0.0141327365126249
-1.03048453772433
0.4237245604877462
0.6743275723633277
0.1343828929954524
0.4601544607475771
0.3652550451337967
0.2192522270838476
0.4274198804503386
-0.0045000443667067
-0.255389104273661
0.3538267050751038
0.2135669855111264
0.5316497850133143
-0.8422443817031867
-0.0286070494795642
0.6551032796307567
0.5049746863148148
0.4385693645733523
-0.453844379576475
-0.0821141005952726
0.2822814880874003
0.5852857894210217
-0.2513610103465186
0.3680870888742708
0.1621623918006962
0.2295503200322973
0.8383438761656916
0.4791232622268563
0.4812739022907493
-0.9830114811659432
0.1648411994986385
-0.2188638938394083
-0.1915501061509083
-0.0173140070245769
0.2258089352355846
0.0685071511073804
0.4570926278549003
0.2145540710386758
0.444309372742562
-0.1323785482777245
0.1804258073482885
0.4965179627117332
-0.7943995237882377
-0.3033356057183869
-0.5138950085218138
0.0695967097538708
0.1868454599519337
0.0198976592016405
0.2583793001945138
0.8029934098874704
0.6396399000966813
0.3336026723601578
0.2475125135437345
0.3987231968647913
0.0611330160570458
-0.3880783729465391
0.3731636263568679
0.5798542052805534
-0.285299283226083
-0.1086538216730118
0.1120438105860906
0.1875805372898464
-0.2274806160892324
0.2798376644466452
0.5589470287782502
0.0135848476239057
0.4660915813606274
0.6432728931131627
0.4234509380943529
0.5353099221812563
0.5758879897080165
-0.2542159695417078
0.357179753815631
0.4122679515825974
0.1286552554335997
0.5610803389082126
-0.3468290087260496
-4.540639276491141
0.7603614329131726
0.6509699177822341
0.651917386396784
0.337740699044115
0.1609959769072814
-1.1908013535499256
0.1029621900670022
0.1166585562938105
0.4129813677331055
0.2924023048530177
0.2974664945778636
-0.8773193216034021
