0.539321504683182
0.4314609435464779
0.6030202859825624
-0.961956146305388
0.4560569953134938
-0.144447430041398
0.8796855824324572
0.5190292267379425
-0.57518779713425
-0.2001187074460811
0.6953424168888049
0.6904474520000556
0.7959987100421713
0.2491632903378313
0.6698521047094346
0.374160881607241
0.6542092053169384
0.1900793762106981
0.4696850663259195
0.6276688271159677
-0.7735877461327115
-2.594003771735031
-0.0776557933431281
0.36501234171517
-0.29665736529244
0.2152111667672497
0.5753426715024389
0.553082528373055
-1.69177916819998
0.4743292271950907
0.1903381641016736
0.576606891454257
0.1001949000818044
0.4270172438351484
0.4802203065443916
-0.2689210314743402
-0.0604499478426213
0.2487571482145974
-0.7463790915567617
0.1067943232013743
0.435204739401811
0.5211196711488193
0.7167519672322092
0.3775190053049195
0.1915323289134216
-0.2766592832904652
0.4622611822463249
-0.2623837398667709
0.401830823195667
0.4787944042522139
-0.5802340386672489
0.6638606156437205
0.2232451664757261
-0.3651078993525574
0.105222409376128
0.488565530614841
-0.0150336088110417
0.1132380338986905
0.4236378394026487
0.3216050881306686
-0.5490715384804391
-0.4806965872515187
-0.8325624731413344
-0.2519323244971814
-0.6456682359006283
-0.0884834698601261
-0.6296492389342939
-1.7205668560703504
0.1462824015948784
0.4967474115115284
0.2212763658981322
-0.1170141506264124
-0.1578601796305366
0.504204254102687
-0.4660585587557042
0.2263149564130293
0.7388173760902488
0.6779763555750488
0.5727910332230444
0.4814932256340079
0.2999671623282219
-0.180688447843342
0.5396856424278202
0.4700298386898062
0.444799956725552
0.6392291590982779
0.2994414650815627
0.4106877592081104
0.7145251730380178
-0.039329013990495
0.702746733531932
-0.1967064032644404
0.2752005300814291
0.5287423769940537
-1.127991927930097
-0.0909662804135486
-0.3996598211799194
-0.2567377987924047
-0.0104696486436961
-2.044832176254182
0.1818396282399705
0.5416579938944776
0.0775024800519188
0.4483598079151124
0.5018905877761947
0.5356893608590787
-1.289008161419294
0.5817731779327601
-1.173040571200825
0.5600990801101143
0.3536269762984534
0.4667647356540673
0.550849341763958
0.53170376331062
-0.5203480915857965
-0.1088091257132251
0.682168662692701
0.4043313088373709
0.3947831863306902
0.5939538994773377
0.4361148539766639
-1.31860233257006
-0.1408634420914994
0.6486736460763692
0.4122016469904497
0.5176179058870517
0.6876192649529199
0.2820111622696722
-0.8247218770662273
0.5455372193029474
-2.625874073335269
0.500511574582219
0.1941208054772335
-0.7503102476726298
0.5219783627793031
0.1423932500319629
0.0710144111546304
0.3012846281706845
0.6099104382058832
0.325263107881055
-0.6207510629492105
0.5027488987533258
0.5352979138147091
-0.0364174795275381
0.2898254487934656
0.5240740419257746
-1.31390901221939
0.0584015431805643
0.2686861919982735
-1.438242943192736
0.3953564385316443
0.6794146628891254
0.4005404746903656
-0.4324198980638482
0.3941213141575512
0.4812116706804688
-0.3025317730067328
-0.8654020813484312
0.2257093745894417
0.5780001180869441
0.2536075479873285
-0.6979776435246424
-0.7349829392514934
0.3902356974918358
0.0397553727435618
0.6964611390342919
0.5596613442970998
0.5858635543113445
0.4789668166198592
-1.538202965017031
-0.4418611527115137
-1.1941397641657103
-0.0479215856974236
0.2526538591440965
0.4937367514808926
0.3639603122028907
-0.0311879697128395
0.3081154247471843
