-0.4983715158471658
0.2703378586751613
0.381538761232631
-1.6919797241896817
-0.5396732482343832
-2.9690632775165557
-1.437802393521638
0.4502629148475652
-1.414494440727483
-1.3764492381012623
0.6781418612618917
0.6425181087972319
-2.1141637991264663
-1.9925527025684384
0.5712982685780487
0.530718933328966
-0.3240136017751372
-0.167236150270571
-0.672244860262833
0.5796170901429206
0.1112716250726611
-1.0088513673545172
-1.636596784188387
0.3047822393029866
-0.3974143128229976
-1.7063974506303743
-1.245029170049248
0.6865621064934215
-0.4665206096078176
-0.3619146390799629
0.2864566116565887
0.505650189619692
-1.4005598357007465
0.4419404272130786
-1.119755883301097
-0.4346376242508408
-0.8287720163016181
0.0244633815270998
-2.431468769445385
-1.471673746877026
-2.0925634997464133
-1.01358932784332
-1.7867993753706344
-1.1312490690133
-1.697201964764581
-0.7941992526899077
-0.508422337905669
-1.143330257454673
-0.0605709691041569
0.1324790603336247
0.2082100049239141
0.5641359540477002
-3.133899541551401
0.2837326563950421
-0.8236974441602648
-0.4594275540318316
-0.278432666530584
-1.433023616091601
0.340144934494459
-0.2031435446462167
-3.280152443842636
0.1676048708019139
-0.2587358190715256
-0.8697913525500757
-0.0835124181732308
-0.550453209700615
-2.2354288610760946
-1.0250788921051743
-0.4739091598427299
-1.888932682002096
-2.0317968001875584
0.0927621402292791
-1.0979144114057595
-0.9801590798859408
-0.8653818727147401
0.4122470729148235
0.4092461362144927
-1.1095882393822232
0.0451568112546236
-2.5372743199412717
-1.0264832823013714
0.9608968044563898
-4.550112189267712
0.2837709504494993
0.4167721687237827
-2.623746396828174
0.1461639462770005
-0.0769644320356454
0.2472031310769742
-1.8811810333519248
0.5995549745677194
0.2937208409836407
-2.227731067549613
-0.3894345208633136
0.0187641401211668
0.5829955231769284
-1.3332137167484082
-1.6758142581198274
-1.2805399521515397
-1.6609014901092714
0.4722192606447082
-3.0678020103657886
-0.9686612528116124
-0.3429795462970257
0.5644959243873383
0.1878197769545762
-2.248854278302704
0.3678140050866336
-0.5373883549517643
0.3768668488659423
-0.4830650237360572
0.1799409373353728
-0.3216882367981634
-1.4577149388466886
0.5497083547856018
0.4025830861183346
-2.1400668012531843
0.776655706293306
-1.81698581791264
-2.811299217079036
0.3795493103685441
-0.5084229819445738
0.0266511092426154
-1.2064519082482272
-2.884964825594877
-0.4730061780711136
0.5789793683277917
0.4748088903243593
0.1078307160175833
-0.1809147362457535
0.4142309030402127
0.5364219382863108
-1.1785612146814362
-0.8712345484612906
0.3355861539469063
-0.1476513639188627
-0.9158348619004724
-0.7648600638724933
-1.2495190222893862
-2.686021153853369
-1.561339580109287
-0.8895181304540484
0.4523108084728456
0.3783814911139857
-0.6071397049496695
0.3282329207304074
0.6872732260077292
-0.8017848920851102
-2.050768857684971
-2.476917370262183
-1.3596784374844997
-1.565716371070506
-0.4001877918223274
-0.1235618165130062
-2.233535125611047
-1.269464993624598
-1.897292049359704
-0.250724480161398
0.3023410543725101
-0.7161359924777445
-0.30612904706016
-0.335476902153712
-0.6200759876458303
-3.4153660044940737
-1.4162977489743074
-0.2251957588023348
0.3003284202746544
-0.841028553730188
-3.093617371942983
-1.3304562994410614
-1.3037442061636026
-1.628170678580218
-0.3300644363466983
0.143688468250785
-0.4857110709305356
0.0491782982736251
-0.176101743890111
0.3765939680583185
