-4.020373821258545
-6.726537227630615
-4.665909767150879
-3.9150335788726807
-3.263185739517212
-4.673002243041992
-4.2741379737854
-5.570180892944336
-3.254086494445801
-5.849076271057129
-5.985742568969727
-5.366397380828857
-3.3448121547698975
-7.055424690246582
-4.707847595214844
-4.029278755187988
-5.513785362243652
-5.77985954284668
-5.956178665161133
-5.18862247467041
-4.84229850769043
-4.203835964202881
-4.167542457580566
-6.8737688064575195
-3.198857545852661
-5.478021621704102
-4.26099967956543
-5.088585376739502
-5.604791164398193
-5.939698219299316
-4.747633457183838
-3.7591001987457275
-2.767448663711548
-4.984649181365967
-3.347740650177002
-3.3089792728424072
-6.219121932983398
-5.667884826660156
-2.7906887531280518
-3.6777024269104004
-6.177546977996826
-3.947985887527466
-3.0304722785949707
-3.9294204711914062
-3.755970001220703
-3.6644883155822754
-4.271266460418701
-4.245811939239502
-3.783656120300293
-3.4894652366638184
-6.698249816894531
-4.0373101234436035
-4.7136383056640625
-4.437619686126709
-3.531419515609741
-3.7874019145965576
-4.156393051147461
-4.584214687347412
-6.030313014984131
-5.229333400726318
-5.358156204223633
-4.342729568481445
-4.189576148986816
-4.537503719329834
-5.139172077178955
-4.161135673522949
-2.4860901832580566
-4.890087604522705
-4.703489303588867
-3.753615379333496
-5.1473388671875
-3.8351104259490967
-4.224301815032959
-3.526400327682495
-5.930704593658447
-2.929013252258301
-3.8894267082214355
-5.255664825439453
-4.33845853805542
-3.677253484725952
-3.033085584640503
-5.8188676834106445
-6.113882064819336
-4.603409767150879
-5.2002387046813965
-3.0806758403778076
-2.8168411254882812
-3.9804108142852783
-4.843061923980713
-4.956681251525879
-4.0253496170043945
-4.122264385223389
-5.302221298217773
-4.606558322906494
-3.573458671569824
-4.444167613983154
-3.9006881713867188
-5.181078910827637
-4.480411052703857
-4.1256561279296875
-2.4794490337371826
-4.401047229766846
-3.7136728763580322
-5.3863444328308105
-4.730917930603027
-4.344814300537109
-4.8774003982543945
-5.297788619995117
-3.973151206970215
-3.6368958950042725
-3.7582736015319824
-5.702239036560059
-4.576177597045898
-4.692861080169678
-4.320272445678711
-3.795677661895752
-4.617786884307861
-2.021489381790161
-4.227624893188477
-5.6967926025390625
-4.374820709228516
-4.491985321044922
-4.84335994720459
-3.821014404296875
-3.709582567214966
-5.26966667175293
-3.578801393508911
-3.0966222286224365
-5.542797565460205
-4.711390972137451
-5.591704368591309
-3.320927143096924
-4.635270118713379
-3.2051920890808105
-3.2240185737609863
-5.884908676147461
-3.574592351913452
-5.823721885681152
-4.397607803344727
-3.986346960067749
-4.806853294372559
-4.814483165740967
-3.453774929046631
-2.8555214405059814
-4.463223934173584
-4.635682106018066
-5.477582931518555
-4.310859680175781
-4.365377426147461
-5.374430179595947
-4.908699989318848
-7.918398380279541
-6.453548908233643
-4.665942668914795
-6.454758167266846
-4.785451889038086
-5.601258754730225
-5.851834774017334
-7.4921488761901855
-6.891687870025635
-5.387801170349121
-7.344996452331543
-6.538832664489746
-5.145799160003662
-4.704442024230957
-5.532299995422363
-6.419911861419678
-5.484773635864258
-7.963007926940918
-5.943606376647949
-5.363286018371582
-7.665517807006836
-8.030328750610352
-6.938198089599609
-5.595723628997803
-7.316462516784668
-6.536794185638428
-5.544757843017578
-6.80183744430542
-5.914037704467773
-6.761654376983643
-5.296768665313721
-5.245756149291992
-6.708720684051514
-6.213454723358154
-5.835606575012207
-6.439271450042725
-7.090604305267334
-7.767780780792236
-6.500546455383301
-5.589894771575928
-7.060859680175781
-4.249300479888916
-4.834274768829346
-5.479837417602539
-4.453519821166992
-5.239253044128418
-4.714852809906006
-5.226590156555176
-4.979023456573486
-5.188087463378906
-6.735983371734619
-6.889001369476318
-6.747069358825684
-5.756413459777832
-5.482492446899414
-5.059600830078125
-4.868139743804932
-4.830193996429443
-6.236257553100586
-6.03133487701416
-4.674724578857422
-4.069349765777588
-5.283588886260986
-6.1852126121521
-5.777390956878662
-4.510305404663086
-5.675726890563965
-5.596785068511963
-5.721706390380859
-5.009615898132324
-6.169839859008789
-7.458817958831787
