-5.037712574005127
-7.684311866760254
-6.550782680511475
-4.373247146606445
-3.3123462200164795
-4.022578716278076
-4.2741379737854
-7.211967945098877
-3.565262794494629
-5.849076271057129
-6.7880859375
-5.459388732910156
-4.301743507385254
-8.11466121673584
-4.686627388000488
-3.720057249069214
-7.150179862976074
-5.461287975311279
-5.275285720825195
-8.567916870117188
-3.7382307052612305
-4.0750298500061035
-4.167542457580566
-10.077804565429688
-3.198857545852661
-5.628535747528076
-4.644416332244873
-5.827687740325928
-5.589898109436035
-5.361588478088379
-5.084469795227051
-4.801773548126221
-2.921994924545288
-4.760292053222656
-4.586552143096924
-3.7580087184906006
-5.848802089691162
-5.574057579040527
-4.834424018859863
-3.677701950073242
-5.262942314147949
-3.9033801555633545
-2.9769325256347656
-4.0659589767456055
-4.037014007568359
-3.696012496948242
-4.271266460418701
-4.359726428985596
-5.593368053436279
-4.244349479675293
-7.035356521606445
-4.890993595123291
-6.159662246704102
-4.274952411651611
-3.531419515609741
-3.7874019145965576
-6.676487922668457
-4.584214687347412
-5.655370712280273
-5.041881084442139
-5.249967098236084
-5.79319429397583
-4.368074417114258
-4.833761692047119
-5.687741756439209
-4.142570972442627
-2.8256077766418457
-5.986996173858643
-4.786783695220947
-4.466529846191406
-5.675049781799316
-5.032512664794922
-4.415562152862549
-3.6498661041259766
-6.1868896484375
-3.7961692810058594
-4.45884370803833
-5.331127643585205
-5.561636924743652
-5.444787502288818
-4.430874347686768
-6.331966400146484
-6.032615661621094
-5.504916191101074
-7.370404243469238
-3.1563878059387207
-2.7215538024902344
-4.326197147369385
-4.976898193359375
-5.136573791503906
-4.935318946838379
-3.6685643196105957
-5.461165428161621
-4.287463188171387
-3.6826846599578857
-5.353318214416504
-5.0851593017578125
-5.982420444488525
-5.180923938751221
-4.757752895355225
-2.439915895462036
-4.98301362991333
-4.037188529968262
-5.023282527923584
-4.3977742195129395
-4.48852014541626
-4.949694633483887
-5.54001522064209
-4.6759419441223145
-3.6817026138305664
-3.7034554481506348
-5.759990692138672
-5.4423346519470215
-4.604016304016113
-4.271714687347412
-4.340001106262207
-6.2949604988098145
-1.9891436100006104
-3.8399205207824707
-7.147340774536133
-4.270698070526123
-4.124939918518066
-5.156787872314453
-4.31477165222168
-4.750707149505615
-5.239266395568848
-3.3713817596435547
-3.955462694168091
-5.9344024658203125
-4.81389045715332
-6.173373699188232
-3.688086748123169
-5.620458126068115
-5.245015621185303
-4.760688304901123
-5.435352802276611
-4.399706840515137
-6.5092082023620605
-5.0134453773498535
-4.976454734802246
-4.831480979919434
-4.784523963928223
-4.45139217376709
-3.2764647006988525
-4.837069511413574
-4.652421474456787
-5.579273223876953
-4.433604717254639
-5.310279846191406
-7.395432472229004
-7.47476863861084
-8.628157615661621
-9.489803314208984
-4.374130725860596
-8.241950035095215
-6.917999267578125
-7.787929534912109
-7.831192970275879
-7.465928554534912
-6.947898864746094
-7.61611795425415
-8.546618461608887
-7.639451026916504
-7.138265609741211
-6.063785552978516
-7.6881513595581055
-7.1465535163879395
-5.301435470581055
-7.022005081176758
-8.059159278869629
-6.417588233947754
-9.27295970916748
-8.83238697052002
-8.965845108032227
-9.262682914733887
-7.555872917175293
-7.2256178855896
-8.367642402648926
-7.329778671264648
-6.484469413757324
-7.854936599731445
-6.694277763366699
-7.128971576690674
-8.192816734313965
-6.633561611175537
-6.093009948730469
-8.063998222351074
-8.680944442749023
-8.850018501281738
-7.598001956939697
-7.568201065063477
-7.507287502288818
-5.435695171356201
-5.225381374359131
-5.869155406951904
-5.485495090484619
-6.498726844787598
-6.3304877281188965
-6.378939151763916
-6.546662330627441
-5.880771636962891
-7.242060661315918
-8.535396575927734
-8.397384643554688
-6.328866004943848
-6.040804862976074
-5.492996692657471
-5.404807090759277
-5.70928430557251
-5.896478652954102
-6.484982967376709
-4.796809196472168
-4.323574542999268
-6.551916122436523
-7.285349369049072
-6.724163055419922
-5.499895095825195
-6.543332099914551
-6.31069803237915
-5.601912021636963
-6.15524959564209
-6.895179748535156
-7.645140171051025
