-4.958514213562012
-6.694786071777344
-3.778946876525879
-5.023415565490723
-3.263185739517212
-4.3422441482543945
-4.2741379737854
-5.074080467224121
-3.254086494445801
-5.74787712097168
-5.89017915725708
-5.448160171508789
-3.271054267883301
-5.845667839050293
-4.310510635375977
-3.720057249069214
-4.60863733291626
-5.461287975311279
-5.365715980529785
-6.261418342590332
-3.7382304668426514
-4.886423110961914
-4.183089256286621
-6.610600471496582
-3.198857545852661
-4.9991326332092285
-3.9895262718200684
-5.827687740325928
-5.589898109436035
-5.361588478088379
-4.805004596710205
-3.8251218795776367
-2.811659812927246
-4.455710411071777
-3.3182075023651123
-3.5606493949890137
-6.434322357177734
-5.784447193145752
-1.3908342123031616
-3.677701473236084
-5.125226974487305
-3.9033801555633545
-3.0116260051727295
-3.9117321968078613
-3.430608034133911
-3.5671188831329346
-4.271266460418701
-4.359726428985596
-4.017004013061523
-3.7729039192199707
-6.626588821411133
-4.066868305206299
-4.79396915435791
-3.639867067337036
-3.341090679168701
-3.952106475830078
-3.663898229598999
-4.847600936889648
-5.657436370849609
-3.982227087020874
-5.351909637451172
-4.187092304229736
-4.368074417114258
-4.879434585571289
-5.614060401916504
-3.818837881088257
-2.6652095317840576
-5.762740612030029
-3.8870849609375
-3.967254638671875
-5.1604228019714355
-4.032404899597168
-2.887904405593872
-3.903212070465088
-5.989826679229736
-2.9644811153411865
-3.803462505340576
-5.125863075256348
-4.167176246643066
-2.7040181159973145
-3.2337429523468018
-5.1152448654174805
-5.69727087020874
-5.504916191101074
-5.875346660614014
-3.021414279937744
-2.746265411376953
-3.6199753284454346
-4.6916680335998535
-4.7185821533203125
-4.629517555236816
-3.58276104927063
-5.0088934898376465
-4.603108882904053
-3.2692677974700928
-4.124042987823486
-3.1520609855651855
-4.29066276550293
-4.049876689910889
-3.9885780811309814
-1.8487199544906616
-3.2181522846221924
-4.228006839752197
-5.047876358032227
-4.614208698272705
-4.649287223815918
-4.850662708282471
-5.243458271026611
-4.64375638961792
-3.746925115585327
-3.5027213096618652
-5.363536834716797
-3.7534637451171875
-4.640888690948486
-4.663063049316406
-4.2246527671813965
-5.124179363250732
-2.9457149505615234
-4.036608695983887
-5.679045677185059
-4.052820682525635
-3.801656484603882
-4.7272515296936035
-2.99190092086792
-3.5260932445526123
-4.502185821533203
-3.3584346771240234
-2.8868374824523926
-6.267785549163818
-4.678961753845215
-5.580935955047607
-3.3336422443389893
-4.054295539855957
-3.817039966583252
-3.7652158737182617
-5.963284015655518
-3.7264652252197266
-5.596746921539307
-4.940486907958984
-3.983304977416992
-4.420039653778076
-4.894467830657959
-3.389234781265259
-2.859253406524658
-4.317905426025391
-4.760046482086182
-5.216993808746338
-4.239919185638428
-3.956537961959839
-4.223360061645508
-5.196784019470215
-6.814085960388184
-6.501612186431885
-4.343236446380615
-4.286311149597168
-3.051492691040039
-4.479049205780029
-5.061018943786621
-4.343379020690918
-6.640439510345459
-5.183611869812012
-3.835040807723999
-4.099462509155273
-4.1210503578186035
-3.103407382965088
-4.497088432312012
-4.129594326019287
-3.9104504585266113
-4.281978130340576
-4.977261543273926
-3.9883720874786377
-5.361453533172607
-6.105396270751953
-6.485243320465088
-4.683501243591309
-5.537859916687012
-4.916919231414795
-5.003990173339844
-4.596333980560303
-4.033125400543213
-5.995672225952148
-4.482726097106934
-4.227491855621338
-4.754850387573242
-4.6190972328186035
-4.459876537322998
-5.219704627990723
-6.842307090759277
-6.871144771575928
-4.475549221038818
-4.983330249786377
-4.42589807510376
-3.4667365550994873
-3.501089572906494
-3.369701623916626
-3.19157338142395
-4.450447082519531
-3.2395946979522705
-3.5112385749816895
-3.658708095550537
-3.891101598739624
-4.452040195465088
-5.594488620758057
-5.8319993019104
-3.657489538192749
-3.3311054706573486
-3.3107872009277344
-3.9668030738830566
-3.6834585666656494
-4.006907939910889
-4.188198566436768
-3.636411190032959
-3.1408634185791016
-4.071245193481445
-5.48472261428833
-3.886331558227539
-3.5001235008239746
-3.6310224533081055
-4.513489246368408
-3.583667516708374
-4.0812296867370605
-5.465466499328613
-6.250375747680664
