-4.958514213562012
-7.855179786682129
-4.21787166595459
-4.844439506530762
-3.3123459815979004
-4.468008518218994
-4.557897567749023
-5.079729080200195
-4.537013053894043
-5.849076271057129
-6.505923748016357
-5.459388732910156
-3.3439619541168213
-6.9360671043396
-4.631715774536133
-3.9675498008728027
-3.61783766746521
-5.77985954284668
-5.275285720825195
-6.946804046630859
-3.7382307052612305
-3.8528454303741455
-4.182868003845215
-8.994461059570312
-3.198857545852661
-7.08799409866333
-4.158799648284912
-7.915428161621094
-6.028149604797363
-5.361588478088379
-4.76382303237915
-3.9860806465148926
-2.921994924545288
-5.1607346534729
-4.640405654907227
-3.939418315887451
-6.025836944580078
-5.667886257171631
-1.7020680904388428
-3.935307741165161
-5.3307414054870605
-3.9033801555633545
-2.974961519241333
-4.1075873374938965
-3.6701109409332275
-3.710845470428467
-4.193405628204346
-4.75415563583374
-4.215500354766846
-3.6794886589050293
-6.331037998199463
-5.692951679229736
-7.1099534034729
-3.4923160076141357
-3.415430784225464
-3.777648448944092
-6.366836071014404
-4.7442402839660645
-5.5103631019592285
-5.041881084442139
-5.218970775604248
-5.056877613067627
-4.95678186416626
-4.6666364669799805
-5.391554832458496
-4.352055549621582
-2.8245606422424316
-6.664338111877441
-5.181137561798096
-4.155761241912842
-5.639122009277344
-4.04099702835083
-4.023910999298096
-4.189401149749756
-6.148804664611816
-4.149183750152588
-5.188200950622559
-5.902803897857666
-5.479334354400635
-4.548599720001221
-5.480072498321533
-5.958389759063721
-6.515527248382568
-5.670321941375732
-6.458203315734863
-3.0716118812561035
-2.7750041484832764
-5.115093231201172
-4.478367328643799
-4.775314807891846
-5.081538677215576
-3.9926295280456543
-5.129178047180176
-5.6045050621032715
-3.7770915031433105
-3.967358112335205
-5.108216285705566
-5.115096092224121
-4.788283824920654
-4.130435466766357
-2.748201847076416
-4.412679672241211
-4.2363457679748535
-5.293658256530762
-4.7213521003723145
-4.733076095581055
-5.488142490386963
-5.329039096832275
-4.045467376708984
-3.7115347385406494
-3.898996353149414
-5.795439720153809
-3.820647716522217
-4.387927055358887
-4.320272445678711
-5.6130547523498535
-4.614041805267334
-2.231719970703125
-7.0496416091918945
-5.940343856811523
-4.949970245361328
-5.1052117347717285
-4.776407718658447
-5.210951328277588
-4.096840858459473
-6.3364577293396
-3.6520538330078125
-2.9429073333740234
-6.912075042724609
-4.81389045715332
-6.312836647033691
-4.218901634216309
-5.427366733551025
-4.160208225250244
-4.365513801574707
-6.33268928527832
-4.197821617126465
-6.531380653381348
-4.576763153076172
-4.0113935470581055
-5.801611423492432
-4.563002109527588
-3.674543857574463
-2.9270265102386475
-5.196007251739502
-4.419209003448486
-5.324802875518799
-4.246743202209473
-5.563872337341309
-3.2928032875061035
-3.766702890396118
-4.314811706542969
-5.940854549407959
-4.374130725860596
-5.629622459411621
-5.166641712188721
-6.158768653869629
-5.155794620513916
-4.382904052734375
-7.8516998291015625
-3.496753215789795
-5.379482269287109
-2.380173683166504
-6.0756096839904785
-4.858294486999512
-7.854872226715088
-6.794314861297607
-5.197172164916992
-7.10984468460083
-4.9881062507629395
-4.572113037109375
-4.850134372711182
-5.15338134765625
-5.639898300170898
-4.233468055725098
-6.909019470214844
-6.354226112365723
-3.539452075958252
-4.786020755767822
-4.889482498168945
-8.297118186950684
-6.274539470672607
-2.7632107734680176
-3.1578636169433594
-3.798433780670166
-3.6704001426696777
-5.4997992515563965
-8.73889446258545
-8.753983497619629
-6.251141548156738
-7.826476097106934
-4.078575134277344
-4.544430732727051
-4.6761956214904785
-5.381357192993164
-5.527491092681885
-6.598649978637695
-2.1921017169952393
-1.885170817375183
-2.8137879371643066
-1.8077408075332642
-5.340479850769043
-5.766498565673828
-5.253501892089844
-4.697958946228027
-5.998919486999512
-5.39448356628418
-3.805004358291626
-1.6214993000030518
-6.361903190612793
-5.83066987991333
-5.26850700378418
-3.8131861686706543
-5.168334484100342
-7.367617607116699
-5.66239595413208
-1.449097990989685
-6.599743843078613
-5.926490306854248
-5.172091960906982
-4.445745944976807
-3.6179888248443604
-5.538235187530518
