-4.425565719604492
-5.398865699768066
-6.593916416168213
-7.1042656898498535
-3.7283546924591064
-5.032332420349121
-4.5638532638549805
-5.32578182220459
-3.861276388168335
-5.484472751617432
-6.4745869636535645
-7.030633449554443
-3.498276710510254
-6.379787921905518
-4.679773330688477
-3.720057249069214
-7.635581970214844
-5.971291542053223
-6.499940872192383
-8.162358283996582
-4.900850296020508
-4.110606670379639
-6.002238750457764
-6.963910102844238
-4.085610389709473
-4.675044059753418
-4.28428316116333
-6.505350589752197
-6.023782253265381
-5.587399482727051
-5.050929069519043
-3.4585022926330566
-3.7888314723968506
-4.990109920501709
-3.587972640991211
-3.3906140327453613
-6.430527687072754
-6.417019844055176
-1.5654592514038086
-3.935307025909424
-5.900218486785889
-4.446587085723877
-2.9809486865997314
-4.0705132484436035
-3.9428558349609375
-3.7904903888702393
-4.398362636566162
-5.017322540283203
-2.71661376953125
-3.5022826194763184
-5.7601518630981445
-4.162069320678711
-6.321094989776611
-4.844784259796143
-3.394994020462036
-3.748314619064331
-4.972259521484375
-4.762578010559082
-5.6830596923828125
-5.238374710083008
-5.079279899597168
-4.1187310218811035
-4.542344093322754
-5.005611896514893
-5.158445835113525
-3.781670570373535
-2.795900583267212
-5.368227481842041
-4.799172878265381
-4.454767227172852
-5.2317070960998535
-4.726309299468994
-3.1068665981292725
-2.8043155670166016
-6.550440311431885
-3.4456288814544678
-4.11425256729126
-5.4190287590026855
-5.573207855224609
-3.8842923641204834
-3.1556732654571533
-5.383825778961182
-5.780965805053711
-5.16886043548584
-6.349208831787109
-3.048492431640625
-2.6821072101593018
-4.6880598068237305
-4.842520713806152
-5.337157249450684
-4.1221418380737305
-3.8077809810638428
-5.643331527709961
-4.311001777648926
-3.1799299716949463
-5.3782958984375
-3.2331228256225586
-4.144433498382568
-5.046724796295166
-3.9847805500030518
-2.188746690750122
-3.563267469406128
-3.834437131881714
-5.384372234344482
-4.991029739379883
-4.073975086212158
-4.396066665649414
-5.209726810455322
-3.9430627822875977
-3.5770115852355957
-4.568327903747559
-5.976702690124512
-4.448982238769531
-4.5786261558532715
-4.303034782409668
-3.8063037395477295
-4.780010223388672
-4.417731761932373
-3.705789089202881
-5.540364742279053
-4.50161075592041
-4.708726406097412
-5.083372592926025
-4.031678199768066
-2.8361830711364746
-5.832762241363525
-3.798440456390381
-3.1711924076080322
-5.754319667816162
-4.943082809448242
-5.624048709869385
-3.3250181674957275
-4.257793426513672
-3.0378470420837402
-3.6132757663726807
-5.725271701812744
-3.9592058658599854
-6.007159233093262
-5.139289855957031
-3.9946889877319336
-4.641411781311035
-4.830403804779053
-4.201333045959473
-2.873446464538574
-4.001061916351318
-3.905780076980591
-5.158658981323242
-4.163107395172119
-3.956538677215576
-7.39390230178833
-6.654422760009766
-7.972523212432861
-9.013023376464844
-5.457688808441162
-3.8020198345184326
-3.4987363815307617
-4.243182182312012
-7.40084171295166
-6.869060516357422
-7.062641143798828
-7.337548732757568
-3.5616254806518555
-7.593869209289551
-3.880096435546875
-3.2442362308502197
-3.8150835037231445
-4.2223711013793945
-3.66489315032959
-3.971754550933838
-7.611043930053711
-3.7353785037994385
-7.0315165519714355
-8.270999908447266
-8.530149459838867
-8.742414474487305
-5.737513542175293
-5.89915657043457
-7.467740535736084
-5.491124153137207
-4.398379802703857
-5.304261207580566
-5.05968713760376
-6.684587001800537
-7.999692916870117
-5.3813300132751465
-4.729577541351318
-6.638920783996582
-8.917393684387207
-9.055013656616211
-4.7966837882995605
-4.902722358703613
-6.9380388259887695
-2.8220393657684326
-3.5789811611175537
-3.3358213901519775
-2.60882830619812
-5.319972038269043
-5.115640640258789
-6.078342914581299
-6.392176151275635
-6.0937018394470215
-4.7386674880981445
-6.497159957885742
-7.4662041664123535
-3.4075496196746826
-4.4292073249816895
-4.028810977935791
-5.003304958343506
-5.8869147300720215
-3.6997017860412598
-3.796996593475342
-3.4532697200775146
-2.454421281814575
-3.702855110168457
-5.61030912399292
-5.31068754196167
-5.490198612213135
-4.591121673583984
-4.269871234893799
-3.5850818157196045
-6.052014350891113
-5.517865180969238
-6.358240604400635
