-4.9585137367248535
-6.457261562347412
-6.675617694854736
-5.1885833740234375
-3.3123462200164795
-4.592255592346191
-3.924221992492676
-4.976588249206543
-3.254086494445801
-5.021522521972656
-5.86392068862915
-5.448160171508789
-3.3747589588165283
-6.7044219970703125
-4.786823272705078
-3.8767950534820557
-5.709677219390869
-5.77985954284668
-5.275285720825195
-6.714184761047363
-4.900850296020508
-4.079778671264648
-4.167542457580566
-6.9639105796813965
-3.6100902557373047
-5.444626331329346
-3.989525318145752
-5.827687740325928
-6.136168479919434
-5.760715484619141
-6.015096187591553
-3.8575246334075928
-3.546544075012207
-5.345391273498535
-3.4564578533172607
-3.586308002471924
-5.995518207550049
-5.711099147796631
-1.4423025846481323
-4.207684516906738
-4.534653186798096
-4.499383926391602
-3.1233346462249756
-4.426023483276367
-3.881296396255493
-3.6644883155822754
-4.321903705596924
-4.102781295776367
-4.180704593658447
-3.681475877761841
-6.968324184417725
-3.9553186893463135
-5.028693199157715
-3.6597073078155518
-3.926271677017212
-3.777648448944092
-5.022923946380615
-5.0188069343566895
-6.082523822784424
-4.900941848754883
-4.900401592254639
-4.8399810791015625
-4.700448036193848
-4.4593939781188965
-5.372321128845215
-4.0941386222839355
-2.892812490463257
-4.917967319488525
-4.421779155731201
-4.581182956695557
-4.734610557556152
-3.9793732166290283
-3.4531939029693604
-3.915494680404663
-5.3576273918151855
-3.4608449935913086
-3.9083480834960938
-5.4553117752075195
-4.40308952331543
-4.067723751068115
-3.2388100624084473
-6.158443450927734
-6.02618408203125
-5.265852451324463
-6.2994914054870605
-2.71976375579834
-2.6794586181640625
-4.5465779304504395
-4.5503716468811035
-4.584140300750732
-4.735893726348877
-3.8704752922058105
-5.003856182098389
-3.971269369125366
-3.696458101272583
-5.706212520599365
-4.3222551345825195
-4.641307353973389
-5.221358776092529
-4.083370208740234
-3.4549670219421387
-4.727362155914307
-5.45063591003418
-5.897592067718506
-5.494293212890625
-4.516329288482666
-5.993040561676025
-4.846728801727295
-4.456301212310791
-3.7623610496520996
-4.174360752105713
-5.72169828414917
-4.527692794799805
-5.050804138183594
-5.213834762573242
-4.077164649963379
-5.127094745635986
-2.4386794567108154
-4.256648540496826
-6.762462139129639
-4.663461685180664
-4.3571672439575195
-6.009117603302002
-4.061686038970947
-4.1463942527771
-5.780812740325928
-3.888345718383789
-3.6607565879821777
-5.656091213226318
-5.194579601287842
-6.094270706176758
-3.9299569129943848
-4.5592241287231445
-3.6502175331115723
-3.69950795173645
-6.647010326385498
-4.615599155426025
-5.569562911987305
-4.309564590454102
-4.769007682800293
-4.5699968338012695
-5.128072738647461
-4.264354705810547
-2.8987746238708496
-4.851871490478516
-4.576534748077393
-5.773821830749512
-4.154128074645996
-3.956537961959839
-3.394103527069092
-3.8549699783325195
-5.161886692047119
-7.061889171600342
-4.758543968200684
-4.065715789794922
-3.456242799758911
-4.0737409591674805
-4.481846332550049
-3.9251182079315186
-6.695550441741943
-3.460916042327881
-3.8797085285186768
-3.878422975540161
-4.772202968597412
-3.023984909057617
-4.7391204833984375
-3.45237398147583
-3.973726987838745
-3.7146360874176025
-4.634897232055664
-3.357264757156372
-6.00823450088501
-5.272430896759033
-5.7695770263671875
-5.507758140563965
-5.3251633644104
-6.22731876373291
-6.007253170013428
-5.7491135597229
-4.427151203155518
-6.221319675445557
-3.9999606609344482
-4.656869888305664
-5.174712181091309
-3.861081838607788
-3.6383094787597656
-6.012635707855225
-6.754124641418457
-6.7340593338012695
-4.867157936096191
-5.320810317993164
-5.532364845275879
-3.4625368118286133
-3.6243183612823486
-3.3783071041107178
-3.8391685485839844
-5.020749092102051
-4.126603603363037
-3.3803746700286865
-4.026388645172119
-3.6812760829925537
-4.995671272277832
-5.831877708435059
-5.7108378410339355
-4.825153827667236
-4.398992538452148
-4.254350185394287
-4.179440498352051
-3.4704842567443848
-4.7882981300354
-4.969438552856445
-3.519757032394409
-2.6938586235046387
-4.714970111846924
-5.1246657371521
-4.145430088043213
-3.1303865909576416
-4.195978164672852
-4.972263813018799
-3.7605860233306885
-4.139088153839111
-4.532872676849365
-6.220276355743408
