-4.707048416137695
-6.205977439880371
-5.164819240570068
-5.561470985412598
-3.6850550174713135
-5.158291816711426
-4.2741379737854
-5.039677143096924
-2.9146571159362793
-4.388887882232666
-4.7581586837768555
-5.738263130187988
-6.386688232421875
-5.624484062194824
-4.231086730957031
-3.171736478805542
-3.6407883167266846
-4.477026462554932
-6.059566020965576
-5.883796691894531
-6.799545764923096
-4.602731227874756
-5.215590476989746
-6.504908084869385
-3.238546848297119
-4.669763565063477
-3.6457791328430176
-5.827687740325928
-5.757708549499512
-4.807009696960449
-4.4407501220703125
-5.4862542152404785
-2.76802921295166
-4.251902103424072
-3.4475173950195312
-3.1720988750457764
-5.61850643157959
-5.706632614135742
-1.4741592407226562
-3.2359933853149414
-4.532647609710693
-3.903379440307617
-3.3785765171051025
-3.426891565322876
-3.8756155967712402
-3.7410361766815186
-4.236664772033691
-4.245810031890869
-2.951604127883911
-3.522191047668457
-5.238688945770264
-3.886995553970337
-5.26632833480835
-3.563141345977783
-2.7418057918548584
-3.5766055583953857
-4.2897629737854
-3.818195104598999
-5.8059258460998535
-4.352374076843262
-4.108632564544678
-4.288113594055176
-4.636540412902832
-4.150043964385986
-5.175511837005615
-3.8357157707214355
-2.4155867099761963
-4.060690402984619
-4.123945713043213
-4.095112323760986
-5.516112327575684
-3.9867513179779053
-2.6208927631378174
-3.2790284156799316
-4.570114612579346
-2.3419573307037354
-4.2377753257751465
-5.522299289703369
-4.252876281738281
-3.684671640396118
-4.145223617553711
-6.076374053955078
-5.197263717651367
-3.8499228954315186
-5.384580612182617
-2.676996946334839
-1.959063172340393
-3.5189998149871826
-4.991842746734619
-4.674036979675293
-3.7464687824249268
-3.4200358390808105
-4.638277530670166
-3.9184346199035645
-4.206499099731445
-5.204784393310547
-2.302912950515747
-3.326202392578125
-3.6081717014312744
-3.525161027908325
-1.9796963930130005
-3.6353938579559326
-3.4359970092773438
-5.117758274078369
-5.321709632873535
-3.706526041030884
-4.902193546295166
-4.781957149505615
-3.5804250240325928
-3.4053430557250977
-3.374795436859131
-6.017241477966309
-2.9532084465026855
-3.8021767139434814
-4.513893127441406
-3.1595048904418945
-4.588045120239258
-1.779435157775879
-4.05783224105835
-5.213179588317871
-4.270388126373291
-3.786043882369995
-3.878148078918457
-3.012385606765747
-2.445915937423706
-3.9024391174316406
-3.422415256500244
-3.3487071990966797
-5.619246006011963
-3.929908275604248
-4.668430328369141
-2.658778190612793
-4.191348552703857
-2.430020809173584
-2.8517708778381348
-5.637156963348389
-3.590858221054077
-5.35854959487915
-4.416494369506836
-3.251598596572876
-3.705674648284912
-4.0617356300354
-3.739487648010254
-2.6399049758911133
-3.5716300010681152
-4.081742763519287
-5.260905742645264
-3.506467580795288
-3.6759965419769287
-2.3116097450256348
-2.67922306060791
-3.5186147689819336
-4.676458835601807
-5.005349159240723
-2.6812567710876465
-3.5330142974853516
-3.885596752166748
-3.8260586261749268
-3.1955461502075195
-6.998983860015869
-3.030036449432373
-3.8109018802642822
-2.0531277656555176
-3.5212624073028564
-2.6634714603424072
-3.0708084106445312
-2.6210672855377197
-2.914048671722412
-2.131711483001709
-3.337689161300659
-2.4266107082366943
-4.045121669769287
-2.4010303020477295
-2.928422451019287
-1.760406255722046
-4.922153949737549
-3.389376163482666
-3.0092673301696777
-3.9551215171813965
-2.08846378326416
-3.4495997428894043
-2.6615426540374756
-1.277392029762268
-1.2953951358795166
-1.7598649263381958
-1.6947104930877686
-3.083012104034424
-3.9942121505737305
-3.886746883392334
-3.447932004928589
-3.310260057449341
-2.548128128051758
-1.5713248252868652
-1.9498521089553833
-1.9467952251434326
-1.5187000036239624
-2.0429697036743164
-1.4554554224014282
-0.9429212808609009
-1.75560462474823
-1.072524070739746
-3.0670769214630127
-2.582406997680664
-2.635545253753662
-2.1884922981262207
-2.7335269451141357
-1.6088944673538208
-2.0845303535461426
-0.9631709456443787
-2.146080255508423
-2.898002862930298
-1.751481056213379
-1.499502182006836
-2.1395673751831055
-2.3491342067718506
-2.4471099376678467
-0.7830492854118347
-2.344271659851074
-2.3974127769470215
-1.8561689853668213
-1.540889024734497
-1.733298420906067
-2.223259687423706
