-4.425565719604492
-6.6807756423950195
-4.561236381530762
-4.651021957397461
-3.263185739517212
-4.350581645965576
-3.8548741340637207
-4.946522235870361
-3.254086494445801
-5.887078285217285
-5.725535869598389
-4.931838512420654
-3.351033926010132
-6.26458740234375
-4.283492565155029
-3.7983076572418213
-4.768476963043213
-5.7798590660095215
-5.670182228088379
-5.610802173614502
-4.84229850769043
-4.8227152824401855
-4.417758464813232
-6.741421222686768
-3.2427237033843994
-5.060742378234863
-4.198981761932373
-6.086155414581299
-5.880163192749023
-5.444008827209473
-4.677237510681152
-3.304182529449463
-2.8423213958740234
-4.823189735412598
-3.282137870788574
-3.490797519683838
-6.344365119934082
-5.827267646789551
-1.5952476263046265
-3.7605063915252686
-4.846190929412842
-3.3702642917633057
-3.246002197265625
-3.9117319583892822
-4.46053409576416
-3.8614485263824463
-4.107178688049316
-4.585844993591309
-4.158199787139893
-3.2232182025909424
-6.765974998474121
-4.257784843444824
-3.9358339309692383
-3.738433837890625
-2.8935163021087646
-5.9186859130859375
-4.602020263671875
-4.806872844696045
-5.535001277923584
-6.261594772338867
-4.860503673553467
-4.38004207611084
-3.951995849609375
-4.776639461517334
-5.305320739746094
-3.9037439823150635
-2.5976436138153076
-4.308830261230469
-4.161180019378662
-4.368746280670166
-5.161818504333496
-4.534664630889893
-2.8105268478393555
-3.5394561290740967
-5.806395530700684
-3.340921640396118
-4.047572612762451
-4.964643955230713
-4.465610027313232
-2.519378423690796
-2.9932467937469482
-4.5395965576171875
-5.556495189666748
-5.762372970581055
-5.62339973449707
-2.934396743774414
-2.7267684936523438
-3.8180534839630127
-4.6751275062561035
-4.6652512550354
-4.089120864868164
-2.873314380645752
-4.938169956207275
-4.181436538696289
-3.413499355316162
-3.70041561126709
-4.499687671661377
-4.896004676818848
-3.929149627685547
-3.9490890502929688
-1.9203077554702759
-2.629303455352783
-3.3233089447021484
-5.291331768035889
-4.588380813598633
-3.68146014213562
-4.058501243591309
-4.94154167175293
-3.5479624271392822
-3.6425180435180664
-3.6882903575897217
-5.759209632873535
-3.52801513671875
-3.8814592361450195
-4.436909198760986
-3.354215383529663
-5.11129093170166
-2.345665693283081
-4.114891052246094
-5.398621559143066
-3.8306710720062256
-4.184934139251709
-4.614243030548096
-3.211637020111084
-3.433228015899658
-5.221100807189941
-3.171415090560913
-2.796229124069214
-4.1836256980896
-4.3661723136901855
-5.893274784088135
-3.3501224517822266
-3.9762234687805176
-2.9813718795776367
-3.297412872314453
-6.067764759063721
-3.6399543285369873
-5.226747512817383
-4.410331726074219
-3.537135601043701
-4.5518012046813965
-3.9440479278564453
-3.8068125247955322
-3.143414258956909
-4.427799701690674
-5.443982124328613
-5.303176403045654
-3.570514678955078
-4.016415119171143
-3.4551002979278564
-3.82822322845459
-4.314811706542969
-6.511560916900635
-3.915278196334839
-4.286311149597168
-3.051492691040039
-4.1388840675354
-5.096129417419434
-4.347992897033691
-6.998983860015869
-3.496752977371216
-3.5914816856384277
-4.604203701019287
-4.44042444229126
-3.413501262664795
-4.036574840545654
-3.6194167137145996
-4.076106071472168
-3.9714319705963135
-4.163412094116211
-3.458775520324707
-4.899630069732666
-5.15338134765625
-5.639899730682373
-6.543961524963379
-5.613086700439453
-4.281252384185791
-4.747918128967285
-3.907834053039551
-4.046596527099609
-5.7936177253723145
-4.428024768829346
-4.452480792999268
-5.588585376739502
-4.000803470611572
-3.649162530899048
-5.414923667907715
-6.898248195648193
-6.463981628417969
-4.969431400299072
-4.604848384857178
-4.202366352081299
-3.0758607387542725
-3.3859071731567383
-3.0304439067840576
-2.807732343673706
-4.40836763381958
-3.5789451599121094
-3.508613348007202
-3.0062453746795654
-2.6713461875915527
-4.413743495941162
-5.494804859161377
-5.538153648376465
-3.485731601715088
-3.570349931716919
-3.642932653427124
-3.886594772338867
-2.3991050720214844
-3.8383710384368896
-3.837289810180664
-3.004058837890625
-2.395035982131958
-3.582679271697998
-4.782294273376465
-3.6360599994659424
-3.0847580432891846
-3.532609462738037
-4.246914863586426
-2.8040621280670166
-3.656897783279419
-4.707159996032715
-5.771240711212158
