-4.283633232116699
-5.857108116149902
-4.281065464019775
-7.451172828674316
-3.4498343467712402
-6.919612407684326
-4.316915988922119
-4.483878135681152
-3.2882771492004395
-5.427565574645996
-6.091224193572998
-5.948266983032227
-3.529412031173706
-6.416512489318848
-4.386559963226318
-3.840067148208618
-8.01162052154541
-5.492677688598633
-6.454135417938232
-8.300902366638184
-3.750192642211914
-6.3069329261779785
-4.538849353790283
-7.444586753845215
-3.4227194786071777
-5.252670764923096
-4.323627471923828
-6.141838550567627
-5.639025688171387
-7.926819801330566
-8.490457534790039
-8.189704895019531
-5.6670050621032715
-6.259707927703857
-3.9837446212768555
-5.485064506530762
-6.3292741775512695
-5.622241020202637
-1.7508111000061035
-4.205468654632568
-4.609714984893799
-4.07824182510376
-2.8968307971954346
-6.89170503616333
-6.669750690460205
-3.833207368850708
-4.299398899078369
-4.829707622528076
-7.376303195953369
-7.373385906219482
-10.29486083984375
-4.134696006774902
-7.71746826171875
-3.8795719146728516
-5.689535617828369
-7.827923774719238
-6.903969764709473
-5.0188069343566895
-9.70318603515625
-4.921235084533691
-7.894511699676514
-7.6162896156311035
-6.818171977996826
-6.285177230834961
-5.06304931640625
-7.324337482452393
-4.933650493621826
-7.859964847564697
-4.353830814361572
-7.0395331382751465
-6.138869285583496
-3.8999369144439697
-5.548025608062744
-5.545836448669434
-5.52982234954834
-5.101465702056885
-3.5254809856414795
-8.455167770385742
-7.131886959075928
-6.276256084442139
-6.241608619689941
-5.242251396179199
-8.987174034118652
-9.310832977294922
-9.539377212524414
-6.069790363311768
-4.4710917472839355
-6.3770036697387695
-6.525613307952881
-6.495364189147949
-7.072499752044678
-6.181267738342285
-7.0031819343566895
-7.227047443389893
-6.6789326667785645
-7.172201156616211
-5.77052640914917
-7.0420684814453125
-6.362641334533691
-4.083370208740234
-5.866006851196289
-2.8763461112976074
-6.923377513885498
-8.617856979370117
-8.135021209716797
-7.437271595001221
-7.458396911621094
-6.862808704376221
-6.972522258758545
-6.906033992767334
-6.2789764404296875
-7.688653945922852
-6.720442771911621
-6.789036273956299
-8.514837265014648
-7.458247184753418
-8.442798614501953
-6.6622772216796875
-8.02638053894043
-8.276204109191895
-6.837170600891113
-5.567978382110596
-6.593749046325684
-5.70349645614624
-5.486147403717041
-7.440863609313965
-6.112656593322754
-5.751786231994629
-8.660737037658691
-8.148812294006348
-9.678413391113281
-5.932277679443359
-7.340234279632568
-6.532699108123779
-5.801853179931641
-8.677260398864746
-6.890443325042725
-5.863060474395752
-7.407716274261475
-6.669984340667725
-6.701193332672119
-6.846183776855469
-6.072968006134033
-5.252495765686035
-9.030282020568848
-7.036812782287598
-7.821142673492432
-6.080436706542969
-3.3918559551239014
-7.26636266708374
-6.646975040435791
-8.002711296081543
-8.89753246307373
-6.40604305267334
-4.377254486083984
-3.048302173614502
-3.8441014289855957
-7.413174152374268
-6.742264747619629
-6.152268886566162
-7.269939422607422
-4.164623260498047
-7.130892753601074
-6.840875148773193
-6.68189001083374
-7.6088409423828125
-7.460944652557373
-5.595850467681885
-8.938661575317383
-7.3772501945495605
-6.429366111755371
-8.82882022857666
-8.205541610717773
-8.451759338378906
-8.62806224822998
-8.252641677856445
-8.540796279907227
-7.998730659484863
-7.508413791656494
-6.630261421203613
-7.802475929260254
-6.627924919128418
-6.579087257385254
-7.841592311859131
-6.321755409240723
-5.8861284255981445
-7.832953929901123
-8.88614273071289
-9.073707580566406
-7.456422805786133
-7.903477191925049
-6.948713779449463
-5.305200576782227
-6.008859634399414
-6.247298240661621
-5.496319770812988
-6.558385848999023
-6.2605180740356445
-5.909589767456055
-6.348231792449951
-6.048007011413574
-7.484005451202393
-8.055882453918457
-7.953092098236084
-6.558246612548828
-6.7185773849487305
-5.954311847686768
-5.633819103240967
-5.826422214508057
-6.916388988494873
-6.9813361167907715
-5.644539833068848
-4.832564353942871
-6.738916397094727
-7.380478382110596
-7.123915195465088
-5.162344932556152
-6.731317520141602
-6.397991180419922
-5.633066654205322
-5.945716857910156
-6.777990341186523
-7.594209671020508
