3.0
2.3333333333333335
3.0
1.0
1.0
1.0
3.0
2.75
2.3333333333333335
3.0
3.0
2.6666666666666665
3.0
2.6666666666666665
3.0
2.0
1.0
3.0
2.6666666666666665
1.0
3.0
1.0
2.3333333333333335
3.0
3.0
3.0
2.3333333333333335
2.0
2.5
1.0
1.0
1.0
1.0
1.0
1.0
1.0
2.0
3.0
1.6666666666666667
2.6666666666666665
3.0
3.0
2.6666666666666665
1.0
1.0
3.0
3.0
2.3333333333333335
1.0
1.0
1.0
2.6666666666666665
1.0
2.3333333333333335
1.0
1.0
1.0
3.0
1.0
3.0
1.0
1.0
1.0
1.0
3.0
1.0
1.0
1.0
3.0
1.0
3.0
2.6666666666666665
1.0
1.0
3.0
1.0
2.0
1.0
1.0
1.0
1.0
3.0
1.0
1.0
1.0
1.0
1.0
1.0
1.0
1.0
1.0
1.0
1.0
1.0
1.0
1.0
1.0
1.0
1.0
3.0
1.0
2.6666666666666665
1.0
1.0
1.0
1.0
1.0
1.0
1.0
1.0
1.0
1.0
1.0
1.0
1.0
1.0
1.0
1.0
1.0
1.0
1.0
1.0
1.0
1.0
1.0
1.0
1.0
1.0
1.0
1.0
1.0
1.0
1.0
1.0
1.0
1.0
1.0
2.6666666666666665
1.0
1.0
1.0
1.0
1.0
1.0
1.0
1.0
1.0
1.0
3.0
1.0
1.0
1.0
1.0
1.0
3.0
3.0
3.0
1.0
1.0
3.0
1.0
3.0
1.0
1.0
1.0
1.0
1.0
1.0
1.0
1.0
1.0
1.0
1.0
1.0
1.0
1.0
1.0
1.0
1.0
1.0
1.0
1.0
1.0
1.0
1.0
1.0
1.0
1.0
1.0
1.0
1.0
1.0
1.0
1.0
1.0
1.0
1.0
1.0
1.0
1.0
1.0
1.0
1.0
1.0
1.0
1.0
1.0
1.0
1.0
1.0
1.0
1.0
1.0
1.0
1.0
1.0
1.0
1.0
1.0
1.0
1.0
1.0
1.0
