0.9809078574180603
0.9936688840389252
0.9232474446296692
0.9984005689620972
0.9994377493858337
0.5124150261835894
0.9994359612464905
0.9994713068008423
0.7998331681126729
0.24492069898406044
0.616475560516119
0.9992618759473165
0.996647521853447
0.10497978935018182
0.8261509339014689
0.9979071617126465
0.9994539618492126
0.9911328256130219
0.7985944230575115
0.9993857145309448
0.7988944214768707
0.9832357615232468
0.7113083823621439
0.9961065649986267
0.5016662918496877
0.997103770573934
0.761829343624413
0.999515175819397
0.9962729612986246
0.9995162089665731
0.9994410574436188
0.9991476088762283
0.0021920413710176945
0.9994331002235413
0.9859276016553243
0.7285386174917221
0.8226077556610107
0.9917643517255783
0.9993959466616312
0.6564291444956325
0.3413022450792293
0.9979439079761505
0.6668141558378314
0.9994576871395111
0.999216357866923
0.9994356334209442
0.9994613528251648
0.9992860853672028
0.9995179176330566
0.7492111275641946
0.9994847774505615
0.9992101192474365
0.5363794565200806
0.9993977546691895
0.7890153527259827
0.9981334209442139
0.7867852049821522
0.9994952976703644
0.9995045065879822
0.9141892790794373
0.9992918173472086
0.590284947026521
0.8526604381789055
0.06438582309056073
0.9994261264801025
0.8200905497069471
0.9994434714317322
0.40042970327704097
0.996962308883667
0.8015524001792074
0.9994744062423706
0.8349777936624984
0.9987458089987437
0.9990949928760529
0.9978203276793162
0.9990049302577972
0.9994207223256429
0.9985688924789429
0.9986065030097961
0.9995070695877075
0.9895129919052124
0.998417752129691
0.9991053938865662
0.5822805240750313
0.42372018564492464
0.7503396277897991
0.9991531372070312
0.9994639754295349
0.9994702339172363
0.9994625449180603
0.9994038641452789
0.7890904645125071
0.9994840323925018
0.999451478322347
0.9994072914123535
0.998564675450325
0.8554161802707573
0.5003641867612411
0.9982302933931351
0.5103889075883975
0.9995119571685791
0.9814634720484415
0.8318367838859558
0.9994603991508484
0.9994365572929382
0.9991185069084167
0.9922444224357605
0.9995018442471822
0.9680257439613342
0.9984437823295593
0.9994291365146637
0.9994494318962097
0.9987515062093735
0.9994422793388367
0.9994871616363525
0.997410774230957
0.9994909763336182
0.9994444251060486
0.6663391578743662
0.9995057582855225
0.9991399943828583
0.7128135069178825
0.4937850013211573
0.931087601184845
0.9995048642158508
0.00011482941772555932
0.9888567328453064
0.9992960393428802
0.5900537152934703
0.9990099668502808
0.743901230780466
0.4821847230195999
0.7498689112253487
0.7043062207537462
0.715160726380418
0.9994664788246155
0.828669558900098
0.9974021911621094
0.9956855177879333
0.9993801116943359
0.6272386519471184
0.4996791822632076
0.9994190692901611
0.9994933803876241
0.9984070360660553
0.9995264410972595
0.985363781452179
0.7139908743317521
0.9993693629900614
0.9986599802970886
0.995863601565361
0.9908817708492279
0.798747138842009
0.8553859264107554
0.9994732737541199
0.9986308217048645
0.6738521649191777
0.6661068243544529
0.5918589900400548
0.9983962178230286
0.9993317425251007
0.9988273978233337
0.9677181243896484
0.9994265735149384
0.7628578711301088
0.9994814991950989
0.002223712857812643
0.9861823717753092
0.9995173414548238
0.8559478151229476
0.5995404483750463
0.11157131319244702
0.9980883002281189
0.7498469673009822
0.7483072313480079
0.9994719326496124
0.9932350814342499
0.9796497623125712
