0.0033714124001562595
0.996489554643631
0.7961664441972971
0.5410434305667877
0.9985489249229431
0.9382946044206619
0.11690069735050201
0.9992776314417521
0.7636956185102463
0.7517265607602894
0.6023725026418105
0.9407290617624918
0.9971375465393066
0.5073200715705752
0.6279796777913967
0.9979071617126465
0.9708210676908493
0.7530122776515782
0.9788209199905396
0.9994301199913025
0.7898465667851269
0.7065809732303023
0.8563727148118362
0.9847878217697144
0.4999721259518992
0.9972078601519266
0.9910606145858765
0.9994357228279114
0.9978819986184438
0.6664405488021051
0.503781707957387
0.748326849512523
0.8785814046859741
0.9994805455207825
0.33322910116112325
0.7196982304255167
0.963385134935379
0.9914909899234772
0.9994600812594095
0.504764521572118
0.3762427226950725
0.9994948357343674
0.6663166186772287
0.9994179010391235
0.9975445667902628
0.9112280905246735
0.9994764924049377
0.9979885816574097
0.9995019137859344
0.7195407514809631
0.9994847774505615
0.9991448918978373
0.17626690864562988
0.9994220733642578
0.7503895451663993
0.5421672873198986
0.811898248642683
0.9993821680545807
0.9994714558124542
0.4753662347793579
0.9795141617457072
0.40474626583745704
0.6201711506915412
0.0002258504221875531
0.01774907298386097
0.5276957297076782
0.9851508736610413
0.3904755193048913
0.9993913620710373
0.7989584999741055
0.9954338371753693
0.9952095746994019
0.9799110690752665
0.9989679753780365
0.9982288976510366
0.9955197274684906
0.9823517600695292
0.001281783333979547
0.9863069802522659
0.9994924366474152
0.6024259478552267
0.9893925189971924
0.9983533620834351
0.6038129478693008
0.5351955204736442
0.48644196285749786
0.9989584684371948
0.9994307160377502
0.999435305595398
0.9994668662548065
0.9993394017219543
0.9959269364674886
0.9993232190608978
0.9994854927062988
0.9781494736671448
0.997692734003067
0.7784066048916429
0.8231955426745117
0.9757921546697617
0.6880381040973589
0.9989560842514038
0.6681014522910118
0.7994660012423992
0.9994786083698273
0.9994365572929382
0.9993951320648193
0.6395612334211668
0.9985788663228353
0.7456857373472303
0.7748652026057243
0.6909667402505875
0.9993913173675537
0.5818891106318915
0.9992724061012268
0.9995136260986328
0.9380293786525726
0.9994947910308838
0.9986726343631744
0.9994793732961019
0.9984734654426575
0.7469665090320632
0.7123118930529537
0.4998464414602495
0.7988470052252523
0.4568648040294647
0.014507777988910675
0.9888567328453064
0.9992480576038361
0.5724190474182251
0.986628845334053
0.5188394030948984
0.5009633041918278
0.9073421061038971
0.7106143942738916
0.7138946657193758
0.7495439192425692
0.9755010108153025
0.9974021911621094
0.9847095608711243
0.9993774592876434
0.3467189401620999
0.547865454107523
0.9925207734107971
0.9995069901148478
0.9980036616325378
0.9995069205760956
0.7811071475346884
0.991394409111568
0.9751230676968893
0.9153473854064942
0.9970309138298035
0.9963079392910004
0.7999103282578289
0.8462195283999401
0.9993647933006287
0.9989946484565735
0.9824106494585673
0.6663188764456814
0.591431786227622
0.983091413974762
0.9988706409931183
0.9994696974754333
0.9994716048240662
0.9992877244949341
0.7496821527092834
0.9946576952934265
0.01264286506921053
0.9720174074172974
0.9994803667068481
0.9760439055306571
0.41534761725924907
0.7746989528338114
0.9983052611351013
0.9953001737594604
0.5278898408141686
0.863491952419281
0.09553112834692001
0.9333740472793579
