0.0033714124001562595
0.996489554643631
0.9430633544921875
0.5127731822431087
0.9985489249229431
0.8618770763278008
0.11690069735050201
0.9992713332176208
0.7848778367042542
0.7539493143558502
0.6570409261403256
0.9529259204864502
0.9947876334190369
0.5138061349280179
0.6021493722995123
0.9979071617126465
0.975058376789093
0.7561596855521202
0.9788209199905396
0.9994301199913025
0.7822598301107064
0.7065809732303023
0.8562896706758433
0.49909361683239695
0.4999721259518992
0.9972078601519266
0.9801806062459946
0.9993911981582642
0.9440810481707255
0.6665428715059534
0.503781707957387
0.7462607575871516
0.8785814046859741
0.9994805455207825
0.33322910116112325
0.7450657784938812
0.963385134935379
0.4946546825212863
0.9994324445724487
0.46209062745037954
0.3762427226950725
0.9994948357343674
0.6663220663152364
0.9994179010391235
0.9972378810246786
0.9159729182720184
0.9994764924049377
0.9979885816574097
0.9994929730892181
5.6100537221936975e-05
0.9994847774505615
0.9991448918978373
0.17626690864562988
0.9994220733642578
0.7495828170722234
0.5421672873198986
0.8097773998975754
0.9994028210639954
0.9994714558124542
0.0624186173081398
0.9870951374371847
0.4114293113052554
0.819572267654751
0.00019364110145640248
0.01774907298386097
0.6826254725456238
0.9851508736610413
0.3918068320272141
0.9993913620710373
0.7994659938849509
0.9954386949539185
0.9968196948369344
0.9835135539372762
0.9989679753780365
0.9983336925506592
0.9955197274684906
0.9819889267285665
0.001281783333979547
0.9887158125638962
0.9994924366474152
0.6030790207441896
0.9904498287609645
0.9983533620834351
0.6038129478693008
0.4733652833601809
0.46638733986765146
0.9989584684371948
0.9994307160377502
0.9994955658912659
0.9994725286960602
0.9993284642696381
0.991759200890859
0.9993232190608978
0.9994896650314331
0.9770339131355286
0.9980094134807587
0.8547081774865676
0.8289223124350732
0.9754728823900223
0.6668267638694184
0.9989560842514038
0.6681014522910118
0.9419725418090821
0.9994677901268005
0.9994365572929382
0.9993813335895538
0.6395612334211668
0.9985788663228353
0.7485835407860577
0.7748652026057243
0.8715357184410095
0.9993913173675537
0.5043825235698023
0.9990757703781128
0.999428927898407
0.9380293786525726
0.9994947910308838
0.9986726343631744
0.999491552511851
0.9984734654426575
0.7461067117983475
0.6987935722972907
0.4999264326834236
0.799399137403816
0.4568648040294647
0.014507777988910675
0.9888567328453064
0.9991210699081421
0.5716643251711503
0.9939171671867371
0.5957957515580347
0.6011391580104828
0.9061368107795715
0.7098567636421649
0.7138564502976286
0.7495439192425692
0.9773018856843313
0.9924323558807373
0.9851260781288147
0.9993774592876434
0.3467189401620999
0.5140697648748755
0.99519122838974
0.9995069901148478
0.9976586997509003
0.9994936883449554
0.929083247979482
0.9942401306969779
0.6545521104999352
0.9238258838653565
0.4994882116552617
0.9963079392910004
0.8027160331606865
0.840413043549883
0.9993647933006287
0.9989946484565735
0.9844704866409302
0.6662712801674692
0.5899250922317151
0.983091413974762
0.9988619685173035
0.9994696974754333
0.9994716048240662
0.9992877244949341
0.7496650120156119
0.9962815642356873
0.03686712682247162
0.9720174074172974
0.9994803667068481
0.9933961970465524
0.5061911033466459
0.6769013466934363
0.9939955711364746
0.9959030747413635
0.5278898408141686
0.4129660211619921
0.09553112834692001
0.9122318426767985
