0.9913709163665771
0.9900755882263184
0.7976682174135931
0.5004853987484239
0.9985894560813904
0.7578636771067977
0.9994994401931763
0.9993807276089987
0.7616513390094042
0.5138090772088617
0.5970026534982026
0.99875408411026
0.9947573840618134
0.7181038702256046
0.7157743771870931
0.9979071617126465
0.9993847906589508
0.9991836696863174
0.8623567581176758
0.9994292855262756
0.782940726308152
0.9930137097835541
0.8563583380995884
0.9970641732215881
0.5030172446276993
0.997103770573934
0.7509108547819778
0.999515175819397
0.9990710616111755
0.9995136260986328
0.9994410574436188
0.7493307787863159
0.021964892745018005
0.9994331002235413
0.9863252838452657
0.9672559301058451
0.9994023740291595
0.9708261340856552
0.9993967413902283
0.6665058338063924
0.34195509428779286
0.9979439079761505
0.734152764081955
0.9994019567966461
0.9984379808108012
0.999511182308197
0.9994764924049377
0.9993677735328674
0.9995085597038269
0.7363387362602225
0.9994847774505615
0.9992104172706604
0.9991481304168701
0.9995107650756836
0.9985768347978592
0.9981334209442139
0.9953505754470825
0.9994637370109558
0.9994719624519348
0.9141892790794373
0.9982316295305887
0.5977638861862943
0.8535864342536245
0.03253484019660391
0.9991803765296936
0.8269271954583625
0.9994924068450928
0.3963293432592764
0.993856891989708
0.8958539545536042
0.9995211362838745
0.8483713902533054
0.9972251454989115
0.9993327558040619
0.9979833662509918
0.9990782141685486
0.9909354448318481
0.9985688924789429
0.7509316497016698
0.9991590976715088
0.992568564414978
0.9983341182981219
0.9991208910942078
0.5822805240750313
0.4513223177054897
0.7167753571120556
0.9991531372070312
0.9994593262672424
0.9995241165161133
0.9994540214538574
0.9994038641452789
0.3506293312336008
0.9985291063785553
0.9994497299194336
0.9994248151779175
0.9980755597352982
0.7083665274549276
0.6639013231373004
0.7495735498487193
0.7365133413889756
0.9994971752166748
0.9843741059303284
0.821032252907753
0.9994469285011292
0.9994365572929382
0.9991185069084167
0.99472043911616
0.999516487121582
0.9823495894670486
0.9981888234615326
0.999364584684372
0.9994494318962097
0.7490439730026992
0.9993357062339783
0.9995156526565552
0.9994507431983948
0.9994879961013794
0.9993637502193451
0.6729068209727606
0.9994913339614868
0.9989017099142075
0.5703978068657827
0.4943464673124254
0.9165101647377014
0.9993397295475006
0.00011482941772555932
0.9893049001693726
0.999469518661499
0.5860566441726405
0.998661532998085
0.793770704101189
0.4821847230195999
0.5164143163647168
0.70408108016844
0.7142433237469439
0.7506405033636838
0.8295631771688932
0.9891901016235352
0.5026011874433607
0.9994392693042755
0.6315084494650364
0.5505483150482178
0.9994418144226074
0.9994914730389913
0.9984070360660553
0.9995264410972595
0.985363781452179
0.9995132344109672
0.9994378487269083
0.9263301730155945
0.9920416176319122
0.9989475607872009
0.8011710966005922
0.8502104274230078
0.9994732737541199
0.9990229606628418
0.329387876088731
0.6662010229071408
0.5958702122574323
0.9972725510597229
0.9994172006845474
0.9994587302207947
0.530302882194519
0.999450147151947
0.749559240567578
0.016639014706015587
0.9994344115257263
0.9841923316319784
0.9995173414548238
0.8561247895205659
0.6030615956231486
0.931536873181661
0.9990081429481507
0.749885666067712
0.498492749145953
0.998080313205719
0.7868008315563202
0.9885101318359375
