0.9504648447036743
0.9900755882263184
0.8056229829788208
0.9966691732406616
0.9989489912986755
0.6543026752769947
0.7678821682929993
0.999468207359314
0.8103166036307812
0.1720396287710173
0.7825382068753243
0.9992826581001282
0.980572521686554
0.5168566827196628
0.9781020085016886
0.9979071617126465
0.9993416517972946
0.9991561323404312
0.832391482591629
0.9994301199913025
0.7949869665317237
0.5004322591994423
3.752379312313029e-05
0.9374936521053314
0.5053852037526667
0.9976242582003275
0.9666572213172913
0.999515175819397
0.9984832306702932
0.9995127518971761
0.9994410574436188
0.9960218816995621
0.018097957596182823
0.9994331002235413
0.33321121561796946
0.9741418957710266
0.999325305223465
0.9568302929401398
0.998512883981069
0.5448463583306875
0.32461909868288785
0.9994052648544312
0.6740887239575386
0.9994888007640839
0.986002504825592
0.9995296597480774
0.9994613528251648
0.9993103742599487
0.9995085597038269
0.7410017957517994
0.9994847774505615
0.9992225170135498
0.9973368048667908
0.9995107650756836
0.7547363252379
0.9992538094520569
0.9985263586044312
0.9994424879550934
0.9994765520095825
0.999503493309021
0.9994494120279948
0.5710109466104768
0.8510693137400916
0.0009360565090901218
0.00204901909455657
0.8249051260742514
0.999497652053833
0.39181845157581846
0.97869773209095
0.8002729415893555
0.9994765818119049
0.8259790927756209
0.9979248444239298
0.9990924000740051
0.9986449380715688
0.9994158148765564
0.9994486967722574
0.998184859752655
0.9987419098615646
0.9365161955356598
0.9828386783599854
0.9981887766293117
0.9990429282188416
0.5230147130787373
0.5975719215464779
0.7487972410162911
0.9991531372070312
0.9994679093360901
0.9994516670703888
0.9993206858634949
0.9994232058525085
0.9923146963119507
0.9396136403083801
0.9994574983914694
0.9994248151779175
0.24928872753116593
0.8557314333322991
0.5819896562322052
0.9972977787256241
3.627001145408334e-05
0.9994774460792542
0.9982925653457642
0.5973517471924424
0.9994469285011292
0.9994365572929382
0.9993213713169098
0.994367798169454
0.999516487121582
0.8465203940868378
0.9985881000757217
0.9993817806243896
0.9994494318962097
0.9987695217132568
0.9994804263114929
0.9995156526565552
0.9994507431983948
0.9994879961013794
0.9994960725307465
0.9733847181002299
0.9994913339614868
0.9989409446716309
0.7128763051789845
0.49997746648114116
0.800614009425044
0.9993397295475006
0.00011482941772555932
0.9888567328453064
0.9992960393428802
0.5711607607096084
0.961878091096878
0.7904961044914671
0.4821847230195999
0.7498689112253487
0.6751808112556839
0.7163565425331139
0.5167992594651878
0.828624387892584
0.9974021911621094
0.9946964681148529
0.504649163223803
0.6034506473690271
0.7064304947853088
0.9994396090507507
0.9994402527809143
0.9984070360660553
0.999512255191803
0.9446845054626465
0.99949768611363
0.9944430987040201
0.9987280488014221
0.5121112470715161
0.9989475607872009
0.841118437051773
0.8550656709869925
0.9994732737541199
0.9993714690208435
0.6676966864615679
0.666254417374148
0.5795426691896864
0.8290716409683228
0.9964314848184586
0.9994587302207947
0.9994230568408966
0.9994341731071472
0.7467247709291769
0.005590860731899738
0.999503493309021
0.9841923316319784
0.9995202620824178
0.9983519911766052
0.596712716849288
0.057846719631925225
0.9990391254425048
0.9145520329475403
0.5124775082222186
0.9994719326496124
0.9986096918582916
0.8986284732818604
