0.9936936497688293
0.9963396489620209
0.8083231896162033
0.5053256922401488
0.9994791150093079
0.5031716000521556
0.20391514897346497
0.9994675715764364
0.6656588740646839
0.8753299713134766
0.4600124985910952
0.9989533424377441
0.7496425810750225
0.6561890468001366
0.9699811140696207
0.9979071617126465
0.9991359263658524
0.9988569766283035
0.7071488358080387
0.9994301199913025
0.7830481581389904
0.8670765534043312
0.7021359907313516
0.9521559774875641
0.5065486677922308
0.6663583050491676
0.7682117223739624
0.9994088411331177
0.8324458861946672
0.9995124340057373
0.9829507768154144
0.999197468161583
0.01732146181166172
0.9994065761566162
0.3434265007575353
0.6405233808897416
0.4849706577369943
0.25022460027685156
0.9993270436922709
0.3485424250247888
0.3371706421021372
0.9975947737693787
0.6669962791881213
0.999235063791275
0.986002504825592
0.9995297193527222
0.9994764924049377
0.014023470015672501
0.9995273351669312
0.2555651593138464
0.9994847774505615
0.9992101192474365
0.9994590878486633
0.9995136260986328
0.7495832340500783
0.9874036014080048
0.6081355135887861
0.9993341863155365
0.9993289411067963
0.966308057308197
0.66719980398193
0.7772375162749086
0.5420260343016707
0.008834303608940294
0.9994256496429443
0.4867770794420115
0.9995185136795044
0.01969330893116421
0.9971963167190552
0.8108254291117192
0.999072939157486
0.7364023299087421
0.7946796075751384
0.9993964433670044
0.9984343151251475
0.9802007973194122
0.9994301597277323
0.00620356434956193
0.7433222613617545
0.4997239769927546
0.7852882813342148
0.8564787658854455
0.9992367029190063
0.7310852706432343
0.5991500969619665
0.5147664906689897
0.9989206790924072
0.9990715980529785
0.9994692206382751
0.9993950426578522
0.9994442164897919
0.663164506414129
0.9994058012962341
0.9994932611783346
0.9973043203353882
0.9991579353809357
0.8478544584608504
0.6661457825175603
0.9979508072137833
0.49989173093490535
0.9995115995407104
0.9253783424695333
0.7416362347081303
0.9994193315505981
0.9994365572929382
0.9991617798805237
0.9850773413976034
0.9995006124178568
0.9343626499176025
0.9986528009176254
0.9964387118816376
0.9994494318962097
0.7489284003386274
0.9994804263114929
0.9995156526565552
0.9994408488273621
0.9995111227035522
0.9993621110916138
0.9994839429855347
0.9995057582855225
0.9947356432676315
0.7105961750224067
0.48621057416312397
0.7995027641532942
0.9995048642158508
0.00011482941772555932
0.9888567328453064
0.9992960393428802
0.40505193792050703
0.7269117791693134
0.7987764922800125
0.8621983826160431
0.7572352979332209
0.5707097497075405
0.7144946144981077
0.5952009311877191
0.641100309699444
0.9974021911621094
0.7094830572605133
0.9994970858097076
0.018088875997636932
0.4996039101970382
0.9994108319282532
0.9994933803876241
0.9980036616325378
0.9995330572128296
0.9934341708819071
0.9249466444764819
0.9993822773297628
0.9985490560531616
0.9218282401561737
0.9769949615001678
0.8001438320614398
0.8439325274209425
0.9821418523788452
0.9994078874588013
0.6808517190317313
0.608920848792574
0.39930324979286524
0.9994547963142395
0.9903994202613831
0.9994587302207947
0.530302882194519
0.9994230568408966
0.709981226027594
3.497532452456653e-05
0.9994344115257263
0.33574021587749786
0.9895756840705872
0.9897243635995048
0.6016690335934982
0.4952636860931913
0.9930108785629272
0.827648401260376
0.7445664284896338
0.9994509816169739
0.8504632115364075
0.7663479546705881
