0.9851217269897461
0.9949090778827667
0.5995583206560695
0.9994528293609619
0.9994913339614868
0.9375047236680984
0.999498724937439
0.9995081822077433
0.9553726434707641
0.8048736974596977
0.6156585679331329
0.9992992480595907
0.7829181253910065
0.7338430131785572
0.9903847773869833
0.4559064209461212
0.9994695782661438
0.9990464150905609
0.9656195044517517
0.9989662170410156
0.7973034270980861
0.99952232837677
0.8542399251642304
0.9765394032001495
0.5040087718516588
0.9977229038874308
0.5000482089017169
0.999515175819397
0.9984677731990814
0.9994990626970927
0.9990916550159454
0.9988798946142197
0.021964892745018005
0.9994065761566162
0.33320642442655907
0.8925641576449076
0.996550589799881
0.9985075891017914
0.9994832277297974
0.6708425828255713
0.33704986966525513
0.9994691461324692
0.667931359106054
0.9992387592792511
0.9947564403216044
0.9995177388191223
0.9993576407432556
0.9994505941867828
0.9994013011455536
0.49970301459507027
0.9994847774505615
0.9994157354036967
0.9995002746582031
0.9995073080062866
0.25015730946597614
0.5027775813359767
0.8880881905555725
0.9995144009590149
0.999464601278305
0.9995042085647583
0.9994465510050455
0.5997843095450662
0.7401518078529209
0.0016359650956777234
0.9994279742240906
0.6702167646241529
0.9995102882385254
0.40121349045512034
0.9994099736213684
0.8021058045327664
0.9995279908180237
0.9968778491020203
0.8189095755418142
0.9992279410362244
0.999429315328598
0.9994406402111053
0.9994253118832906
0.997295081615448
0.9870703220367432
0.9995311498641968
0.6186412317678333
0.9993020381246295
0.9992546439170837
0.6410065591335297
0.5946979197702603
0.9986835420131683
0.9994951486587524
0.9994713664054871
0.9995119571685791
0.999344676733017
0.9994442164897919
0.9976057410240173
0.9994377493858337
0.9995063742001852
0.9994463324546814
0.9990841746330261
0.8557850657629648
0.7274124932785829
0.9990798532962799
0.8329329952224119
0.9995023012161255
0.6716277841478586
0.7992538816062733
0.9994494915008545
0.9994365572929382
0.99946129322052
0.9995267391204834
0.9995208183924357
0.8829807937145233
0.9993768781423569
0.9994181990623474
0.9994365572929382
0.9994448721408844
0.9992709755897522
0.9994871616363525
0.9994524121284485
0.9994947910308838
0.9995265007019043
0.9993603428204855
0.9994820952415466
0.9990784972906113
0.7132338711224813
0.5002946817839984
0.602579492656514
0.9991026222705841
0.00011482941772555932
0.99837327003479
0.9994762241840363
0.6015888158806775
0.9983052462339401
0.7953720542689553
0.4707373892888427
0.5026299206074327
0.7140387614261792
0.7135551303009768
0.9994812905788422
0.9721803963184357
0.9891901016235352
0.9982362985610962
0.9994732141494751
0.6081356781069189
0.5987607017159462
0.9994289636611938
0.9994861880938212
0.9993390738964081
0.9993990361690521
0.6464994307607412
0.9994869998523167
0.9993347724278768
0.9956799387931824
0.9982735067605972
0.9993969798088074
0.7988093848340213
0.8556939002425809
0.9994732737541199
0.9994446635246277
0.7199124097824097
0.6661117329325256
0.6008281815542432
0.9983962178230286
0.9992023408412933
0.9994354844093323
0.9991167187690735
0.9993666112422943
0.7496452418381523
0.9934424161911011
0.999503493309021
0.8900126814842224
0.6666692093519183
0.997929573059082
0.6240626264363527
0.9984525442123413
0.9982614398002625
0.7652590945363045
0.500735347304726
0.9994468688964844
0.9519098103046417
0.9938698212305704
