0.9809078574180603
0.99310502409935
0.8020011464133858
0.9897259473800659
0.9994518160820007
0.7463773156050593
0.7678821682929993
0.999444822470347
0.8048250488936901
0.5069518939126283
0.6132587522268296
0.99875408411026
0.990382194519043
0.01269289490301162
0.7157743771870931
0.9979071617126465
0.9993540495634079
0.9988779127597809
0.7994535094010644
0.9994301199913025
0.8022468630224466
0.639148086309433
3.700829204587665e-05
0.9970641732215881
0.5039132270030677
0.3332171699476021
0.7537404932081699
0.9994165897369385
0.9993433753649393
0.9994294842084249
0.9829507768154144
0.9980914741754532
0.003791248891502619
0.9994314312934875
0.3332654702559618
0.9596814711888632
0.7388109117746353
0.9970950037240982
0.7838523983955383
0.6663876370779084
0.3413559606609245
0.9987618178129196
0.6194956451654434
0.9995070099830627
0.9945779840151469
0.9994642734527588
0.9994613528251648
0.6207790076732635
0.9995179176330566
0.7484194198441401
0.9994847774505615
0.9992896715799967
0.5363794565200806
0.9993773102760315
0.7905751951038837
0.49593188101425767
0.8123358458280563
0.9995043873786926
0.9994840323925018
0.9994920492172241
0.9717504779497782
0.5920784865505994
0.851639306971005
0.001420813612639904
0.9639666080474854
0.8204207187324452
0.8892961740493774
0.3972550304053584
0.9949585944414139
0.9978641152381897
0.9995247721672058
0.6797486978339293
0.998960276444753
0.9992200136184692
0.9992747704188029
0.9915078282356262
0.9994637568791708
0.9935500621795654
0.9973996728658676
0.9994795620441437
0.986063289642334
0.9974869234221322
0.9991053938865662
0.5315338224172592
0.480644147307612
0.7531205965206027
0.9994951486587524
0.9994639754295349
0.9994501173496246
0.9994824230670929
0.9994038641452789
0.6621002467970053
0.9994688332080841
0.666345795251497
0.9994248151779175
0.9988376498222351
0.8559799574930886
0.7356085471813761
0.9390188157558441
3.726440202929856e-05
0.9995119571685791
0.6685619798178474
0.8831167578697204
0.9994603991508484
0.9994365572929382
0.9991185069084167
0.7385975321133932
0.999516487121582
0.7535680611617863
0.9972014129161835
0.9993417859077454
0.9994365572929382
0.7487000926412293
0.9992724061012268
0.9995156526565552
0.9994512796401978
0.9992470741271973
0.9993637502193451
0.9994953672091166
0.9995057582855225
0.9983255863189697
0.7138647462961671
0.4972232125001028
0.99753737449646
0.9956531822681427
0.00011482941772555932
0.9893049001693726
0.9992960393428802
0.5900537152934703
0.9954094439744949
0.7918616874230793
0.4821847230195999
0.7495060774963349
0.7079849941843089
0.714334806280801
0.7361361905932426
0.8297499265172519
0.9974021911621094
0.499416321341414
0.9994965195655823
0.0036481368937529624
0.4996582265084726
0.9994619250297546
0.9994915127754211
0.9984070360660553
0.9995080232620239
0.7546112934748331
0.9994981203760419
0.9993844429651896
0.9984107375144958
0.9714422821998596
0.9989475607872009
0.8002688114997
0.8555640650114843
0.9994732737541199
0.9993389248847961
0.6817866687973341
0.6661852243172083
0.5965483442800178
0.9994485974311829
0.7403313061222434
0.9988273978233337
0.9994719624519348
0.49974707841283816
3.620055031205993e-05
0.9721716642379761
0.9994344115257263
0.9802931944529215
0.9995189507802328
0.9989073957715716
0.6498530344222673
0.9954574704170227
0.9993702411651612
0.7523588216863573
0.529358446598053
0.998080313205719
0.9976235032081604
0.9832886457443237
