0.9877550005912781
0.9900755882263184
0.8302666872739792
0.9884150326251984
0.9994446635246277
0.028765684182872064
0.268148273229599
0.9994840621948242
0.5999952126119752
0.28224042686633766
0.6083390548825264
0.721130887667338
0.7480691022701649
0.562133980798535
0.8264885743459066
0.9979071617126465
0.9993008524179459
0.9992987662553787
0.9825426936149597
0.9989662170410156
0.7943081006407737
0.9963146150112152
0.42768713682224707
0.9987052381038666
0.49993016227381304
0.0001572028935091415
0.76148646697402
0.9995213747024536
0.9979672829310099
0.6644336191250962
0.9990842044353485
0.7950163744390011
0.2656523585319519
0.1610439121723175
0.3331870321526367
0.4456356713441589
0.9994651675224304
0.47401145893854846
0.9932587941487631
0.18132874305956648
0.33330983556516003
0.9987273663282394
0.33320822380725684
0.9989186525344849
0.8179813126722971
0.9995099902153015
0.9994764924049377
0.49999106806353666
0.9995080232620239
0.7314248002949171
0.9994847774505615
0.9993422826131185
0.021312134340405464
0.9995107650756836
0.7495634763799899
0.07695643126317009
0.6388653751579113
0.9994966685771942
0.9451293051242828
3.552361158654094e-05
0.666002186112261
0.2065940263288212
0.45098358647166087
0.00037223901017569005
0.0002563539892435074
0.5930608316654494
0.011529273353517056
0.40208649923442863
0.9979613572359085
0.9424719214439392
0.9995298981666565
0.6671493644535076
0.9792072772979736
0.5113977054134011
0.9963437616825104
0.999518871307373
0.7159360845883688
0.0004723600286524743
0.9979590624570847
0.4997866210887878
0.8029347449541092
0.9869276029723031
0.00015945802442729473
0.9911558628082275
0.42299514965270646
0.502240106256977
0.999478280544281
0.9994907379150391
0.9995005428791046
0.0001802440601750277
0.9994233846664429
0.9954647819201151
0.48909575026482344
0.6692817170793811
0.9993652701377869
0.74920178841694
0.8516904905970607
0.16570673103221148
0.7939625754952431
0.6754559776600217
0.9995198249816895
0.029650586751813535
0.7961844166740775
0.5300055555999279
0.9994365572929382
0.9992339015007019
0.681059098492066
0.999515692392985
0.4998073680271773
0.5002216019056505
0.5136928465217352
0.9994494318962097
0.7487049727933481
0.9992709755897522
3.4498214517952874e-05
0.9987351298332214
5.389845682657324e-05
0.9995230436325073
5.1125744600237034e-05
0.9994943141937256
0.7539292043074965
0.7060672138447573
0.4936771664797561
0.9525189161300659
0.4997730506984226
0.00011482941772555932
0.0015118587762117386
0.9994820654392242
0.6071529282693519
0.5055693576578051
0.7992584184859879
0.4821847230195999
0.5020624396274798
0.42983465229086243
0.5642362341708836
0.7494188973651035
0.692041551694274
3.557948730303906e-05
0.49980768412933685
0.4998959990334697
0.20089786774187815
0.9181886315345764
0.9993865609169006
0.9994966785113016
0.9993097186088562
0.9995132684707642
0.9987838268280029
0.9995197568620954
0.9992207487424215
0.5995350101191435
0.49937863696322893
0.9489310681819916
0.8009310053661466
0.8603986432509763
0.00022620111121796072
0.000712481967639178
0.5354764043780355
0.6661375139095375
0.6018774575088173
0.9972683191299438
0.9992977380752563
0.9994587302207947
0.524294063448906
0.5077975383028388
0.6770050761842867
3.348305472172797e-05
0.01264286506921053
0.6490932603677114
0.6059365196742874
0.993237452847617
0.21205072614829987
0.6664224640020014
0.9980879306793213
0.9730442315340042
0.25046788441977696
0.9992333054542542
0.5153586603701115
0.9879288077354431
