0.8641020059585571
0.9936954379081726
0.8060209676623344
0.4999599619914079
0.9987753033638
0.25323960025525594
0.0003576803719624877
0.9959262410799662
0.6045358944684267
0.25311701792634267
0.6103277364745736
0.9991838137308756
0.996921181678772
0.7493768840358825
0.9621527194976807
0.9979071617126465
0.9962407648563385
0.9992690980434418
0.9720408320426941
0.00024281092919409275
0.45498655962583145
0.25005212955238676
3.5252930891666825e-05
0.9374936521053314
0.6027520000934601
6.775200502791752e-05
0.7588156387209892
0.9994165897369385
0.9934397538503011
0.33981655271782074
0.9985405802726746
0.8002312704920769
3.8130005123093724e-05
0.9989131689071655
0.33307943583713495
0.9443121155103048
3.5453556847642176e-05
0.9492413699626923
0.33400920854182914
3.609875238907989e-05
0.3339278618126021
0.9964631944894791
0.00010329998015852955
0.9994350075721741
0.998744527498881
0.999414324760437
0.9994764924049377
0.49632992372789886
0.9995138645172119
0.747810966335237
0.9994847774505615
0.9992225170135498
0.5028336048126221
0.9989761114120483
0.9969225972890854
0.002184296667110175
0.7614839893038152
0.5227183420211077
0.9994843602180481
0.0007374780834652483
0.010339230958682796
0.6575986963842297
0.8472482705089662
0.0034886926938876663
0.9656782150268555
0.6497216590990623
0.9753000140190125
0.39956696946319425
0.997471958398819
0.9945480585098266
0.9989719986915588
0.5614878547688326
0.9136108954747518
0.07770385220646858
0.99735027551651
0.9992958605289459
0.9994621475537618
0.997295081615448
0.8230655863881111
9.042563760885969e-05
0.5998304815264419
0.9577621562140328
0.9955944418907166
0.5822805240750313
0.4066465760115534
0.4997361162577363
0.9994906187057495
0.9994593262672424
0.5091360695660114
3.8576727092731744e-05
0.9991052448749542
0.9890862107276917
0.5032889021094888
0.6783491782844067
0.05380716919898987
0.7684825789183378
0.8169759230472015
0.00019465319686181223
0.7523231296800077
4.9773307788806655e-05
0.006563881877809763
0.0025756120497438437
0.6808249175548553
0.9982623159885406
0.9994387030601501
0.9985384345054626
0.34109861473795416
0.6892258847753207
0.24995667906659946
0.2777405437082052
0.999364584684372
0.9985957741737366
0.7495306219188933
4.934287062496878e-05
3.47638015227858e-05
0.9994507431983948
0.00010505243699299172
0.9994162917137146
8.842138292190309e-05
0.9983672499656677
0.9980944991111755
0.7089789353485685
0.49950475896912394
0.3866072711694869
0.5150716612115502
0.0008750453125685453
9.697733185021207e-05
0.9993093013763428
0.593741961014166
0.7661730255931616
0.7851632014615462
0.4821847230195999
0.5164270153036341
0.42916408285704427
0.7171291448259061
0.45532833335528267
0.0005840039157192223
0.0019531669095158577
0.9969371855258942
0.519223764538765
0.4892302118241787
0.4996582265084726
0.9990109324455261
0.9994933803876241
0.9993699789047241
0.9995225071907043
0.9954584240913391
0.584143188557521
0.9989729921023051
0.6419680058956146
0.9924318343400955
0.99695885181427
0.8001192079856991
0.8462703935012021
0.007896278984844685
0.9986656904220581
0.6634141726729771
0.6662587448166354
0.5928063556646521
0.11891809105873108
0.9988718032836914
0.00030064958264119923
0.9914401173591614
0.5176809914410114
0.00013435146320261993
0.05154668539762497
0.002223712857812643
0.9825908740361532
0.999442974726359
0.9765755363873073
3.7126457755221054e-05
0.24364119888438532
0.7994855458426173
0.7586427927017212
0.7237157150229905
0.9985223412513733
0.5405281707644463
0.9379370411237081
