0.9877550005912781
0.997295469045639
0.8103795364499092
0.0015871770956437103
0.9994243383407593
0.5090929340803996
0.9994947910308838
0.9994675715764364
0.9468482494354248
0.7294741431251168
0.407647898606956
0.9991838137308756
0.7522124070674181
0.7272882708348334
0.9747554461161295
0.9979071617126465
0.9993185549974442
0.986749917268753
0.937280535697937
0.9994292855262756
0.20325994442755474
0.9989631175994873
0.4300459152935738
0.9505850374698639
0.5281072072684765
0.6662944409363263
0.7565098749473691
0.999515175819397
0.8325906669779215
0.9995124340057373
0.9994414150714874
0.99903604388237
0.0012475068215280771
0.9994331002235413
0.9958053429921468
0.954301675160726
0.9916914105415344
0.9736116528511047
0.9994138677914938
0.3348350687332034
0.44714203538993996
0.9979439079761505
0.682807040711244
0.9992833733558655
0.986002504825592
0.9995114803314209
0.9994613528251648
0.49979491951307864
0.9995082020759583
0.5020662418100983
0.9994847774505615
0.9992101192474365
0.5363794565200806
0.9995180368423462
0.2600033897324465
0.9889250993728638
0.9775753021240234
0.9994801580905914
0.9994780123233795
0.9995042085647583
0.9994800488154093
0.696668700844748
0.8503843858571989
0.05142995524996271
0.9491943120956421
0.8239025197302302
0.9994649291038513
0.40190049102238845
0.9894875437021255
0.8050306495279074
0.9969061017036438
0.832857107383461
0.8290595650711717
0.5060979193076491
0.9980002045631409
0.9993544220924377
0.9994188547134399
0.9985688924789429
0.9974122196435928
0.999394953250885
0.9958806753158569
0.9991015195846558
0.9967597126960754
0.5315338224172592
0.4196277747745626
0.6957690540002659
0.9991531372070312
0.9994639754295349
0.99947190284729
0.999481588602066
0.9994232058525085
0.6635905920217434
0.9992269277572632
0.9975329637527466
0.9993652701377869
0.9992332756519318
0.6809860632139524
0.6663652523432878
0.9974824637174606
0.5008656899517518
0.9995119571685791
0.9973737994829813
0.7133800227195024
0.9994469285011292
0.9994365572929382
0.9991185069084167
0.9994253317515055
0.9995006124178568
0.7387154673742771
0.9987315088510513
0.999364584684372
0.9994494318962097
0.998749241232872
0.9994704127311707
0.9995156526565552
0.9994474053382874
0.9994879961013794
0.9993842244148254
0.9994574189186096
0.9995057582855225
0.9990489631891251
0.5707984725533086
0.4983719398805988
0.8019767289981246
0.9993397295475006
0.00011482941772555932
0.9893049001693726
0.9992960393428802
0.40379735248934595
0.9138436615467072
0.5996646176936338
0.4821847230195999
0.755093642976135
0.5716012270713691
0.714534705398754
0.9964121878147125
0.8292684100160841
0.9974021911621094
0.9986886382102966
0.9988740682601929
0.8012536406517029
0.4993846479628701
0.9994441986083984
0.9994933803876241
0.9984070360660553
0.999512791633606
0.98827197154363
0.8567511261353502
0.9993796745936075
0.9248864650726318
0.913370743393898
0.9989475607872009
0.8051504749804735
0.8425608228327681
0.9934049248695374
0.99910968542099
0.6796113488574823
0.6662587448166354
0.40289667186734734
0.9972683191299438
0.9993992149829865
0.9994587302207947
0.99944207072258
0.9992877244949341
0.7495978893421125
0.008366072550415993
0.999503493309021
0.971790095170339
0.9995131293932596
0.8426373920852451
0.6539163417066447
0.6778505742549896
0.9990323781967163
0.7536382586695254
0.7316160872578621
0.9994719326496124
0.997838020324707
0.903082807858785
