0.4969899356365204
0.9900755882263184
0.7993783211539267
0.0010447280656080693
0.005878281779587269
0.0001271406099476735
0.404222309589386
0.9994678497314453
0.6052140541054541
0.00024060418763838243
0.59600666789338
0.9985523422559103
0.25624789355242683
0.000387960340049176
0.7184509585301081
0.9979071617126465
0.999183401465416
0.9990495592355728
0.39991433469986076
0.9994292855262756
0.8000005399808288
0.48959615628609754
3.508495709476327e-05
0.9505850374698639
0.4997373067999433
9.175133527605794e-05
0.7839735075831413
0.9994165897369385
0.9976651072502136
0.5697282620045977
7.988837023731321e-05
0.4996882564837506
7.713205559412017e-05
0.9991512298583984
0.33319086641980294
0.9443121155103048
9.77339077508077e-05
0.9244000464677811
0.3331733505268251
3.5483474372692093e-05
0.0036708909489486055
0.9989605844020844
0.0005416887870524079
3.9769372961018234e-05
0.9834714929262797
0.9985705316066742
0.9994764924049377
4.76455479656579e-05
0.9995138645172119
0.7422556760720909
0.9994847774505615
0.9992260138193766
9.708244760986418e-05
4.28469356847927e-05
0.48155476279316645
0.5005585893522948
0.40593928181842787
0.49978048263437813
0.5407624021172523
9.491951641393825e-05
0.33318092576397856
0.20033060525311158
0.8514752018464995
0.0004147745700417242
0.9380293488502502
0.8209193473060926
0.9995088577270508
0.4009204538204358
0.9985647946596146
0.7994934254231338
0.4997755921049247
4.2073790003390364e-05
0.8319591196874777
0.2895699697546661
0.9908139208952585
0.9992453157901764
0.9290627439816793
0.0153449522331357
0.7540633291937411
7.340271258726716e-05
3.8091035821707917e-05
0.8571169804781675
0.8461048007011414
0.5230147130787373
0.4040594788501039
6.111562925070757e-05
0.9989206790924072
0.9991481304168701
0.0011408958343963604
4.0974771764012985e-05
6.587423195014708e-05
0.6717034913599491
0.4996702561911661
0.9994749824206034
0.9993471503257751
0.49574648690941103
0.4287089832266377
0.000347439374915363
0.49978298515907227
3.5305364387265094e-05
0.002132834866642952
0.6667872796145579
0.6743196649011225
0.9989835917949677
0.9950267672538757
0.9991185069084167
7.4514172107835e-05
4.644359311593386e-05
0.0020565294407788315
0.997663676738739
0.9993533492088318
0.9993734955787659
0.7489061594133091
8.479349344270304e-05
3.544273931765929e-05
0.9994459748268127
0.0037861946038901806
0.9923660159111023
4.812204982348097e-05
0.9983672499656677
0.998072162270546
0.7121783017261935
0.4991276700166054
0.8108579181134701
0.9993397295475006
4.998136137146503e-05
3.499240483506583e-05
0.9992960393428802
0.6014650023222202
0.9917032271623611
0.7968781085146475
0.4821847230195999
0.9861433655023575
0.5715052571738072
0.7144510520437117
0.0003613623730416293
0.8459949220220248
3.7923269701423123e-05
0.5012171762064099
0.008270668735349318
0.20644169901352144
7.53782042011153e-05
0.9939165472984314
0.9994924267133077
0.9993699789047241
0.9995285272598267
0.9914483626683553
4.4058100944052315e-05
5.898475016389663e-05
0.9987280488014221
0.3300243457852048
0.9986261129379272
0.804952296614647
0.856322144956461
0.9884088635444641
0.9530697464942932
4.131121386308223e-05
0.6662010229071408
0.5950157103266974
9.717524517327547e-05
0.9991443008184433
0.999445378780365
0.0001014670888253022
0.49993268244725186
3.563017526175827e-05
0.9995017051696777
0.999503493309021
0.973312517007192
0.9995230436325073
0.9987003122057233
3.6459868715610356e-05
0.00021790455017859736
0.9983391523361206
0.762781354598701
0.256528947440529
6.468006540671922e-05
9.031975787365809e-05
0.9796497623125712
