0.9809078574180603
0.9900755882263184
0.7862452864646912
0.9762775599956512
0.999454915523529
0.8987282514572144
0.9994947910308838
0.9993672370910645
0.8004904334433377
0.241320431814529
0.6029177102260291
0.9992649356524149
0.7548149041831493
0.5082296433392912
0.8261509339014689
0.9979071617126465
0.9991654753684998
0.9988101273775101
0.8004668187350035
0.9994301199913025
0.7984933434519916
0.9929786175489426
0.856583275616036
0.9970641732215881
0.5034115903545171
0.9962449471155802
0.8247980698943138
0.999515175819397
0.9993355770905813
0.9995136260986328
0.9994410574436188
0.9990192204713821
0.021964892745018005
0.9994331002235413
0.9893896579742432
0.9673747221628824
0.9899991750717163
0.9947829097509384
0.9994407296180725
0.5052510415359089
0.3520593314121167
0.9987618178129196
0.6718915489812692
0.9994679689407349
0.9991646607716879
0.9995114803314209
0.9994764924049377
0.5030044552404433
0.9995085597038269
0.7561696078628302
0.9994847774505615
0.9992101192474365
0.9994654059410095
0.999512791633606
0.7691586781293154
0.9768795073032379
0.9967356562614441
0.9995043873786926
0.9994958341121674
0.9141892790794373
0.9993760784467062
0.5857792603492271
0.851943945894683
0.06438582309056073
0.8678601980209351
0.8248718288474871
0.009881683625280857
0.3915201880648965
0.9961202591657639
0.842306038737297
0.9995295405387878
0.7331113309307208
0.995313843091329
0.9993880093097687
0.998002161582311
0.9993729591369629
0.9994651277860006
0.9985688924789429
0.9974179416894913
0.9993908405303955
0.9214979529380798
0.713376967640735
0.9988760352134705
0.645357683300972
0.42636508393334227
0.7498685623286292
0.999478280544281
0.9994639754295349
0.9994561970233917
0.9994765818119049
0.9991052448749542
0.6690578485528628
0.9994170665740967
0.9994312326113383
0.9994248151779175
0.996320903301239
0.8555063695447254
0.6712947517007706
0.9910266399383545
0.6564948312758739
0.9995119571685791
0.99508269627889
0.8004146405495703
0.9994603991508484
0.9994365572929382
0.9991185069084167
0.9990837574005127
0.9995025197664896
0.96236652135849
0.998775914311409
0.999364584684372
0.9994494318962097
0.9982570707798004
0.999321460723877
0.9995156526565552
0.9994474053382874
0.9994879961013794
0.9994794428348541
0.999417225519816
0.9995057582855225
0.9988950788974762
0.7141115145625788
0.4988405179610709
0.820053468644619
0.9993397295475006
0.00011482941772555932
0.9888567328453064
0.9992960393428802
0.5900537152934703
0.7577451607212424
0.7955337516672444
0.4821847230195999
0.7498689112253487
0.7103358414361927
0.714334806280801
0.7496224339265609
0.8636980901161829
0.9974021911621094
0.9981539845466614
0.9992914199829102
0.0044723526552843396
0.49936512503336417
0.9994747042655945
0.9994933803876241
0.9984070360660553
0.9995324611663818
0.9984673857688904
0.8540308023033764
0.9993077516555786
0.9986460685729981
0.9989143759012222
0.9992179870605469
0.8004713580943644
0.8554629641101721
0.9989219903945923
0.9994446635246277
0.8926067153612772
0.6662032320746221
0.5918589900400548
0.9972683191299438
0.9990777224302292
0.9994587302207947
0.9937758147716522
0.9994521141052246
0.7496179911286163
0.01182676199823618
0.999503493309021
0.9841923316319784
0.9995145003000895
0.9982850125857762
0.6699414375048945
0.40645451929109794
0.9993213534355163
0.7501281173317693
0.5081109936872963
0.9914292991161346
0.997838020324707
0.7663479546705881
