9.158399916486815e-05
0.996105819940567
0.9283871531486512
0.9991002082824707
0.9994913339614868
0.980386346578598
0.9994491934776306
0.9993228713671366
0.49911664687097074
0.9393374621868134
0.4619131272658706
0.9990145762761434
0.9987896680831909
0.7558405660092831
0.8011054992675781
0.9979071617126465
0.9952141493558884
0.9993009716272354
0.9982417583465576
0.9993976354598999
0.8025647900998593
0.999238446354866
0.8565936996684675
0.9682442545890808
0.5018819095566869
0.9917045632998148
0.8003996908664703
0.9994325041770935
0.9883066415786743
0.9995025595029196
0.9988419413566589
0.9972496926784515
0.1923663467168808
0.9994331002235413
0.33317373745982576
0.99554971853892
0.991597056388855
0.9972107261419296
0.9127950270970663
0.667075197561644
0.33956598793156445
0.9994947463274002
0.6663989760757735
0.9994113445281982
0.9987560113271078
0.9995297789573669
0.9994661211967468
0.9994296133518219
0.9994795620441437
0.5603882379364222
0.9994814991950989
0.9993870258331299
0.9994186162948608
0.9995073080062866
0.9717581421136856
0.9989983439445496
0.9990344405174255
0.9995158910751343
0.9995034635066986
0.9994913339614868
0.9994431734085083
0.6001625633318326
0.8513758282310196
0.0007001406726582596
0.9993857145309448
0.8228631812768678
0.9995311498641968
0.3994452867009386
0.9994578659534454
0.8260978907346725
0.9995213150978088
0.9113817910353342
0.9785894155502319
0.9993663132190704
0.9991580247879028
0.9994406402111053
0.9994779229164124
0.9988603591918945
0.9961568713188171
0.9995272159576416
0.9933685898780823
0.9831787773541042
0.9993267059326172
0.6410065591335297
0.4141477726028825
0.9985717236995697
0.9991291165351868
0.9699678421020508
0.9994871318340302
0.9994370639324188
0.9994403421878815
0.6606257352007864
0.9994885623455048
0.999508003393809
0.9988065958023071
0.9976776242256165
0.8580028587686164
0.8307627029716969
0.9904510229825974
0.8330701844145855
0.9994995594024658
0.9987097581227621
0.7639768519438803
0.9994469285011292
0.9994365572929382
0.999444842338562
0.9994692007700602
0.9995090961456299
0.7477550031617284
0.7497122742934152
0.9993866384029388
0.9994365572929382
0.7494767813732324
8.476931543555111e-05
0.999505877494812
0.9994606375694275
0.999471127986908
0.9993528425693512
0.9995007713635763
0.9994737505912781
0.9978199601173401
0.7119360216056521
0.0014747261011507362
0.933869993686676
0.6174046471714973
0.00011482941772555932
0.999146580696106
0.9990096688270569
0.5991748999178526
0.9990991055965424
0.7810675946631818
0.5073731280863285
0.691327583277598
0.7127490800807469
0.7136271123183958
0.784953199326992
0.937652051448822
0.997302770614624
0.9980911910533905
0.9994458258152008
0.6095938216894865
0.5072538750246167
0.9985895991325379
0.9994298418362936
0.49966484460128413
0.9995002448558807
0.6642682043093373
0.9994160532951355
0.9948134024937948
0.5830203240737319
0.9988147765398026
0.9990176856517792
0.8001080054789782
0.8563173524370151
0.9994462132453918
0.9993906021118164
0.9432403842608134
0.6660675347181192
0.5940233809589699
0.9711211919784546
0.7752362359315157
0.9994957447052002
0.9994995296001434
0.9993342459201813
0.7496455601976777
0.9992433786392212
0.01264286506921053
0.9961593349774679
0.9995183746019999
0.997613651411874
0.6033494999050163
0.9993792772293091
0.9964183092117309
0.981716513633728
0.5009856172328
0.9992453455924988
0.998633623123169
0.9873762528101603
