0.9809078574180603
0.9973479807376862
0.7942104214802385
0.512106467038393
0.9994913339614868
0.7256772518157959
0.9994947910308838
0.9994383653004965
0.803618212044239
0.7611085269600153
0.6049949612468482
0.9990440209706625
0.9964197725057602
0.7420456783729605
0.7157743771870931
0.9978087544441223
0.9992967844009399
0.9965827465057373
0.9700176000595093
0.9994292855262756
0.40015186326636465
0.2542795888875844
0.5712962445229225
0.9505850374698639
0.5027858861722052
0.6663583050491676
0.8740055114030838
0.999515175819397
0.3328796568033188
0.9994949499766032
0.9991223216056824
0.9984102994203568
0.06025956571102142
0.9993939399719238
0.9836447238922119
0.9782333175341288
0.9899991750717163
0.49389091500779614
0.333535523697113
0.6651148628722391
0.3409425374120474
0.9989605844020844
0.6683962161963185
0.999020516872406
0.9927264849344889
0.9994933307170868
0.9994520545005798
0.0007542639250459615
0.9995090961456299
0.7490145806223154
0.9992490410804749
0.9992101192474365
0.99932861328125
0.9995180368423462
0.7531320918351412
0.9975883364677429
0.9612659692764283
0.999096006155014
0.999475508928299
0.966308057308197
0.34395773615688086
0.7010597777858493
0.854440518787929
0.0015295749569001298
0.9976463913917542
0.8256532567902468
0.9994935989379883
0.0027109694841783495
0.9957789927721024
0.8134592607617378
0.9962851107120514
0.9885705510775248
0.6672260096699271
0.9993216097354889
0.9991184870402018
0.9993544220924377
0.9994050065676371
0.9985688924789429
0.7478270120918751
0.999394953250885
0.8308330595493316
0.8542272466895936
0.9991053938865662
0.8300014436244965
0.41557781214942224
0.6526489408570342
0.9989206790924072
0.9994639754295349
0.9994733929634094
0.999481588602066
0.9994232058525085
0.647927795847257
0.9992962777614594
0.9994946718215942
0.9994248151779175
0.9987156987190247
0.2872336342458896
0.66739790753248
0.9970191866159439
3.7328672381894044e-05
0.9994412064552307
0.9751631220181783
0.5939756011779537
0.9994168877601624
0.9994365572929382
0.9991185069084167
0.9986631472905477
0.9995025197664896
0.7956058047711849
0.9985437542200089
0.9992724657058716
0.9994494318962097
0.748419414368982
0.9992709755897522
0.9995156526565552
0.999420553445816
0.9994879961013794
0.999470442533493
0.9994840621948242
0.9994913339614868
0.9988840371370316
0.28592483346022035
0.48693055295734666
0.9119760632514954
0.9993397295475006
0.00011482941772555932
0.9893049001693726
0.9991942644119263
0.2023378201527521
0.7002783642928989
0.5996148256250308
0.4755882672034204
0.7495060774963349
0.14503084042995137
0.715427042837421
0.9984908849000931
0.6614655865802584
0.9974021911621094
0.9986886382102966
0.9995144009590149
0.3993450589267013
0.4996582265084726
0.9994599223136902
0.9994933803876241
0.9977422952651978
0.9995080232620239
0.9865989287694296
0.7094845101112567
0.9993796745936075
0.45028244332934264
0.9932221919298172
0.9990282356739044
0.40004010846896565
0.2831766248283592
0.9989219903945923
0.9993389248847961
0.6653924097772688
0.6662032320746221
0.20230803951271809
0.9972683191299438
0.7508189702639356
0.9911924004554749
0.9937758147716522
0.9993404448032379
0.7487189694074914
0.9984968900680542
0.0061132218688726425
0.9836292664210001
0.9995176792144775
0.28323230159315116
0.5984904375218321
0.029016659517462056
0.5994113710701641
0.7581597687676549
0.5069874028558843
0.9994719326496124
0.7745558321475983
0.7663479546705881
