0.9504648447036743
0.9937436878681183
0.6214141144417227
0.4978834241628647
0.9989699125289917
0.24616084104582114
0.9988574981689453
0.999465823173523
0.4186599364751601
0.023510826285928488
0.4104901302431244
0.9993179043134054
0.4974789942607458
0.5877923510270193
0.6924495920538902
0.9979071617126465
0.5014202215606929
0.9955736547708511
0.4495670467033051
0.9994301199913025
0.5902459637261928
0.24982055000873515
0.295628299362891
0.5086654396727681
0.499959364940878
0.6688221134245396
0.2540768521139398
0.999515175819397
0.3344754842704181
0.9994968771934509
0.5756955370306969
0.7460650841940151
0.1515568047761917
0.9994331002235413
0.3388214931813612
0.6510319813484481
0.9949663579463959
0.9951265603303909
0.6663486927548851
0.17079070151521591
0.008810223051114008
0.7510344170732424
0.33318345742857974
0.5321429222822189
0.8421114285786947
0.9995315670967102
0.9994423985481262
0.4997731513249164
0.9995085597038269
0.5060264727799222
0.9994847774505615
0.9992101192474365
0.9991269707679749
0.999504804611206
0.5059456131029947
0.9954832196235657
0.5960767070413567
0.5002351419825573
0.49975149423516996
0.9907203912734985
0.66766198258847
0.22947628014080693
0.7082177964693983
0.01987898239652471
0.9965567588806152
0.8217867502826266
0.0019489912083372474
0.4001978701679036
0.4862002780146213
0.19999549397980446
0.5008517510723323
0.5040298126035244
0.6606306741014123
0.5003049511578865
0.6680328996559789
0.9992825388908386
0.9994625449180603
0.9902123808860779
0.7619820535182953
0.9987768828868866
0.6012987354130018
0.7134052324410212
0.9990535378456116
0.645357683300972
0.324521101359278
0.49933432957368495
0.9991531372070312
0.9994679093360901
0.9995241165161133
0.5414181388914585
0.9993443489074707
0.6614005943993106
0.0003323769742564764
0.6663390728863305
0.9994248151779175
0.7491718978781137
0.5724640115861673
0.33536910179160867
0.258473476643303
0.499842951062116
0.9995013475418091
0.6614363395759332
0.40112229037331415
0.00042872154153883457
0.9994707703590393
0.9991185069084167
0.8765773177146912
0.9995148976643881
0.7337680404953062
0.2500853754927448
0.999356210231781
0.9994494318962097
0.49977452060102223
0.781607449054718
0.999505877494812
0.9994456171989441
0.9992716908454895
0.9994184672832489
0.6745799823353688
0.9994351267814636
0.7490873324459244
0.28803651627770577
0.30734172313714225
0.20001647157187108
0.1522637112193479
0.00028447125805541873
0.9888567328453064
0.9992960393428802
0.5992806841721177
0.6735596049620654
0.7982282744153053
0.4821847230195999
0.32824216434437403
0.4241577552919417
0.6850836881473826
0.5001763527579897
0.49210049851050525
0.8965563774108887
0.49903764051850885
0.9991729259490967
0.03938823840580881
0.4992685999823152
0.8260838121175766
0.9994286894798279
0.8118730783462524
0.999512255191803
0.999148945013682
0.4423646733131526
0.6660528660189206
0.6128133455167699
0.9992270916700363
0.7772484421730042
0.8001438320614398
0.4444729202888474
0.9995056390762329
0.9989078044891357
0.3834841515417793
0.3331329260448304
0.5995734463969711
0.9988279938697815
0.7511899904347956
0.0016916516469791532
0.49992296074924525
0.0009087680300581269
0.499936091080599
0.9994148015975952
0.999503493309021
0.644896477960477
0.6664145470761772
0.28790224739194464
0.39954135687003145
0.6666994047506402
0.7978890846366994
0.8151882141828537
0.5026774103343996
0.9761040210723877
0.9882588684558868
0.7127698709567388
